update_time,Shaanxi_deaths,Hubei_latitude,Hubei_longitude,Beijing_latitude,Beijing_longitude,Guangxi_latitude,Guangxi_longitude,Shanghai_latitude,Shanghai_longitude,Jiangxi_latitude,Jiangxi_longitude,Anhui_latitude,Anhui_longitude,Shandong_latitude,Shandong_longitude,Fujian_latitude,Fujian_longitude,Jiangsu_latitude,Jiangsu_longitude,Jiangsu_deaths,Hainan_latitude,Hainan_longitude,Tianjin_latitude,Tianjin_longitude,Shaanxi_latitude,Shaanxi_longitude,Yunnan_latitude,Yunnan_longitude,Liaoning_latitude,Liaoning_longitude,Heilongjiang_latitude,Heilongjiang_longitude,Guizhou_latitude,Guizhou_longitude,Jilin_latitude,Jilin_longitude,Xinjiang_latitude,Xinjiang_longitude,Ningxia_latitude,Ningxia_longitude,Ningxia_deaths,Hebei_latitude,Hebei_longitude,Gansu_latitude,Gansu_longitude,Macau_deaths,Shanxi_latitude,Shanxi_longitude,Shanxi_deaths,Inner Mongolia_latitude,Inner Mongolia_longitude,Inner Mongolia_deaths,Qinghai_latitude,Qinghai_longitude,Qinghai_deaths,Tibet_latitude,Tibet_longitude,Tibet_deaths,Washington_latitude,Washington_longitude,Washington_confirmed_cases,Washington_deaths,Washington_recovered,Chicago_latitude,Chicago_longitude,Chicago_confirmed_cases,Chicago_deaths,Chicago_recovered,Illinois_latitude,Illinois_longitude,Illinois_deaths,Illinois_recovered,California_latitude,California_longitude,California_confirmed_cases,California_deaths,California_recovered,Arizona_latitude,Arizona_longitude,Arizona_confirmed_cases,Arizona_deaths,Arizona_recovered,Ontario_latitude,Ontario_longitude,Ontario_deaths,Ontario_recovered,New South Wales_latitude,New South Wales_longitude,New South Wales_confirmed_cases,New South Wales_deaths,Victoria_latitude,Victoria_longitude,Victoria_deaths,Bavaria_latitude,Bavaria_longitude,Bavaria_deaths,Bavaria_recovered,British Columbia_latitude,British Columbia_longitude,British Columbia_deaths,British Columbia_recovered,Queensland_latitude,Queensland_longitude,Queensland_deaths,South Australia_latitude,South Australia_longitude,South Australia_deaths,"Chicago, IL_latitude","Chicago, IL_longitude","Chicago, IL_confirmed_cases","Chicago, IL_deaths","Boston, MA_latitude","Boston, MA_longitude","Boston, MA_confirmed_cases","Boston, MA_deaths","Boston, MA_recovered","Seattle, WA_latitude","Seattle, WA_longitude","Seattle, WA_confirmed_cases","Seattle, WA_deaths","Tempe, AZ_latitude","Tempe, AZ_longitude","Tempe, AZ_confirmed_cases","Tempe, AZ_deaths","Los Angeles, CA_latitude","Los Angeles, CA_longitude","Los Angeles, CA_confirmed_cases","Los Angeles, CA_deaths","Los Angeles, CA_recovered","Orange, CA_latitude","Orange, CA_longitude","Orange, CA_confirmed_cases","Orange, CA_deaths","Orange, CA_recovered","Santa Clara, CA_latitude","Santa Clara, CA_longitude","Santa Clara, CA_deaths","San Benito, CA_latitude","San Benito, CA_longitude","San Benito, CA_confirmed_cases","San Benito, CA_deaths","San Benito, CA_recovered","London, ON_latitude","London, ON_longitude","London, ON_confirmed_cases","London, ON_deaths","Toronto, ON_latitude","Toronto, ON_longitude","Toronto, ON_deaths","Madison, WI_latitude","Madison, WI_longitude","Madison, WI_confirmed_cases","Madison, WI_deaths","Madison, WI_recovered",Cruise Ship_latitude,Cruise Ship_longitude,Cruise Ship_confirmed_cases,Cruise Ship_deaths,Cruise Ship_recovered,Diamond Princess cruise ship_latitude,Diamond Princess cruise ship_longitude,"San Diego County, CA_latitude","San Diego County, CA_longitude","San Diego County, CA_deaths","San Antonio, TX_latitude","San Antonio, TX_longitude","San Antonio, TX_confirmed_cases","San Antonio, TX_deaths","San Antonio, TX_recovered","Humboldt County, CA_latitude","Humboldt County, CA_longitude","Humboldt County, CA_confirmed_cases","Humboldt County, CA_deaths","Humboldt County, CA_recovered",From Diamond Princess_deaths,From Diamond Princess_recovered,None_deaths,None_recovered,"Sacramento County, CA_latitude","Sacramento County, CA_longitude","Sacramento County, CA_confirmed_cases","Sacramento County, CA_deaths","Sacramento County, CA_recovered","Ashland, NE_latitude","Ashland, NE_longitude","Ashland, NE_confirmed_cases","Ashland, NE_deaths","Ashland, NE_recovered","Travis, CA_latitude","Travis, CA_longitude","Travis, CA_confirmed_cases","Travis, CA_deaths","Travis, CA_recovered","Lackland, TX_latitude","Lackland, TX_longitude","Lackland, TX_confirmed_cases","Lackland, TX_deaths","Lackland, TX_recovered","Travis, CA (From Diamond Princess)_latitude","Travis, CA (From Diamond Princess)_longitude","Travis, CA (From Diamond Princess)_deaths","Travis, CA (From Diamond Princess)_recovered","Lackland, TX (From Diamond Princess)_latitude","Lackland, TX (From Diamond Princess)_longitude","Lackland, TX (From Diamond Princess)_deaths","Lackland, TX (From Diamond Princess)_recovered","Omaha, NE (From Diamond Princess)_latitude","Omaha, NE (From Diamond Princess)_longitude","Omaha, NE (From Diamond Princess)_deaths","Omaha, NE (From Diamond Princess)_recovered",Unassigned Location (From Diamond Princess)_latitude,Unassigned Location (From Diamond Princess)_longitude,Unassigned Location (From Diamond Princess)_confirmed_cases,Unassigned Location (From Diamond Princess)_deaths,Unassigned Location (From Diamond Princess)_recovered,Guangdong_latitude,Guangdong_longitude,Zhejiang_latitude,Zhejiang_longitude,Chongqing_latitude,Chongqing_longitude,Hunan_latitude,Hunan_longitude,Sichuan_latitude,Sichuan_longitude,Henan_latitude,Henan_longitude,From Diamond Princess_latitude,Zhejiang_deaths,Yunnan_deaths,Guangdong_confirmed_cases,Zhejiang_confirmed_cases,Chongqing_confirmed_cases,Hunan_confirmed_cases,Henan_confirmed_cases,Hebei_confirmed_cases,South Australia_recovered,"Santa Clara, CA_recovered",Fujian_confirmed_cases,Jiangsu_recovered,Hong Kong_recovered,Liaoning_deaths,Beijing_confirmed_cases,Guangxi_recovered,Shanghai_deaths,Anhui_deaths,Anhui_recovered,Sichuan_recovered,Shandong_confirmed_cases,Shandong_deaths,Fujian_recovered,Hainan_confirmed_cases,Tianjin_recovered,Shaanxi_confirmed_cases,Heilongjiang_confirmed_cases,Heilongjiang_recovered,Xinjiang_recovered,Hebei_deaths,Hebei_recovered,Gansu_deaths,Inner Mongolia_confirmed_cases,Guangdong_deaths,Guangdong_recovered,Zhejiang_recovered,Beijing_deaths,Shanghai_confirmed_cases,Jiangxi_deaths,Anhui_confirmed_cases,Sichuan_deaths,Shandong_recovered,Henan_recovered,Jiangsu_confirmed_cases,Hainan_recovered,Shaanxi_recovered,Liaoning_confirmed_cases,Heilongjiang_deaths,Jilin_recovered,Xinjiang_confirmed_cases,Xinjiang_deaths,Gansu_confirmed_cases,Beijing_recovered,Chongqing_deaths,Chongqing_recovered,Hunan_deaths,Hunan_recovered,Shanghai_recovered,Sichuan_confirmed_cases,Yunnan_confirmed_cases,Guizhou_confirmed_cases,Jilin_deaths,Guangxi_confirmed_cases,Guangxi_deaths,Hainan_deaths,Liaoning_recovered,Diamond Princess cruise ship_recovered,Fujian_deaths,"Tempe, AZ_recovered",New South Wales_recovered,"Chicago, IL_recovered","Seattle, WA_recovered","London, ON_recovered",None_confirmed_cases,"Travis, CA (From Diamond Princess)_confirmed_cases","Lackland, TX (From Diamond Princess)_confirmed_cases","Omaha, NE (From Diamond Princess)_confirmed_cases",Victoria_recovered,From Diamond Princess_confirmed_cases,Ontario_confirmed_cases,From Diamond Princess_longitude,None_longitude,Illinois_confirmed_cases,Bavaria_confirmed_cases,None_latitude,Queensland_recovered,Hubei_confirmed_cases,Hubei_deaths,Hubei_recovered,Jiangxi_confirmed_cases,Jiangxi_recovered,Henan_deaths,Tianjin_confirmed_cases,Tianjin_deaths,Yunnan_recovered,Hong Kong_latitude,Hong Kong_longitude,Hong Kong_confirmed_cases,Hong Kong_deaths,Guizhou_deaths,Guizhou_recovered,Jilin_confirmed_cases,Taiwan_latitude,Taiwan_longitude,Taiwan_confirmed_cases,Taiwan_deaths,Taiwan_recovered,Ningxia_confirmed_cases,Ningxia_recovered,Gansu_recovered,Macau_latitude,Macau_longitude,Macau_confirmed_cases,Macau_recovered,Shanxi_confirmed_cases,Shanxi_recovered,Inner Mongolia_recovered,Qinghai_confirmed_cases,Qinghai_recovered,Tibet_confirmed_cases,Tibet_recovered,Victoria_confirmed_cases,British Columbia_confirmed_cases,Queensland_confirmed_cases,South Australia_confirmed_cases,"Santa Clara, CA_confirmed_cases","Toronto, ON_confirmed_cases","Toronto, ON_recovered",Diamond Princess cruise ship_confirmed_cases,Diamond Princess cruise ship_deaths,"San Diego County, CA_confirmed_cases","San Diego County, CA_recovered"
2020-02-26 03:00:00,0.13811388704023125,34.51509659875119,100.28298167458587,34.5150965987512,100.28298167458587,34.51509659875121,100.28298167458586,34.51509659875119,100.28298167458587,34.5150965987512,100.28298167458588,34.5150965987512,100.2829816745859,34.5150965987512,100.28298167458588,34.5150965987512,100.28298167458587,34.5150965987512,100.28298167458587,0.0,34.5150965987512,100.28298167458584,34.5150965987512,100.28298167458587,34.5150965987512,100.28298167458587,34.515096598751185,100.28298167458584,34.5150965987512,100.28298167458586,34.515096598751185,100.28298167458588,34.5150965987512,100.28298167458588,34.5150965987512,100.28298167458588,34.515096598751185,100.28298167458587,34.515096598751185,100.28298167458587,0.0,34.51509659875121,100.28298167458587,34.5150965987512,100.28298167458588,0.0,34.51509659875121,100.28298167458584,0.0,34.5150965987512,100.28298167458586,0.0009395811765651723,34.515096598751185,100.28298167458588,0.0,34.515096598751185,100.28298167458588,0.0,35.69754485628565,-92.11898385659622,1.0687777490372583,0.008736065511479055,0.0003332026534469796,35.69754485628565,-92.11898385659622,0.9624511692640887,0.0,0.0,35.69754485628566,-92.11898385659622,0.0,0.0006722902658508507,35.69754485628566,-92.11898385659622,1.9796204501918595,0.0008699957092785544,0.0006844277173023638,35.69754485628566,-92.1189838565962,0.9645884173605364,0.0,0.00033146604619037606,54.02273638792123,-102.35357409641026,0.0,0.0019952073097363812,-24.32537390754593,128.75203606166247,3.8960293545751226,0.0024595897391838585,-24.32537390754593,128.75203606166247,0.0,49.24447912915505,10.059083419294023,0.0,0.0,54.02273638792121,-102.35357409641026,0.0003275138899356965,0.016296619368185907,-24.32537390754593,128.7520360616625,0.0,-24.325373907545938,128.75203606166247,0.0,35.69754485628566,-92.11898385659622,1.9242899239356928,0.0,35.69754485628565,-92.1189838565962,0.9624511692640887,0.0,-0.0010799865605320537,35.69754485628565,-92.1189838565962,0.9560148535357984,-0.0010610626785810427,35.69754485628565,-92.11898385659622,0.9624511692640887,0.0,35.697544856285646,-92.1189838565962,0.971323364880065,0.0,0.0,35.69754485628565,-92.11898385659622,0.9624511692640887,0.0,0.0,35.69754485628566,-92.11898385659622,0.0,35.69754485628565,-92.11898385659622,1.9249023385281774,0.0,0.0,54.02273638792121,-102.35357409641026,0.9624511692640887,0.0,54.02273638792121,-102.35357409641028,0.0,35.69754485628565,-92.11898385659622,0.9624511692640887,0.0,1.3549612830192261e-05,0.0,0.0,58.709521325109414,0.0,0.0,0.0,0.0,35.69754485628565,-92.11898385659622,0.0,35.69754485628565,-92.11898385659622,0.9624511692640887,0.0,0.0,35.69754485628565,-92.11898385659622,0.9624511692640887,0.0,0.0,0.0,0.0,0.0,0.0,35.69754485628565,-92.11898385659622,0.9610791060046264,0.0,0.0,35.69754485628565,-92.11898385659622,10.586962861904974,0.0,0.0,35.69754485628565,-92.11898385659622,4.812255846320443,0.0,0.0,35.69754485628565,-92.11898385659622,1.9249023385281774,0.0,0.0,35.69754485628565,-92.11898385659622,0.0,0.0,35.69754485628565,-92.11898385659622,0.0,0.0,35.69754485628565,-92.11898385659622,0.0,0.0,35.69754485628566,-92.1189838565962,34.749846459751694,0.0,0.0,1.6172779290637684e+38,5.237597821090642e+38,-1.8240323832635715e+38,6.371807026442484e+38,-1.0137625997672058e+36,-6.474363294643857e+36,-9.670431912823119e+36,1.4989908078533236e+38,1.348153953779968e+37,2.186756566011829e+38,7.763643539868758e+29,3.0501851245205817e+29,-6.32256264871007,0.1615537545563553,20.733848411390873,5.491846520673345e+47,-1.4045442414050216e+50,4.7659530411922595e+45,-7.364886529600757e+49,8.239824186878268e+40,1.5963427987767857e+41,0.641038789828619,0.3202405636188469,171.02154061005223,101.66385134053276,1.6763013492828875,0.1935992647472855,202.9065188260728,25.517523821449167,1.0007125835570663,1.9200280120409579,137.7923274543977,59.62949237823405,311.09311018169706,0.9815782921503551,39.85934649361652,89.420058442547,14.004267218342385,139.94659729271154,209.0519217932291,42.36110380153829,5.080721144113056,2.0448475448311365,51.30711061461845,0.7275504652320544,39.382244986390035,1.3197726233970353,164.77787852799835,199.06265066745104,1.5085962219735984,196.37375743352655,0.3471097399896269,514.3324855133131,1.134331337809213,60.38845937636686,207.3443601732045,333.5362869465628,19.113337185554393,34.02851744475208,68.96674765556624,4.708894549814297,13.718952181349053,36.84371208984127,0.3431052520728849,51.57302030086554,35.54778223976281,1.9200178281514027,55.82753787824011,1.1223398332557097,185.60929701851438,38.6800922708292,273.58563952272453,108.0504350519722,72.18498779826116,0.48230170573368536,138.27980341626568,0.6305771834905034,1.8825806277190258,10.569005341244544,0.38633122385619756,0.14876419038410074,0.48122558463204435,1.9268998544019673,0.9618387546716038,0.4806950532927536,0.48122558463204435,0.9624511692640887,2.4061279231602213,0.9624511692640887,5.293481430952487,0.7719744070664044,3.871789711901937,1.9423002080912373,97.13116720759984,30.186205545195,1.449529820836613,4.331030261688397,36.76375564038871,0.19758550688929222,22092.268851073084,728.1250817939754,3052.520507108099,492.9046071797002,116.62301123786932,6.243168944093672,67.1942563163628,0.9945036999517969,25.799066611069097,27.4909850264413,105.43456711868754,29.441804250111627,0.744005371803065,0.6763630666237466,15.36280644389375,49.88639435677255,27.143562124661255,110.41888700648062,14.18582332634287,0.2775164814290907,1.0159653169181637,37.669409273646046,16.01594003426809,17.304953668636227,26.295889036067372,105.88658142186361,7.025490454060606,1.1550179466577786,78.39517042670931,22.173669623947838,5.593050294258242,11.585060370771435,3.315109583020748,0.577470701558453,0.19249023385281774,2.7004892801339633,4.045996573508014,3.6615229492539143,1.6056889794025926,1.6063894074870309,2.2516112522885434,1.282627107406592,371.9876376787853,0.509459217646139,1.6043769547170843,0.32096289272649786
2020-02-26 04:00:00,0.13902251410989522,34.67979226456739,100.76150191831965,34.679792264567396,100.76150191831965,34.6797922645674,100.76150191831964,34.679792264567396,100.76150191831965,34.679792264567396,100.76150191831967,34.679792264567396,100.76150191831967,34.679792264567396,100.76150191831967,34.679792264567396,100.76150191831965,34.6797922645674,100.76150191831964,0.0,34.679792264567396,100.76150191831962,34.679792264567396,100.76150191831965,34.679792264567396,100.76150191831964,34.67979226456738,100.76150191831962,34.6797922645674,100.76150191831964,34.67979226456739,100.76150191831967,34.6797922645674,100.76150191831967,34.679792264567396,100.76150191831967,34.67979226456739,100.76150191831965,34.67979226456738,100.76150191831965,0.0,34.6797922645674,100.76150191831965,34.6797922645674,100.76150191831967,0.0,34.6797922645674,100.76150191831962,0.0,34.679792264567396,100.76150191831964,0.000819858927835369,34.67979226456738,100.76150191831967,0.0,34.67979226456738,100.76150191831967,0.0,35.86788280974578,-92.55854795682019,1.0664297781661234,0.008151626423881689,0.00030938990979108424,35.86788280974578,-92.55854795682019,0.9670436969333656,0.0,0.0,35.86788280974578,-92.55854795682019,0.0,0.000623662005800764,35.86788280974578,-92.55854795682019,1.9852956902573582,0.0008176783005702532,0.0006374976966265454,35.86788280974578,-92.55854795682018,0.9690090759070575,0.0,0.0003025717494492628,54.28051664686288,-102.841974584766,0.0,0.0018025274451476982,-24.44144727968525,129.36640207520372,3.909458864090916,0.002188984315105655,-24.44144727968525,129.36640207520375,0.0,49.47945898079023,10.107082341635191,0.0,0.0,54.28051664686285,-102.841974584766,0.0002903503055874184,0.016941892486744606,-24.441447279685246,129.36640207520375,0.0,-24.441447279685256,129.36640207520372,0.0,35.86788280974578,-92.5585479568202,1.9335361127112618,0.0,35.86788280974578,-92.55854795682018,0.9670436969333656,0.0,-0.0009654686138107103,35.86788280974578,-92.55854795682019,0.9612330467538175,-0.0009569026584168175,35.86788280974578,-92.55854795682019,0.9670436969333656,0.0,35.86788280974577,-92.55854795682019,0.9748422106901105,0.0,0.0,35.86788280974578,-92.55854795682019,0.9670436969333656,0.0,0.0,35.86788280974578,-92.55854795682019,0.0,35.86788280974578,-92.55854795682019,1.9340873938667311,0.0,0.0,54.28051664686285,-102.841974584766,0.9670436969333656,0.0,54.28051664686285,-102.84197458476604,0.0,35.86788280974578,-92.5585479568202,0.9670436969333656,0.0,6.508191455094521e-06,0.0,0.0,58.989665512935304,0.0,0.0,0.0,0.0,35.86788280974578,-92.55854795682019,0.0,35.86788280974578,-92.55854795682019,0.9670436969333656,0.0,0.0,35.86788280974578,-92.55854795682019,0.9670436969333656,0.0,0.0,0.0,0.0,0.0,0.0,35.86788280974578,-92.55854795682019,0.9658443130271533,0.0,0.0,35.86788280974578,-92.55854795682019,10.637480666267018,0.0,0.0,35.86788280974578,-92.55854795682019,4.835218484666827,0.0,0.0,35.86788280974578,-92.55854795682019,1.9340873938667311,0.0,0.0,35.86788280974578,-92.55854795682019,0.0,0.0,35.86788280974578,-92.55854795682019,0.0,0.0,35.86788280974578,-92.55854795682019,0.0,0.0,35.86788280974578,-92.55854795682018,34.91848225616256,0.0,0.0,1.5491692715269075e+38,5.017026112356011e+38,-1.745271382358653e+38,6.096674905115946e+38,-9.554028091697981e+35,-6.101650308177658e+36,-9.185254749618568e+36,1.4237846418433375e+38,1.2974841153997186e+37,2.1045681768697035e+38,7.42159160939286e+29,2.9157995483676407e+29,-6.3608856812556684,0.1619994121276436,20.85006297247716,5.260567599963605e+47,-1.3438965734780018e+50,4.491588982442285e+45,-6.99538134245217e+49,7.87679260828631e+40,1.5163239792912367e+41,0.644161618375589,0.32182210434102787,171.80430925707506,102.00256643781785,1.6967060362622859,0.19473279843438313,203.97886280664594,25.665966185962095,1.0071090021999622,1.9279950649011028,138.29108460566408,59.805817550290975,312.53802362848535,0.9858101315067451,40.0000409523219,89.8505262580197,14.05674974927341,140.64340260996138,209.9485558263757,42.47668931740724,5.116949515891458,2.053431728555955,51.492782689327285,0.7308723529998011,39.58168185632981,1.323887798840441,165.28093406473496,199.75753667325415,1.5180596011670429,197.41991037409858,0.3491102254308284,516.6513374654508,1.139021008436079,60.61499217064307,208.0749374801245,335.01857755670346,19.21178362712605,34.2371496723026,69.3085168938927,4.72899295977205,13.80102018580432,37.02942823970557,0.3453504042165114,51.810001732155435,35.82684694396875,1.9314020003380357,56.26271211694741,1.1265428715103907,186.24352022541458,39.05469656894736,274.7944804123347,108.51143658012748,72.54796297838101,0.48475417896082695,138.96512299017598,0.633902556659628,1.891664977082415,10.640461535975557,0.3907515567409541,0.14922567566339684,0.4835218484666828,1.9358341993463082,0.966492415777896,0.48304339713747413,0.4835218484666828,0.9670436969333656,2.4176092423334135,0.9670436969333656,5.318740333133509,0.7753857361035574,3.8911247179272586,1.9498433080220132,97.60896936695724,30.33024504415762,1.4560836976776566,4.351696636200144,36.93918123121023,0.19795936472281023,22206.961695680584,731.9814942854449,3069.6397060207946,495.4838967945741,117.51153961662344,6.269106507416141,67.50318414669628,0.9988888685103787,25.824249023267882,27.61820938550018,105.94296632970266,29.621355364090384,0.7483216509731309,0.6799290395415317,15.460038381253955,50.13690378364602,27.27451988094552,110.94668517598464,14.249741962739204,0.2786843462834565,1.0198137342773375,37.80885533877692,16.03165337959804,17.37911530438628,26.420819041070676,106.39463699929743,7.059450680965984,1.1615084348659028,78.7782189996127,22.294354458417278,5.6310338993897595,11.640340796420137,3.3309282894371464,0.5802262181600191,0.19340873938667308,2.712726490073527,4.063319164167046,3.678527460753966,1.6131938075820682,1.6136346904395302,2.2612336276755074,1.2888050328017893,373.8769545543254,0.5133235250130903,1.6119949463580368,0.3224756247123356
2020-02-26 05:00:00,0.14000962711049142,34.83093265068217,101.20063754489027,34.83093265068218,101.20063754489027,34.830932650682186,101.20063754489027,34.83093265068218,101.20063754489028,34.83093265068218,101.20063754489027,34.83093265068218,101.20063754489028,34.83093265068218,101.20063754489028,34.83093265068218,101.20063754489027,34.830932650682186,101.20063754489026,0.0,34.83093265068218,101.20063754489024,34.83093265068218,101.20063754489028,34.83093265068218,101.20063754489027,34.830932650682165,101.20063754489027,34.83093265068218,101.20063754489027,34.830932650682165,101.20063754489028,34.83093265068218,101.2006375448903,34.83093265068217,101.20063754489027,34.83093265068217,101.20063754489027,34.830932650682165,101.20063754489028,0.0,34.83093265068218,101.20063754489028,34.830932650682186,101.20063754489027,0.0,34.830932650682186,101.20063754489026,0.0,34.83093265068218,101.20063754489027,0.0007095775954230246,34.830932650682165,101.20063754489027,0.0,34.830932650682165,101.20063754489027,0.0,36.02420109491969,-92.9619337259648,1.06439741539159,0.007624914829090279,0.0002878582891596283,36.02420109491969,-92.9619337259648,0.9712582365312197,0.0,0.0,36.02420109491969,-92.9619337259648,0.0,0.000579716441431774,36.02420109491969,-92.9619337259648,1.9905794651255382,0.0007709793549343699,0.0005952808776385444,36.02420109491969,-92.96193372596478,0.9730664339462007,0.0,0.0002761170021828765,54.517080297011915,-103.29017726224943,0.0,0.0016258275597536946,-24.547967230868174,129.93020268308405,3.921779869304295,0.0019404287096549465,-24.547967230868174,129.93020268308405,0.0,49.69509881156129,10.15113071182019,0.0,0.0,54.517080297011894,-103.29017726224941,0.0002561468096990637,0.018143284707496068,-24.54796723086817,129.93020268308408,0.0,-24.54796723086818,129.93020268308405,0.0,36.02420109491969,-92.9619337259648,1.9420211820238569,0.0,36.02420109491969,-92.96193372596477,0.9712582365312197,0.0,-0.0008604486162735002,36.02420109491969,-92.96193372596478,0.966020294790409,-0.0008615392345668917,36.02420109491969,-92.9619337259648,0.9712582365312197,0.0,36.02420109491968,-92.96193372596478,0.9780693096126559,0.0,0.0,36.02420109491969,-92.9619337259648,0.9712582365312197,0.0,0.0,36.02420109491969,-92.9619337259648,0.0,36.02420109491969,-92.9619337259648,1.9425164730624394,0.0,0.0,54.5170802970119,-103.29017726224941,0.9712582365312197,0.0,54.517080297011894,-103.29017726224947,0.0,36.02420109491969,-92.9619337259648,0.9712582365312197,0.0,-5.2381200094011454e-08,0.0,0.0,59.246752428404406,0.0,0.0,0.0,0.0,36.02420109491969,-92.9619337259648,0.0,36.02420109491969,-92.9619337259648,0.9712582365312197,0.0,0.0,36.02420109491969,-92.9619337259648,0.9712582365312197,0.0,0.0,0.0,0.0,0.0,0.0,36.02420109491969,-92.9619337259648,0.9702268844691181,0.0,0.0,36.02420109491969,-92.9619337259648,10.683840601843414,0.0,0.0,36.02420109491969,-92.9619337259648,4.856291182656097,0.0,0.0,36.02420109491969,-92.9619337259648,1.9425164730624394,0.0,0.0,36.02420109491969,-92.9619337259648,0.0,0.0,36.02420109491969,-92.9619337259648,0.0,0.0,36.02420109491969,-92.9619337259648,0.0,0.0,36.02420109491969,-92.96193372596477,35.07516632466282,0.0,0.0,1.4891844404591047e+38,4.8227636328815916e+38,-1.6757156135257168e+38,5.853698990518219e+38,-9.025444845441067e+35,-5.76407226293165e+36,-8.750757422767962e+36,1.3564342375535203e+38,1.253472790801133e+37,2.033180148243604e+38,7.118827391745092e+29,2.7968493533768413e+29,-6.399877672659018,0.1622323122698321,20.970363092650135,5.056875037372619e+47,-1.2903371326110612e+50,4.243088699377971e+45,-6.664473319054956e+49,7.555458442094348e+40,1.4446654188210752e+41,0.6470272244409241,0.3232732424153635,172.5009672385639,102.22898413619438,1.7239225652005943,0.19580029685838135,205.00865542725143,25.82750083371741,1.0139174323377818,1.9343963071462025,138.61394982848068,59.916430292754576,313.8585450722335,0.9896307625235332,40.0967189894702,90.24768323098786,14.101354287743865,141.3006796467065,210.716097953731,42.540621611457986,5.155777810688664,2.060491810582507,51.62000159601041,0.7340802510159737,39.77144310164617,1.326687104811296,165.62772378174768,200.25866438741147,1.5275329610978456,198.44361835767512,0.3511082065470398,518.676037066951,1.1429395327013645,60.81911314595173,208.55399540165297,336.3138916092596,19.305339366616607,34.45677710270246,69.62383981129679,4.745993512215353,13.885514154953745,37.206615066521515,0.34770465246776133,52.032269431828055,36.13137257764356,1.9430449810463526,56.759508834952825,1.1298006846636626,186.7016970425191,39.51017259016774,275.85180179927704,108.89137413243706,72.90054730017805,0.48709414079425006,139.61591024973737,0.6372257796281748,1.900087436205443,10.708831372141457,0.39791608827566466,0.1494904880014622,0.48562911826560984,1.944032421865651,0.9707629454926369,0.4851983486483262,0.48562911826560984,0.9712582365312197,2.4281455913280485,0.9712582365312197,5.341920300921707,0.7785149211736788,3.909683649347039,1.9567670341051757,98.05416112372691,30.462429369598738,1.4621065768342534,4.370662064390488,37.10016841566212,0.19830198834032448,22319.935115557313,735.8606691999801,3088.7238176529363,497.9578890949027,118.4874414449657,6.289993196187343,67.78382692630655,1.002826731156081,25.765969577743554,27.732611704196863,106.41126015667285,29.80926362013235,0.7527510083641636,0.6835575121928921,15.575622702366418,50.374167251108496,27.394918761363492,111.43074578476987,14.30755720251402,0.2797215617594116,1.0231505073736114,37.9116151432525,16.007919634763184,17.455247901878007,26.535208426395307,106.8610584176104,7.0907528908357484,1.167809835964726,79.13646554863178,22.415671222172396,5.672266182818682,11.691071365653567,3.345445036940866,0.5827549419187315,0.1942516473062439,2.7239548403121954,4.079785263955958,3.694131252875854,1.6200808291158277,1.620280720430196,2.27007066401927,1.294478007340464,375.7138855171551,0.5179923099504578,1.618985854001954,0.32386380873536724
2020-02-26 06:00:00,0.14105676042224996,34.96879565905273,101.60119599334988,34.968795659052745,101.60119599334988,34.968795659052745,101.60119599334988,34.968795659052745,101.60119599334988,34.968795659052745,101.60119599334988,34.968795659052745,101.60119599334989,34.968795659052745,101.60119599334989,34.968795659052745,101.60119599334988,34.968795659052745,101.60119599334985,0.0,34.968795659052745,101.60119599334986,34.968795659052745,101.60119599334988,34.968795659052745,101.60119599334986,34.96879565905273,101.60119599334985,34.968795659052745,101.60119599334986,34.96879565905273,101.60119599334988,34.968795659052745,101.60119599334989,34.96879565905274,101.60119599334988,34.96879565905274,101.60119599334988,34.96879565905273,101.60119599334988,0.0,34.968795659052745,101.60119599334988,34.968795659052745,101.60119599334988,0.0,34.968795659052745,101.60119599334983,0.0,34.968795659052745,101.60119599334988,0.0006085833926065421,34.96879565905273,101.60119599334988,0.0,34.96879565905273,101.60119599334988,0.0,36.16678713437203,-93.3298828697887,1.0626639132783309,0.007153946931504049,0.00026853522842905375,36.16678713437203,-93.3298828697887,0.9751025373352138,0.0,0.0,36.16678713437203,-93.3298828697887,0.0,0.0005402958553547988,36.16678713437203,-93.3298828697887,1.9954735736225904,0.0007296749123549065,0.0005576112327487018,36.16678713437203,-93.32988286978869,0.9767678741173904,0.0,0.00025204318318012165,54.732862308154196,-103.69900623950691,0.0,0.0014647574563161035,-24.645129619420043,130.4444745459633,3.9330149809057713,0.0017134666004274806,-24.645129619420043,130.4444745459633,0.0,49.89179511860951,10.191309521624957,0.0,0.0,54.73286230815419,-103.6990062395069,0.0002248577038111132,0.019900687655134013,-24.64512961942004,130.4444745459633,0.0,-24.645129619420047,130.4444745459633,0.0,36.16678713437203,-93.3298828697887,1.9497607574239737,0.0,36.16678713437203,-93.32988286978869,0.9751025373352138,0.0,-0.0007647018876701394,36.16678713437203,-93.32988286978869,0.9703856853538727,-0.0007747519656845486,36.16678713437203,-93.3298828697887,0.9751025373352138,0.0,36.166787134372015,-93.32988286978869,0.981010743576511,0.0,0.0,36.16678713437203,-93.3298828697887,0.9751025373352138,0.0,0.0,36.166787134372036,-93.3298828697887,0.0,36.16678713437203,-93.3298828697887,1.9502050746704276,0.0,0.0,54.73286230815418,-103.69900623950691,0.9751025373352138,0.0,54.73286230815418,-103.69900623950696,0.0,36.16678713437203,-93.32988286978872,0.9751025373352138,0.0,-6.132679338850203e-06,0.0,0.0,59.481254777448044,0.0,0.0,0.0,0.0,36.16678713437203,-93.3298828697887,0.0,36.16678713437203,-93.3298828697887,0.9751025373352138,0.0,0.0,36.16678713437203,-93.3298828697887,0.9751025373352138,0.0,0.0,0.0,0.0,0.0,0.0,36.16678713437203,-93.3298828697887,0.9742356644001179,0.0,0.0,36.16678713437203,-93.3298828697887,10.72612791068735,0.0,0.0,36.16678713437203,-93.3298828697887,4.8755126866760685,0.0,0.0,36.16678713437203,-93.3298828697887,1.9502050746704276,0.0,0.0,36.16678713437203,-93.3298828697887,0.0,0.0,36.16678713437203,-93.3298828697887,0.0,0.0,36.16678713437203,-93.3298828697887,0.0,0.0,36.16678713437203,-93.32988286978869,35.22007666168189,0.0,0.0,1.4369301867589564e+38,4.6535368349365584e+38,-1.614933077748856e+38,5.641370200688826e+38,-8.550262942074608e+35,-5.460598819135105e+36,-8.365028793488575e+36,1.296643353875508e+38,1.2157560617655502e+37,1.972002191055716e+38,6.853559622710074e+29,2.6926307865440843e+29,-6.439594809491886,0.16225314357749104,21.093982446284578,4.8794334633447645e+47,-1.2435332702527295e+50,4.019693731168549e+45,-6.370706958723733e+49,7.273920557456906e+40,1.3810518246051101e+41,0.6496409191897431,0.32459668579248296,173.11286923582864,102.34351945610581,1.7578562623540304,0.19680528674758974,205.99738179828663,25.99964851889491,1.0211332875993524,1.9392433565900933,138.76161469063754,59.96165495808032,315.0503083556648,0.9929690228907393,40.149692703627416,90.61113355563833,14.136753001017087,141.9172787076879,211.35607195205213,42.55317503739795,5.196623987595305,2.0660419122203213,51.689098050678375,0.7371477165311167,39.950953275702,1.3281794756660679,165.81948180593844,200.56734836566,1.5370275500009705,199.44560357766713,0.3531048419953361,520.4102901400356,1.1460946788165876,60.9962999477016,208.78222153864354,337.42457312420925,19.392547644121215,34.684105157141744,69.91339287423847,4.759933117854098,13.971393197953837,37.374705079351266,0.3501336525031533,52.23925929944117,36.46149242947208,1.954932821024991,57.315972104126914,1.1321201384124828,186.98491795919233,40.045340650703835,276.75963237204024,109.19406580791176,73.24291522686136,0.489314065696933,140.23082585010644,0.640521479904848,1.9078178456065653,10.774401623242433,0.4076285316965208,0.14955961016980898,0.4875512686676069,1.9515096721784984,0.9746582200887595,0.48716389268476445,0.4875512686676069,0.9751025373352138,2.4377563433380343,0.9751025373352138,5.363063955343675,0.7813678942830159,3.927497090556606,1.9630838566569464,98.46753381342819,30.583001568950582,1.4676085720449772,4.387961418008462,37.24701320101809,0.19861402485697305,22430.410992904446,739.7264037393549,3109.4013418028344,500.32947395148653,119.55004639584956,6.305865224243498,68.0355696256435,1.0062903861608512,25.630059858536654,27.834442474084,106.84027857938348,30.00548107189008,0.7572935256078516,0.6872464986324256,15.709131345920376,50.597644976023666,27.50505983272815,111.87184820508756,14.359070919037976,0.28061743607554085,1.0259126174994644,37.979806014799316,15.947625895539504,17.53185369310328,26.639255378710722,107.28671089135372,7.119460906790502,1.173949533679885,79.46924449708722,22.53576622674094,5.715955447328852,11.737345356812757,3.3586865174879574,0.585061522401128,0.19502050746704275,2.7341951836561185,4.09542374666897,3.708363175775765,1.6263627251537438,1.626340048293991,2.2781411336789663,1.2996568862141387,377.4948585259842,0.523398571107754,1.6253625383215424,0.32513000049316443
2020-02-26 07:00:00,0.14213840050261825,35.09377457912998,101.96431995900232,35.093774579129985,101.96431995900232,35.093774579129985,101.96431995900231,35.093774579129985,101.96431995900231,35.093774579129985,101.96431995900232,35.093774579129985,101.96431995900232,35.093774579129985,101.96431995900232,35.093774579129985,101.96431995900232,35.09377457912999,101.9643199590023,0.0,35.093774579129985,101.9643199590023,35.093774579129985,101.96431995900231,35.093774579129985,101.9643199590023,35.09377457912997,101.96431995900228,35.093774579129985,101.9643199590023,35.09377457912998,101.96431995900232,35.093774579129985,101.96431995900232,35.093774579129985,101.96431995900231,35.09377457912998,101.96431995900232,35.09377457912998,101.96431995900231,0.0,35.093774579129985,101.96431995900231,35.09377457912999,101.96431995900231,0.0,35.09377457912999,101.96431995900227,0.0,35.093774579129985,101.96431995900231,0.0005166341492887413,35.09377457912997,101.96431995900231,0.0,35.09377457912997,101.96431995900231,0.0,36.29604769120642,-93.66344505722373,1.0612101400430314,0.00673626772577883,0.0002513290187471668,36.29604769120642,-93.66344505722373,0.9785875661954853,0.0,0.0,36.296047691206425,-93.66344505722373,0.0,0.0005052052907568629,36.296047691206425,-93.66344505722373,1.9999832523388599,0.0006934955305258773,0.000524283353698295,36.296047691206425,-93.66344505722371,0.9801238907263474,0.0,0.0002302733548350919,54.928478253601796,-104.06962780563859,0.0,0.0013188373451158628,-24.73321162587603,130.91068475571004,3.9431963020719536,0.0015074557043307565,-24.73321162587603,130.91068475571004,0.0,50.070109028400246,10.227733391368835,0.0,0.0,54.92847825360179,-104.06962780563859,0.0001964089532442507,0.02221450773435137,-24.733211625876027,130.91068475571007,0.0,-24.733211625876038,130.91068475571004,0.0,36.296047691206425,-93.66344505722373,1.9567769391910228,0.0,36.29604769120642,-93.66344505722371,0.9785875661954853,0.0,-0.0006779270547337064,36.29604769120642,-93.66344505722371,0.9743419251148273,-0.0006962533590070367,36.29604769120642,-93.66344505722373,0.9785875661954853,0.0,36.29604769120642,-93.66344505722373,0.9836750567557973,0.0,0.0,36.29604769120642,-93.66344505722373,0.9785875661954853,0.0,0.0,36.29604769120643,-93.66344505722371,0.0,36.29604769120642,-93.66344505722373,1.9571751323909705,0.0,0.0,54.92847825360178,-104.06962780563859,0.9785875661954853,0.0,54.92847825360178,-104.06962780563865,0.0,36.29604769120642,-93.66344505722373,0.9785875661954853,0.0,-1.1739231986576844e-05,0.0,0.0,59.6938415379246,0.0,0.0,0.0,0.0,36.29604769120642,-93.66344505722373,0.0,36.29604769120642,-93.66344505722373,0.9785875661954853,0.0,0.0,36.29604769120642,-93.66344505722373,0.9785875661954853,0.0,0.0,0.0,0.0,0.0,0.0,36.29604769120642,-93.66344505722373,0.9778832724234623,0.0,0.0,36.29604769120642,-93.66344505722373,10.764463228150335,0.0,0.0,36.29604769120642,-93.66344505722373,4.892937830977425,0.0,0.0,36.29604769120642,-93.66344505722373,1.9571751323909705,0.0,0.0,36.29604769120642,-93.66344505722373,0.0,0.0,36.29604769120642,-93.66344505722373,0.0,0.0,36.29604769120642,-93.66344505722373,0.0,0.0,36.296047691206425,-93.66344505722371,35.35346386906597,0.0,0.0,1.3919638581149983e+38,4.507912177173248e+38,-1.5624351470896964e+38,5.45798163450055e+38,-8.126474553489871e+35,-5.189947683614874e+36,-8.025812947179625e+36,1.244062306815853e+38,1.183930672019944e+37,1.9203802084201553e+38,6.623752752411724e+29,2.602344119762319e+29,-6.48012059747988,0.16206349359713354,21.2198580660268,4.726739748137945e+47,-1.2031087323609812e+50,3.820460147303724e+45,-6.112364183589192e+49,7.030018554683166e+40,1.3251110357110422e+41,0.6520101975644221,0.32579624601576196,173.64202654843947,102.34701983971895,1.7983780980574264,0.19775294285359754,206.9471669298279,26.17899397336021,1.0287503899992618,1.942555494972857,138.735488899118,59.94213315201337,316.10749777434694,0.9957283854136393,40.15954747245196,90.94038984683198,14.161120048601614,142.49164473112725,211.87083388205215,42.514893559620184,5.238686591291547,2.0701049686247197,51.70070001709996,0.7400378715686502,40.119407974069155,1.3283820909386168,165.85850249255142,200.68594026747127,1.5465595509028573,200.42690919437229,0.35510180066255936,521.8596635238783,1.148498802021797,61.140409885958505,208.76110980186604,338.3541368107174,19.47145221970127,34.91458396008969,70.17814473383524,4.770869676619161,14.057221708969067,37.53292286307118,0.35258994903881247,52.430189021085184,36.817418022571395,1.9670455089196288,57.92931071716757,1.1335130605069712,187.0951653535212,40.65856780560355,277.5210280751903,109.4248469606002,73.57531236545584,0.4914036724552907,140.80805697732117,0.6437547760416084,1.9148164700788532,10.837596750078323,0.41960925420339434,0.14943511286240974,0.48929378309774263,1.9582873558926863,0.9781893729955375,0.48894565641823895,0.48929378309774263,0.9785875661954853,2.4464689154887127,0.9785875661954853,5.382231614075168,0.7839529646262953,3.944609305611665,1.9688115842139715,98.85021434962835,30.692305605214084,1.4726043610413213,4.403644047879683,37.38013449954244,0.19889639069592557,22537.320602376534,743.5288867920581,3131.160166676911,502.60276033030243,120.69842881988082,6.316781921573686,68.25758478751675,1.0092430569755746,25.42464497812483,27.924054851457868,107.23119804930452,30.20995517391861,0.7619496283165683,0.6909931646711819,15.859956540602154,50.806603501580604,27.60536662368493,112.27109940340301,14.404012276027366,0.2813572514855751,1.0280128740978363,38.01637258385005,15.85477986998454,17.60684040371961,26.73323889558752,107.67282029887795,7.14566590671485,1.1799684298486002,79.77563705892895,22.652051793387198,5.760989752995215,11.779294778278986,3.370690505784448,0.5871525397172909,0.19571751323909703,2.74347693974358,4.110275598711577,3.72126398899064,1.6320574391342384,1.6318302733556798,2.285471261971094,1.3043570480887825,379.21475911920345,0.5294467909895055,1.6311431970057513,0.3262778154051331
2020-02-26 08:00:00,0.14322386224960276,35.20636639566507,102.29145342194926,35.206366395665086,102.29145342194926,35.206366395665086,102.29145342194924,35.20636639566508,102.29145342194926,35.20636639566508,102.29145342194926,35.206366395665086,102.29145342194927,35.206366395665086,102.29145342194926,35.20636639566508,102.29145342194926,35.206366395665086,102.29145342194923,0.0,35.206366395665086,102.29145342194923,35.20636639566508,102.29145342194924,35.20636639566508,102.29145342194923,35.20636639566507,102.29145342194921,35.20636639566508,102.29145342194924,35.20636639566507,102.29145342194926,35.206366395665086,102.29145342194926,35.206366395665086,102.29145342194924,35.20636639566507,102.29145342194926,35.20636639566507,102.29145342194924,0.0,35.206366395665086,102.29145342194926,35.206366395665086,102.29145342194924,0.0,35.206366395665086,102.2914534219492,0.0,35.20636639566508,102.29145342194924,0.00043340795815592463,35.206366395665064,102.29145342194924,0.0,35.206366395665064,102.29145342194924,0.0,36.41249677631075,-93.96394671452335,1.0600153048090875,0.006369037237495462,0.00023613208024932802,36.41249677631075,-93.96394671452335,0.9817271814987114,0.0,0.0,36.41249677631076,-93.96394671452335,0.0,0.0004742190531422082,36.41249677631075,-93.96394671452335,2.004117106328644,0.0006621356498636155,0.0004950596548874107,36.41249677631076,-93.96394671452336,0.9831477750160578,0.0,0.00021071419804009894,55.10470600967109,-104.40351575531889,0.0,0.0011874715212585648,-24.812563512616663,131.33068721988678,3.9523644710960113,0.0013215868020903525,-24.812563512616663,131.3306872198868,0.0,50.230749614863996,10.260547162340501,0.0,0.0,55.104706009671084,-104.40351575531889,0.00017070097933349578,0.025084156281925247,-24.81256351261666,131.3306872198868,0.0,-24.812563512616666,131.33068721988678,0.0,36.41249677631076,-93.96394671452335,1.9630976460877196,0.0,36.41249677631075,-93.96394671452335,0.9817271814987114,0.0,-0.0005997536919553563,36.41249677631075,-93.96394671452335,0.9779049710942005,-0.0006256959667388495,36.41249677631075,-93.96394671452335,0.9817271814987114,0.0,36.41249677631075,-93.96394671452335,0.986073005332547,0.0,0.0,36.41249677631075,-93.96394671452335,0.9817271814987114,0.0,0.0,36.41249677631077,-93.96394671452333,0.0,36.41249677631075,-93.96394671452335,1.9634543629974228,0.0,0.0,55.10470600967108,-104.40351575531889,0.9817271814987114,0.0,55.10470600967108,-104.40351575531895,0.0,36.41249677631075,-93.96394671452336,0.9817271814987114,0.0,-1.68839893384164e-05,0.0,0.0,59.88535807142141,0.0,0.0,0.0,0.0,36.41249677631075,-93.96394671452335,0.0,36.41249677631075,-93.96394671452335,0.9817271814987114,0.0,0.0,36.41249677631075,-93.96394671452335,0.9817271814987114,0.0,0.0,0.0,0.0,0.0,0.0,36.41249677631075,-93.96394671452335,0.9811857966934053,0.0,0.0,36.41249677631075,-93.96394671452335,10.798998996485825,0.0,0.0,36.41249677631075,-93.96394671452335,4.908635907493556,0.0,0.0,36.41249677631075,-93.96394671452335,1.9634543629974228,0.0,0.0,36.41249677631075,-93.96394671452335,0.0,0.0,36.41249677631075,-93.96394671452335,0.0,0.0,36.41249677631075,-93.96394671452335,0.0,0.0,36.41249677631076,-93.96394671452335,35.475640467577946,0.0,0.0,1.3538062975195647e+38,4.384337896809119e+38,-1.5176907067636034e+38,5.301677973512954e+38,-7.751731475447498e+35,-4.950619183041228e+36,-7.730573405057445e+36,1.1982979227898273e+38,1.15756622690939e+37,1.8776160839719565e+38,6.427185488148463e+29,2.5251166501670675e+29,-6.521553977844038,0.1616670581059859,21.346682958961637,4.597166801752194e+47,-1.168654549106602e+50,3.644283997890465e+45,-5.88751324142e+49,6.821394898778854e+40,1.2764246153006297e+41,0.6541445168401225,0.3268767262123925,174.091216397188,102.24131375535359,1.845311149748467,0.19865001034576252,207.86059995256858,26.361438568209035,1.0367588869130064,1.9443652797330975,138.53859241352558,59.85917642509576,317.0237611840628,0.9977983456195832,40.127381605953886,91.23501022342782,14.172320636807049,143.0219935048979,212.26390244156573,42.42688949047014,5.281007017525481,2.0727179024602833,51.6560290234177,0.7427060560155291,40.27583053648265,1.3273278140495763,165.7490330856641,200.61876182661803,1.5561477293020975,201.3887145691227,0.3571008017012985,523.032121634677,1.1501712289462969,61.244402003293565,208.49417501704883,339.1076000369608,19.53983381892722,35.14274839030244,70.41933213996508,4.778891276701274,14.141278479873037,37.68035744202788,0.3550165467010281,52.604128199750434,37.19931387188117,1.9793546946744889,58.59574851048605,1.1340001727715583,187.0361490427045,41.34754692202396,278.14035429139847,109.59034519889462,73.89799561293478,0.4933508806079531,141.34550657257688,0.6468839947156301,1.9210401504525576,10.898974124141668,0.4335001895199013,0.14912132193436645,0.4908635907493557,1.9643924998497952,0.981370464589008,0.4905507427659862,0.4908635907493557,0.9817271814987114,2.454317953746778,0.9817271814987114,5.399499498242912,0.7862805773098658,3.9610749108386374,1.973972827531321,99.20361520919829,30.790776131202946,1.4771127542925455,4.417772316744201,37.500061674550075,0.19915024478072244,22639.39293125423,747.2086708391165,3153.387045996292,504.78268341106684,121.93103068817211,6.32284328245157,68.4489647938971,1.0116424327096234,25.159776405905664,28.001898973831373,107.58550290474244,30.42258303284045,0.7667191120801999,0.6947929519319919,16.02725779480168,51.0001912039524,27.696365240597807,112.62991103815351,14.442073719227384,0.28192385188997654,1.0293489097288173,38.024943136062944,15.734305603499573,17.67766235757276,26.81751010799007,108.02093696261068,7.169483908752249,1.185920222905364,80.05456393750278,22.761386053517978,5.806001305037707,11.81708644396597,3.381504736273339,0.5890363088992266,0.19634543629974233,2.7518372271226568,4.12439131117987,3.7328851549578896,1.6371876435876302,1.636773530027101,2.2920941188946347,1.308597974701243,380.8669695902687,0.5360145502362964,1.6363508239263305,0.32731182121380953
2020-02-26 09:00:00,0.14427957265169575,35.30715751012612,102.58430016092734,35.30715751012612,102.58430016092734,35.30715751012612,102.58430016092731,35.30715751012612,102.58430016092731,35.30715751012612,102.58430016092734,35.30715751012612,102.58430016092734,35.30715751012612,102.58430016092734,35.30715751012612,102.58430016092734,35.307157510126125,102.58430016092731,0.0,35.30715751012612,102.5843001609273,35.30715751012612,102.58430016092733,35.30715751012612,102.58430016092731,35.30715751012611,102.5843001609273,35.30715751012612,102.58430016092733,35.30715751012612,102.58430016092734,35.30715751012612,102.58430016092734,35.30715751012612,102.58430016092734,35.30715751012612,102.58430016092734,35.30715751012612,102.58430016092733,0.0,35.307157510126125,102.58430016092734,35.307157510126125,102.58430016092733,0.0,35.30715751012613,102.58430016092728,0.0,35.30715751012612,102.58430016092734,0.0003585137570088076,35.3071575101261,102.58430016092734,0.0,35.3071575101261,102.58430016092733,0.0,36.516740880605624,-94.23295291647212,1.0590576469233248,0.006049120141757569,0.0002228244090435186,36.516740880605624,-94.23295291647212,0.9845377350107641,0.0,0.0,36.51674088060564,-94.23295291647212,0.0,0.0004470875451471944,36.51674088060563,-94.23295291647212,2.0078869187543287,0.0006352632415704933,0.00046967794107826734,36.51674088060564,-94.23295291647213,0.9858552303281616,0.0,0.0001932583115343508,55.262463406965196,-104.7024090460484,0.0,0.0010699646307501757,-24.883598560680582,131.7066693981969,3.9605674867464193,0.0011549067726214987,-24.88359856068058,131.70666939819694,0.0,50.37455352740065,10.28992173544611,0.0,0.0,55.26246340696518,-104.70240904604839,0.00014761206424508276,0.028506130977919514,-24.883598560680575,131.70666939819694,0.0,-24.883598560680582,131.7066693981969,0.0,36.51674088060563,-94.23295291647212,1.9687558139523285,0.0,36.516740880605624,-94.23295291647212,0.9845377350107641,0.0,-0.0005297515944708187,36.516740880605624,-94.23295291647212,0.9810935805522195,-0.0005626810456039631,36.516740880605624,-94.23295291647212,0.9845377350107641,0.0,36.51674088060563,-94.2329529164721,0.9882172518921879,0.0,0.0,36.516740880605624,-94.23295291647212,0.9845377350107641,0.0,0.0,36.51674088060564,-94.2329529164721,0.0,36.516740880605624,-94.23295291647212,1.9690754700215283,0.0,0.0,55.262463406965175,-104.7024090460484,0.9845377350107641,0.0,55.26246340696517,-104.70240904604844,0.0,36.516740880605624,-94.23295291647213,0.9845377350107641,0.0,-2.1583670226500967e-05,0.0,0.0,60.056801835656614,0.0,0.0,0.0,0.0,36.516740880605624,-94.23295291647212,0.0,36.516740880605624,-94.23295291647212,0.9845377350107641,0.0,0.0,36.516740880605624,-94.23295291647212,0.9845377350107641,0.0,0.0,0.0,0.0,0.0,0.0,36.516740880605624,-94.23295291647212,0.9841624219969627,0.0,0.0,36.516740880605624,-94.23295291647212,10.829915085118405,0.0,0.0,36.516740880605624,-94.23295291647212,4.922688675053819,0.0,0.0,36.516740880605624,-94.23295291647212,1.9690754700215283,0.0,0.0,36.516740880605624,-94.23295291647212,0.0,0.0,36.516740880605624,-94.23295291647212,0.0,0.0,36.516740880605624,-94.23295291647212,0.0,0.0,36.51674088060564,-94.23295291647212,35.58696842891709,0.0,0.0,1.3219544918934918e+38,4.281184972536235e+38,-1.4801401122095105e+38,5.1705042375517235e+38,-7.423404858191597e+35,-4.740934410698651e+36,-7.476559816598062e+36,1.1589238764594231e+38,1.13621690970236e+37,1.842986686156212e+38,6.261508933435569e+29,2.4600255418399037e+29,-6.563994347543278,0.16107096204209434,21.472969389535663,4.48900652530173e+47,-1.1397397821177e+50,3.489929394517403e+45,-5.694059497797733e+49,6.645556624428447e+40,1.2345388518865363e+41,0.6560550261460961,0.32784378432489064,174.46409254905916,102.02981354342002,1.8984143260928754,0.19950470579857005,208.7405168688129,26.542506471308087,1.0451427200925336,1.9447246804899043,138.17653731469318,59.715151012585736,317.7932772495589,0.9990677777994297,40.05506418162753,91.49475622018271,14.168133531796041,143.5065259585247,212.54031352980468,42.29117004814594,5.32254520267476,2.0739372170898354,51.55722304050052,0.7451030736662836,40.41914313387842,1.3250731476614757,165.49822667161857,200.37311992981412,1.565810520802871,202.33211049666534,0.3591030533357439,523.9386003739279,1.1511408285667266,61.30118416631156,207.98829140734608,339.6918370246851,19.595485046878427,35.36263191182138,70.6384302654554,4.784126097438763,14.221689459398863,37.81605030600954,0.35735125692933134,52.76008419034862,37.607141817784324,1.9918210626049684,59.31035400831824,1.133615361786196,186.8142158218469,42.10902828849356,278.6235842452687,109.69820868458336,74.21116115738593,0.49514297378447436,141.84102247785964,0.6498639648092016,1.9264494312086375,10.959217758903536,0.44887191232574675,0.14862607797399782,0.49226886750538207,1.9698569775022394,0.9842180789415642,0.49198752698257997,0.49226886750538207,0.9845377350107641,2.4613443375269095,0.9845377350107641,5.414957542559202,0.7883630181763875,3.9769547116676596,1.9785943410200266,99.52937253309577,30.878926001783356,1.4811561560513082,4.4304198075484384,37.607419331573176,0.1993769551096073,22735.26223546241,750.7015092995687,3175.415676214813,506.8745251416112,123.24520173523605,6.324209177676411,68.60887668743098,1.0134457663974343,24.84698930181932,28.06851494858838,107.90493830873763,30.643156206612048,0.7715999670008487,0.6986385281491617,16.20989864141779,51.17753011711626,27.77866055958311,112.94997084571652,14.472953119442703,0.28229950692512507,1.0298137512699792,38.009659046796344,15.591801360072639,17.741493106140627,26.892481745673884,108.33289138171932,7.191052667914482,1.1918704442838504,80.3048988054665,22.860292963251126,5.8494468483972035,11.850917180685123,3.3911855317037425,0.5907226410064582,0.19690754700215282,2.7593198018085814,4.13782762430499,3.7432873643689066,1.6417800886009402,1.6411958608851966,2.2980488848381384,1.3124027395867583,382.44345247921035,0.5429548874039904,1.6410125486685163,0.3282374068288761
2020-02-26 10:00:00,0.1452716045950366,35.39680761380804,102.8447768969242,35.39680761380804,102.8447768969242,35.39680761380805,102.84477689692417,35.39680761380804,102.8447768969242,35.39680761380804,102.8447768969242,35.39680761380804,102.84477689692422,35.39680761380805,102.8447768969242,35.39680761380804,102.8447768969242,35.39680761380805,102.84477689692417,0.0,35.39680761380804,102.84477689692416,35.39680761380804,102.84477689692417,35.39680761380804,102.84477689692417,35.396807613808036,102.84477689692417,35.396807613808036,102.84477689692417,35.396807613808036,102.8447768969242,35.39680761380805,102.8447768969242,35.39680761380805,102.84477689692419,35.39680761380804,102.8447768969242,35.39680761380804,102.84477689692419,0.0,35.39680761380804,102.8447768969242,35.39680761380805,102.84477689692419,0.0,35.39680761380806,102.84477689692417,0.0,35.39680761380805,102.84477689692419,0.00029150329514690716,35.39680761380803,102.84477689692419,0.0,35.39680761380803,102.84477689692419,0.0,36.60946229566527,-94.47222434456125,1.0583150640660601,0.005773174960577249,0.00021127704813144214,36.60946229566527,-94.47222434456125,0.9870376221794541,0.0,0.0,36.609462295665274,-94.47222434456125,0.0,0.00042354414436706397,36.60946229566527,-94.47222434456125,2.0113073531539563,0.0006125293027205315,0.0004478589948755307,36.609462295665274,-94.47222434456125,0.9882639372417619,0.0,0.00017778678140696396,55.40278298870247,-104.96826397430291,0.0,0.0009655398077626307,-24.94678170393714,132.0410921441731,3.9678593788448184,0.0010063445069724607,-24.946781703937145,132.0410921441731,0.0,50.50246198180871,10.316049371186743,0.0,0.0,55.40278298870246,-104.96826397430291,0.00012700218890515115,0.032471769800098214,-24.94678170393714,132.0410921441731,0.0,-24.946781703937148,132.0410921441731,0.0,36.60946229566527,-94.47222434456125,1.9737884905566765,0.0,36.60946229566527,-94.47222434456125,0.9870376221794541,0.0,-0.00046744116237155763,36.60946229566527,-94.47222434456125,0.983928802667513,-0.0005067683284522917,36.60946229566527,-94.47222434456125,0.9870376221794541,0.0,36.60946229566527,-94.47222434456125,0.990122020261528,0.0,0.0,36.60946229566527,-94.47222434456125,0.9870376221794541,0.0,0.0,36.609462295665274,-94.47222434456123,0.0,36.60946229566527,-94.47222434456125,1.9740752443589082,0.0,0.0,55.40278298870245,-104.96826397430291,0.9870376221794541,0.0,55.40278298870245,-104.96826397430294,0.0,36.60946229566527,-94.47222434456125,0.9870376221794541,0.0,-2.5859023509450935e-05,0.0,0.0,60.2092949529467,0.0,0.0,0.0,0.0,36.60946229566527,-94.47222434456124,0.0,36.60946229566527,-94.47222434456125,0.9870376221794541,0.0,0.0,36.60946229566527,-94.47222434456125,0.9870376221794541,0.0,0.0,0.0,0.0,0.0,0.0,36.60946229566527,-94.47222434456125,0.9868350128044154,0.0,0.0,36.60946229566527,-94.47222434456125,10.857413843973994,0.0,0.0,36.60946229566527,-94.47222434456125,4.93518811089727,0.0,0.0,36.60946229566527,-94.47222434456125,1.9740752443589082,0.0,0.0,36.60946229566527,-94.47222434456125,0.0,0.0,36.60946229566527,-94.47222434456125,0.0,0.0,36.60946229566527,-94.47222434456125,0.0,0.0,36.609462295665274,-94.47222434456125,35.68784605814118,0.0,0.0,1.2958935225244375e+38,4.196785826335182e+38,-1.4492084653350865e+38,5.062452161995262e+38,-7.138648259209307e+35,-4.559075494934581e+36,-7.260874594809136e+36,1.1254910197094928e+38,1.1194322907635034e+37,1.8157614011139186e+38,6.124302250813326e+29,2.4061196946471685e+29,-6.6075241460260035,0.16028699874416102,21.59711858446698,4.400510391531051e+47,-1.1159217474746377e+50,3.356058152943614e+45,-5.52979618475163e+49,6.499934412864224e+40,1.198975750977769e+41,0.6577542609842888,0.3287037786652348,174.76527340308982,101.71808732185568,1.9573647968559098,0.20032659621999144,209.58975412996986,26.717682067780324,1.0538768439791324,1.9437108458061196,137.65846185591312,59.51383776488247,318.4118719680443,0.99943899717957,39.94547007661254,91.71975395053461,14.146486874999662,143.94366490925015,212.7069413896441,42.11094396744417,5.362263425414298,2.0738441390816087,51.407637948077365,0.7471788231148211,40.54824881672931,1.3217054038368636,165.11699785985408,199.96025137905633,1.575562730356433,203.25785056033556,0.361108630854618,524.5935232013943,1.1514483633066537,61.30450520937045,207.2549690598717,340.1158957861099,19.636495846294554,35.56822561306341,70.8371186241258,4.786751430532432,14.296574964077134,37.939092832336456,0.35953152228524554,52.897097988507724,38.04048412522254,2.0043916804379,60.06687373483231,1.1324096418536245,186.43919710168922,42.93852544464909,278.9785611150754,109.75680485175732,74.51486624188935,0.49676788707164354,142.29264910778306,0.6526496493068986,1.9310159137984106,11.019130290929839,0.4652333261188618,0.14796189145708155,0.49351881108972706,1.9747166339305071,0.9867508683772221,0.49326542692550085,0.49351881108972706,0.9870376221794541,2.467594055448635,0.9870376221794541,5.428706921986997,0.7902140802229443,3.992310894981968,1.9827062768323358,99.829275346118,30.957332169622056,1.4847599462098087,4.441669299807543,37.70291014080409,0.19957806067788658,22823.58737687439,753.9437258230306,3196.580069742437,508.88338054034045,124.63669191818732,6.321117449232656,68.73672461255899,1.0146152583111416,24.498812981921105,28.124524710540705,108.19145726392387,30.87130051386997,0.7765870945821111,0.7025186579135105,16.406379364618424,51.33781745215816,27.852910208175302,113.23320912714092,14.496398041424532,0.2824678799360729,1.0293069993132988,37.97498985679168,15.433277829836626,17.795418618457145,26.958616351690473,108.61074416230116,7.210528111823061,1.1978952210033278,80.52559504098146,22.945208558779328,5.889700162494362,11.881008415123059,3.399796254173675,0.5922225733076724,0.19740752443589082,2.7659738577781594,4.150643775561266,3.7525388701156412,1.645864865818027,1.645126508682353,2.303380031860997,1.3157974332580635,383.93490116187746,0.5500995774807446,1.645158890567096,0.3290606341938209
2020-02-26 11:00:00,0.14616827796396134,35.47603250246997,103.07496336142168,35.47603250246998,103.07496336142168,35.47603250246998,103.07496336142165,35.47603250246998,103.07496336142168,35.47603250246998,103.07496336142168,35.47603250246997,103.0749633614217,35.47603250246998,103.0749633614217,35.47603250246998,103.07496336142168,35.476032502469984,103.07496336142167,0.0,35.47603250246997,103.07496336142165,35.47603250246998,103.07496336142167,35.47603250246997,103.07496336142167,35.47603250246997,103.07496336142165,35.47603250246998,103.07496336142165,35.47603250246998,103.07496336142168,35.47603250246998,103.0749633614217,35.47603250246998,103.07496336142168,35.47603250246998,103.07496336142168,35.47603250246998,103.07496336142168,0.0,35.47603250246998,103.07496336142168,35.476032502469984,103.07496336142168,0.0,35.476032502469984,103.07496336142165,0.0,35.47603250246998,103.07496336142165,0.00023188389597340528,35.47603250246996,103.07496336142168,0.0,35.47603250246996,103.07496336142168,0.0,36.69140133960367,-94.68367142015637,1.0577656609141926,0.005537739476331308,0.00020135544816838897,36.69140133960367,-94.68367142015637,0.9892468029218382,0.0,0.0,36.691401339603686,-94.68367142015637,0.0,0.00040331186050051194,36.69140133960368,-94.68367142015637,2.01439556802665,0.0005935768180459905,0.0004293138733541006,36.691401339603686,-94.68367142015637,0.9903930901382747,0.0,0.00016417191399645866,55.52678511233265,-105.20320321281088,0.0,0.000873357893916727,-25.0026174172741,132.33662559843413,3.9742987905840623,0.0008747384809796553,-25.002617417274102,132.33662559843413,0.0,50.61549624103669,10.33913868115447,0.0,0.0,55.52678511233264,-105.20320321281086,0.00010871711515628472,0.03696478602656306,-25.002617417274095,132.33662559843413,0.0,-25.002617417274102,132.33662559843413,0.0,36.69140133960367,-94.68367142015637,1.9782358710624108,0.0,36.69140133960367,-94.68367142015637,0.9892468029218382,0.0,-0.00041230433329781497,36.69140133960367,-94.68367142015636,0.9864334369265422,-0.0004574864254607942,36.69140133960367,-94.68367142015637,0.9892468029218382,0.0,36.69140133960368,-94.68367142015637,0.9918027277071926,0.0,0.0,36.69140133960367,-94.68367142015637,0.9892468029218382,0.0,0.0,36.69140133960368,-94.68367142015634,0.0,36.69140133960367,-94.68367142015637,1.9784936058436764,0.0,0.0,55.526785112332625,-105.20320321281088,0.9892468029218382,0.0,55.526785112332625,-105.2032032128109,0.0,36.69140133960367,-94.68367142015637,0.9892468029218382,0.0,-2.9734038561064942e-05,0.0,0.0,60.34405497823214,0.0,0.0,0.0,0.0,36.69140133960367,-94.68367142015636,0.0,36.69140133960367,-94.68367142015637,0.9892468029218382,0.0,0.0,36.69140133960367,-94.68367142015637,0.9892468029218382,0.0,0.0,0.0,0.0,0.0,0.0,36.69140133960367,-94.68367142015637,0.9892276721165804,0.0,0.0,36.69140133960367,-94.68367142015637,10.881714832140219,0.0,0.0,36.69140133960367,-94.68367142015637,4.946234014609191,0.0,0.0,36.69140133960367,-94.68367142015637,1.9784936058436764,0.0,0.0,36.69140133960367,-94.68367142015637,0.0,0.0,36.69140133960367,-94.68367142015637,0.0,0.0,36.69140133960367,-94.68367142015637,0.0,0.0,36.69140133960367,-94.68367142015637,35.77869539329508,0.0,0.0,1.2751074544785212e+38,4.129469589125777e+38,-1.4243178014762305e+38,4.975502769909976e+38,-6.894461673941682e+35,-4.4031264921735275e+36,-7.080537160056714e+36,1.0975373399315076e+38,1.1067669078111267e+37,1.7952176722211545e+38,6.0131241124711904e+29,2.362439958193328e+29,-6.65218985219574,0.15933260291869678,21.71749246966969,4.329926422365884e+47,-1.0967553999314165e+50,3.241259895546644e+45,-5.39245332809696e+49,6.38193719819829e+40,1.1692436321109185e+41,0.6592558177550254,0.32946360337177427,175.00038521302267,101.31431869027503,2.0217407979704314,0.2011264546194269,210.41088776057126,26.882752866902734,1.062924426558706,1.9414306495686016,136.99778539365815,59.260712981542355,318.8780738789291,0.998841196181419,39.80265321091392,91.91064006606868,14.105686117323328,144.3322958337484,212.77273169572538,41.890862519808124,5.39921203539045,2.072548482688471,51.21208180554318,0.7488860705241471,40.66212011182025,1.3173478553263804,164.6206318584605,199.39605186943749,1.5854120536418908,204.16609736821778,0.36311584204359565,525.0151696012812,1.1511482341575556,61.249807723787455,206.3113911987495,340.3912217237639,19.661520134638614,35.75394918454069,71.0172437931889,4.7870003123386375,14.364200628603296,38.04872575043393,0.36149937044239655,53.0143435151595,38.498356836473036,2.0169976932364664,60.85759685777032,1.1304541945932,185.92506504678764,43.83002108171834,279.2151742689465,109.77490738457209,74.8089515126869,0.4982155211443416,142.69888125169342,0.6551998369472167,1.9347290473592609,11.0796228411482,0.48204432151183396,0.14714680627435514,0.4946234014609191,1.9790103534083086,0.9889890681405724,0.49439465824818873,0.4946234014609191,0.9892468029218382,2.4731170073045954,0.9892468029218382,5.440857416070109,0.7918487081601182,4.007201810362955,1.9863413890612414,100.10518934613627,31.026620655215652,1.487951814015378,4.451610613148272,37.78729653210596,0.19975523080797192,22903.17423109557,756.8777263558671,3216.269376183559,510.81360762463663,126.09913871992879,6.313898242992842,68.83230420341269,1.0151232277744273,24.128264235275736,28.170622924605013,108.44716446260145,31.106415963321844,0.7816710241643714,0.7064171037985959,16.61477304805166,51.48042901582253,27.919798147751003,113.48176123603224,14.512247917017596,0.282415918685228,1.0277455995661884,37.925546422409845,15.26489457908056,17.836638271125423,27.01641389958163,108.85673254420487,7.2280804499537865,1.2040797238693868,80.71581682269591,23.012737171962748,5.925151768059912,11.907600405540647,3.407405654508554,0.5935480817531028,0.19784936058436767,2.771852748648314,4.162897433768548,3.7607137118852876,1.6494746241832088,1.6485971620172424,2.308136464367416,1.3188105539005468,385.33097773094914,0.5572634689657169,1.6488229637828873,0.32978808043052443
2020-02-26 12:00:00,0.14694263078928288,35.54558661525864,103.27705156355731,35.54558661525866,103.27705156355731,35.54558661525866,103.27705156355727,35.54558661525865,103.27705156355731,35.54558661525865,103.27705156355731,35.54558661525865,103.27705156355731,35.54558661525865,103.27705156355731,35.54558661525866,103.27705156355731,35.54558661525866,103.27705156355728,0.0,35.54558661525865,103.27705156355727,35.54558661525865,103.27705156355728,35.54558661525865,103.27705156355728,35.54558661525865,103.2770515635573,35.54558661525865,103.27705156355728,35.54558661525865,103.27705156355731,35.54558661525866,103.27705156355731,35.54558661525866,103.27705156355728,35.54558661525865,103.27705156355731,35.54558661525866,103.2770515635573,0.0,35.54558661525866,103.27705156355731,35.54558661525866,103.27705156355728,0.0,35.54558661525866,103.27705156355728,0.0,35.54558661525865,103.2770515635573,0.00017913143517973157,35.54558661525864,103.2770515635573,0.0,35.54558661525864,103.2770515635573,0.0,36.76333829780135,-94.86930770179933,1.057388207288191,0.005339309587933605,0.00019292260472225783,36.76333829780135,-94.86930770179933,0.9911863147232629,0.0,0.0,36.763338297801354,-94.86930770179933,0.0,0.0003861095479020596,36.763338297801354,-94.86930770179933,2.017170767461783,0.0005780488833687161,0.00041375065431813705,36.763338297801354,-94.86930770179934,0.9922629264064289,0.0,0.00015228002109705235,55.63565061960793,-105.40946403020877,0.0,0.000792536937845284,-25.051637410469002,132.5960840534433,3.9799475381925444,0.0007588647664227002,-25.051637410469002,132.59608405344332,0.0,50.71473270255924,10.359409539174365,0.0,0.0,55.635650619607915,-105.40946403020875,9.25925271143286e-05,0.041958722523118885,-25.051637410469,132.5960840534433,0.0,-25.05163741046901,132.5960840534433,0.0,36.76333829780135,-94.86930770179934,1.9821403180106385,0.0,36.76333829780135,-94.86930770179934,0.9911863147232629,0.0,-0.000363795496072062,36.76333829780135,-94.86930770179933,0.9886314829178815,-0.00041434337717898787,36.76333829780135,-94.86930770179933,0.9911863147232629,0.0,36.763338297801354,-94.86930770179933,0.9932756112603207,0.0,0.0,36.76333829780135,-94.86930770179933,0.9911863147232629,0.0,0.0,36.76333829780135,-94.86930770179931,0.0,36.76333829780135,-94.86930770179933,1.9823726294465258,0.0,0.0,55.6356506196079,-105.40946403020877,0.9911863147232629,0.0,55.635650619607915,-105.4094640302088,0.0,36.76333829780135,-94.86930770179936,0.9911863147232629,0.0,-3.323513981759365e-05,0.0,0.0,60.462365198119045,0.0,0.0,0.0,0.0,36.76333829780135,-94.86930770179933,0.0,36.76333829780135,-94.86930770179933,0.9911863147232629,0.0,0.0,36.76333829780135,-94.86930770179933,0.9911863147232629,0.0,0.0,0.0,0.0,0.0,0.0,36.76333829780135,-94.86930770179933,0.9913662960143581,0.0,0.0,36.76333829780135,-94.86930770179933,10.90304946195589,0.0,0.0,36.76333829780135,-94.86930770179933,4.955931573616314,0.0,0.0,36.76333829780135,-94.86930770179933,1.9823726294465258,0.0,0.0,36.76333829780135,-94.86930770179933,0.0,0.0,36.76333829780135,-94.86930770179933,0.0,0.0,36.76333829780135,-94.86930770179933,0.0,0.0,36.76333829780135,-94.86930770179933,35.859951200594644,0.0,0.0,1.2590888985225865e+38,4.0775930673084226e+38,-1.404897879467039e+38,4.907664064497423e+38,-6.687754279576874e+35,-4.271113458045582e+36,-6.932543782357269e+36,1.0745972360359952e+38,1.0977884040438545e+37,1.7806542004373937e+38,5.9255586014850096e+29,2.3280371655278222e+29,-6.697982419880148,0.15823140558737644,21.832483313233503,4.275531658663287e+47,-1.08180164150211e+50,3.144081548758552e+45,-5.279743322616959e+49,6.289000883998025e+40,1.1448469997369326e+41,0.6605740231615496,0.33013052128333154,175.17604283493404,100.8295874620417,2.091006608263301,0.20191608939153305,211.205974754948,27.034130250626355,1.0722342920619994,1.9380233219854275,136.21267620009013,58.96310551734781,319.1940027237647,0.997241984851677,39.63192621702629,92.06867511118827,14.044614000157853,144.67199153935616,212.74880228181985,41.637157358408885,5.432610433448401,2.0701905614964824,50.97694431755441,0.7501841014832388,40.759888874059364,1.3121618701194833,164.02902614845323,198.70146968495038,1.5953556659229453,205.0561841697965,0.3651206343890561,525.2258237782091,1.1503093054084652,61.13496099592871,205.18106688321035,340.53174285035664,19.669995807883737,35.91509793093537,71.180780063339,4.785164538306142,14.42312052879591,38.14443265554668,0.3632061226020812,53.11122303589443,38.97902702805337,2.029552747478113,61.673280179106996,1.1278419812451799,185.2902908808755,44.775701997827795,279.3454097280994,109.76138842329568,75.09297131731944,0.4994789774406051,143.05889790412962,0.6574805946093727,1.9376016115559223,11.141702263015192,0.4987315611618228,0.14620481889931103,0.49559315736163145,1.982779112028072,0.9909540032873753,0.49538598567304193,0.49559315736163145,0.9911863147232629,2.477965786808157,0.9911863147232629,5.451524730977945,0.7932826374870647,4.021676612436946,1.9895342249916257,100.35897901990144,31.08745127578615,1.4907610748499103,4.460338416254683,37.861382096346844,0.19991022388921567,22973.09173044027,759.4572329575453,3233.979995972877,512.668302800267,127.6235978850431,6.302982420386962,68.89593412499676,1.0149566036852635,23.748351599513416,28.20756706888063,108.67425973433856,31.347622253054038,0.7868367429457168,0.7103116778770948,16.83267303702517,51.60501603311182,27.980009598750335,113.69792703267552,14.520470141206985,0.28213549761376655,1.02507324546329,37.8659032157164,15.092710606318208,17.86265987777952,27.066399466807724,109.07321589803045,7.243890086440105,1.2105162532355318,80.87506484464284,23.059900024094272,5.954310131989727,11.930946380928164,3.414086195157906,0.5947117888339576,0.1982372629446526,2.777012689170131,4.174640528949382,3.767889912651059,1.652643773276551,1.651641189085629,2.3123706614675346,1.3214723921060711,386.62065162973295,0.5642499467454092,1.6520396696273472,0.330426677452042
2020-02-26 13:00:00,0.14757456380531125,35.60624602144176,103.45329635838928,35.60624602144177,103.45329635838927,35.60624602144178,103.45329635838925,35.60624602144176,103.45329635838928,35.60624602144176,103.45329635838928,35.60624602144176,103.45329635838928,35.60624602144176,103.45329635838928,35.60624602144177,103.45329635838927,35.60624602144177,103.45329635838925,0.0,35.60624602144176,103.45329635838924,35.60624602144176,103.45329635838925,35.60624602144176,103.45329635838925,35.60624602144176,103.45329635838927,35.60624602144176,103.45329635838925,35.60624602144176,103.45329635838927,35.60624602144177,103.45329635838928,35.60624602144177,103.45329635838925,35.60624602144176,103.45329635838928,35.60624602144177,103.45329635838927,0.0,35.60624602144177,103.45329635838928,35.60624602144177,103.45329635838925,0.0,35.60624602144178,103.45329635838925,0.0,35.60624602144176,103.45329635838927,0.00013270299897190883,35.60624602144176,103.45329635838927,0.0,35.60624602144176,103.45329635838927,0.0,36.82607582678325,-95.03120447769118,1.0571625014088992,0.005174409513391098,0.00018584188357364737,36.82607582678325,-95.03120447769118,0.9928777982235557,0.0,0.0,36.82607582678326,-95.03120447769118,0.0,0.0003716574980644786,36.82607582678325,-95.03120447769118,2.0196537134011914,0.000565595771212235,0.000400880434317785,36.82607582678326,-95.03120447769118,0.9938942678585772,0.0,0.0001419741501096799,55.730594207562326,-105.5893478386647,0.0,0.0007221712165261171,-25.094388637665837,132.82236248873673,3.984869208303655,0.0006574643437179161,-25.09438863766584,132.82236248873676,0.0,50.80127862466682,10.377088122956248,0.0,0.0,55.730594207562326,-105.58934783866468,7.845806219078204e-05,0.04741449369155394,-25.094388637665837,132.82236248873676,0.0,-25.094388637665844,132.82236248873673,0.0,36.82607582678325,-95.03120447769119,1.985545406455035,0.0,36.82607582678325,-95.03120447769118,0.9928777982235557,0.0,-0.0003213518474957138,36.82607582678325,-95.03120447769116,0.9905476043539665,-0.00037683691831872854,36.82607582678325,-95.03120447769118,0.9928777982235557,0.0,36.82607582678325,-95.03120447769118,0.9945573636636462,0.0,0.0,36.82607582678325,-95.03120447769118,0.9928777982235557,0.0,0.0,36.82607582678325,-95.03120447769116,0.0,36.82607582678325,-95.03120447769118,1.9857555964471114,0.0,0.0,55.73059420756231,-105.5893478386647,0.9928777982235557,0.0,55.73059420756231,-105.58934783866472,0.0,36.82607582678325,-95.03120447769118,0.9928777982235557,0.0,-3.6390397819336794e-05,0.0,0.0,60.56554569163691,0.0,0.0,0.0,0.0,36.82607582678325,-95.03120447769118,0.0,36.82607582678325,-95.03120447769118,0.9928777982235557,0.0,0.0,36.82607582678325,-95.03120447769118,0.9928777982235557,0.0,0.0,0.0,0.0,0.0,0.0,36.82607582678325,-95.03120447769118,0.9932781412253838,0.0,0.0,36.82607582678325,-95.03120447769118,10.921655780459114,0.0,0.0,36.82607582678325,-95.03120447769118,4.9643889911177785,0.0,0.0,36.82607582678325,-95.03120447769118,1.9857555964471114,0.0,0.0,36.82607582678325,-95.03120447769118,0.0,0.0,36.82607582678325,-95.03120447769118,0.0,0.0,36.82607582678325,-95.03120447769118,0.0,0.0,36.82607582678325,-95.03120447769118,35.93205243875947,0.0,0.0,1.247347077758778e+38,4.039566866775412e+38,-1.3903953724252641e+38,4.8570031348353736e+38,-6.515403841945844e+35,-4.16104238741522e+36,-6.813921420712039e+36,1.0562098639604741e+38,1.0920841163851534e+37,1.7714016306866557e+38,5.85925465073403e+29,2.301987627931343e+29,-6.744818356400581,0.15701327043695662,21.94057775621685,4.23565955236093e+47,-1.0706343985636881e+50,3.063055271741916e+45,-5.189401935462141e+49,6.218630201176497e+40,1.1252954238386442e+41,0.6617236122388812,0.33071200117962374,175.29975750975964,100.277927119292,2.1645014963106948,0.20270814344178112,211.976314898361,27.169120749796203,1.0817388773515004,1.9336607100152834,135.32616031654638,58.63020058176811,319.36600250659296,0.9946559562684955,39.43982595187653,92.19580982984891,13.962885695223456,144.96320046661765,212.64838306612222,41.35765018560019,5.461916644111264,2.066940708202927,50.71019661362898,0.7510419894755895,40.84093149837652,1.3063453963170746,163.3664881584815,197.9024850718962,1.6053771512513535,205.9264129829984,0.3671161019458922,525.2516581313034,1.1490146052318866,60.96080564596225,203.89400290258362,340.55378832292683,19.66229479072915,36.04823000840546,71.32978895870014,4.781593260737442,14.47230093592172,38.22601955228877,0.3646164820960787,53.187451413974415,39.479849440358024,2.0419525149037154,62.50316138793464,1.1246875970917438,184.55783520901082,45.765753752487214,279.38324974301815,109.724930750494,75.3661394010978,0.5005556083222326,143.37275410056162,0.6594681842587257,1.9396732692250231,11.206455161836525,0.5147072519463314,0.1451657540909211,0.49643889911177785,1.9860650546721712,0.9926676082314788,0.49625048065261856,0.49643889911177785,0.9928777982235557,2.4821944955588893,0.9928777982235557,5.460827890229557,0.794532043202279,4.035770070042641,1.9923203373731484,100.59243200454561,31.140502765821935,1.4932179992810992,4.467950092006001,37.92599346371841,0.20004484734501554,23032.772095632376,761.6518182665451,3249.3608350509535,514.4488454433247,129.19817008791424,6.28890263629158,68.92855242812736,1.0141203397850835,23.37161480915019,28.236166784978096,108.87498367235231,31.5937152528849,0.7920627525787802,0.7141735662499386,17.05716016071511,51.71158683351033,28.034208823933334,113.88412832726772,14.521186774639627,0.28162466841588474,1.0212676070508924,37.80043859871395,14.922461524227627,17.87147504699742,27.109111574515403,109.26262238205285,7.258143453437954,1.2173019098128783,81.00328682205163,23.08435864605067,5.975898140603538,11.951306830468727,3.419912416103359,0.5957266789341333,0.19857555964471119,2.7815114906645517,4.185915210217432,3.7741477221038497,1.6554077073467122,1.6542928913301078,2.316137858376847,1.323814435575825,387.7926420721859,0.5708574804779039,1.654844909602958,0.33098355568970106
2020-02-26 14:00:00,0.14805247993204884,35.65879247809066,103.60596912678525,35.65879247809067,103.60596912678525,35.658792478090675,103.60596912678524,35.65879247809067,103.60596912678525,35.65879247809067,103.60596912678525,35.65879247809066,103.60596912678525,35.65879247809067,103.60596912678525,35.65879247809067,103.60596912678525,35.658792478090675,103.60596912678525,0.0,35.65879247809066,103.60596912678521,35.65879247809067,103.60596912678523,35.65879247809067,103.60596912678523,35.65879247809067,103.60596912678524,35.65879247809067,103.60596912678523,35.65879247809067,103.60596912678525,35.65879247809067,103.60596912678525,35.658792478090675,103.60596912678525,35.65879247809067,103.60596912678524,35.658792478090675,103.60596912678524,0.0,35.65879247809067,103.60596912678525,35.658792478090675,103.60596912678525,0.0,35.658792478090675,103.60596912678524,0.0,35.65879247809067,103.60596912678523,9.204876169580795e-05,35.65879247809066,103.60596912678524,0.0,35.65879247809066,103.60596912678525,0.0,36.880422465735755,-95.17144821648276,1.0570696396587334,0.005039651944755821,0.0001799794722141695,36.880422465735755,-95.17144821648276,0.9943430526665709,0.0,0.0,36.88042246573576,-95.17144821648276,0.0,0.0003596822888364843,36.880422465735755,-95.17144821648276,2.0218662248961183,0.000555880806348448,0.00039042244614413777,36.88042246573576,-95.17144821648276,0.9953080911812721,0.0,0.0001331166625875937,55.81283947573189,-105.74517291737277,0.0,0.000661349110000849,-25.13142206162987,133.01837710112574,3.989127844768836,0.0005692687290439619,-25.131422061629873,133.01837710112574,0.0,50.87624938073451,10.392402267864036,0.0,0.0,55.81283947573189,-105.74517291737274,6.61410868032133e-05,0.05327821072552956,-25.131422061629873,133.0183771011257,0.0,-25.131422061629884,133.01837710112574,0.0,36.880422465735755,-95.17144821648276,1.988495029213791,0.0,36.880422465735755,-95.17144821648276,0.9943430526665709,0.0,-0.0002844027093893434,36.880422465735755,-95.17144821648273,0.9922066269725465,-0.00034446407299875033,36.880422465735755,-95.17144821648276,0.9943430526665709,0.0,36.88042246573575,-95.17144821648276,0.9956647922858148,0.0,0.0,36.880422465735755,-95.17144821648276,0.9943430526665709,0.0,0.0,36.880422465735755,-95.17144821648276,0.0,36.880422465735755,-95.17144821648276,1.9886861053331417,0.0,0.0,55.81283947573189,-105.74517291737277,0.9943430526665709,0.0,55.81283947573189,-105.74517291737278,0.0,36.880422465735755,-95.17144821648277,0.9943430526665709,0.0,-3.9228784831900516e-05,0.0,0.0,60.65492621266083,0.0,0.0,0.0,0.0,36.880422465735755,-95.17144821648276,0.0,36.880422465735755,-95.17144821648276,0.9943430526665709,0.0,0.0,36.880422465735755,-95.17144821648276,0.9943430526665709,0.0,0.0,0.0,0.0,0.0,0.0,36.880422465735755,-95.17144821648276,0.994991419080129,0.0,0.0,36.880422465735755,-95.17144821648276,10.93777357933228,0.0,0.0,36.880422465735755,-95.17144821648276,4.971715263332855,0.0,0.0,36.880422465735755,-95.17144821648276,1.9886861053331417,0.0,0.0,36.880422465735755,-95.17144821648276,0.0,0.0,36.880422465735755,-95.17144821648276,0.0,0.0,36.880422465735755,-95.17144821648276,0.0,0.0,36.880422465735755,-95.17144821648276,35.99543676463185,0.0,0.0,1.2394143247293308e+38,4.013876433958894e+38,-1.3802813583606167e+38,4.821672322469354e+38,-6.374311058933308e+35,-4.070933920631647e+36,-6.721774412093477e+36,1.0419263738190057e+38,1.0892661008426319e+37,1.766830703179844e+38,5.8119585230882774e+29,2.283405895752146e+29,-6.792522798656633,0.15571377216977964,22.040412557264165,4.208722028920322e+47,-1.0628463897857995e+50,2.996724004594844e+45,-5.119223863930646e+49,6.168433180342157e+40,1.110111241043784e+41,0.6627194268479033,0.33121556537799623,175.37976960803223,99.67614138647303,2.241434289197404,0.2035158577109777,212.72225180007223,27.28612343114394,1.091352969065351,1.9285449960229042,134.36584257921098,58.27287865617932,319.40495525557037,0.9911494970069095,39.23395770743622,92.29469457394191,13.860947126844971,145.20738010573962,212.48658555553789,41.06162429452226,5.48687943180147,2.062996244139077,50.42125167685669,0.751441242469572,40.904943446843916,1.300127601908672,162.66106538000446,197.02964462418595,1.6154440609074248,206.77390966469412,0.3690921499164439,525.1223374257595,1.1473598300041754,60.731460438883175,202.4863569059675,340.4758316449633,19.639786814787836,36.151461374836146,71.46637832480673,4.776686883099025,14.51121422085981,38.29367311895875,0.3657116634382015,53.243122534338355,39.99713914310244,2.054075633433886,63.33508452446928,1.1211252441150465,183.75474342451997,46.78824537404271,279.3444138520371,109.67377153752781,75.62729698297466,0.5014477855628512,143.64151096271166,0.6611511790852924,1.941011757801903,11.27502796662661,0.5293904022374094,0.1440645623552137,0.49717152633328543,1.9889106301557693,0.9941519765472195,0.49699929429678613,0.49717152633328543,0.9943430526665709,2.4858576316664274,0.9943430526665709,5.46888678966614,0.795613211165852,4.04949787300316,1.9947355468225947,100.80718962685118,31.18645883424948,1.495353179864546,4.4745437369995695,37.98196332277651,0.2001609203657516,23082.08664224477,763.4503568698203,3262.247918670383,516.1545547402125,130.8077768404454,6.272286552619962,68.93176914909623,1.012639477502377,23.009718148402968,28.257272541985216,109.05156768259818,31.843139413690192,0.7973204552941562,0.7179670425414132,17.28479766836793,51.800565606797605,28.08302092836354,114.04286539480657,14.51468955653521,0.28088841865311254,1.0163448209590744,37.73319916511696,14.75937186640899,17.861702429939076,27.145091724039638,109.4273986415638,7.271028863184098,1.2245357986513303,81.10096378255903,23.08459715780402,5.988938559261019,11.968944152467985,3.4249594036293,0.5966058315999425,0.19886861053331423,2.7854073769670666,4.196750179594842,3.779567971623141,1.6578020785313803,1.656586804399978,2.3194952964379105,1.3258688154811002,388.8359541923633,0.576887085853517,1.6572748479835504,0.3314658976584896
2020-02-26 15:00:00,0.14837427642844125,35.70399905376257,103.73731600529408,35.70399905376258,103.73731600529409,35.70399905376259,103.73731600529408,35.70399905376258,103.73731600529408,35.70399905376258,103.73731600529408,35.70399905376257,103.73731600529409,35.70399905376258,103.73731600529409,35.70399905376258,103.73731600529409,35.70399905376259,103.73731600529409,0.0,35.70399905376257,103.73731600529405,35.70399905376258,103.73731600529406,35.70399905376258,103.73731600529406,35.70399905376258,103.73731600529408,35.70399905376258,103.73731600529406,35.70399905376257,103.73731600529408,35.70399905376258,103.73731600529409,35.70399905376259,103.73731600529408,35.70399905376258,103.73731600529408,35.70399905376258,103.73731600529408,0.0,35.70399905376258,103.7373160052941,35.70399905376259,103.73731600529406,0.0,35.70399905376259,103.73731600529408,0.0,35.70399905376258,103.73731600529408,5.6622717073745096e-05,35.70399905376257,103.73731600529408,0.0,35.70399905376257,103.73731600529409,0.0,36.9271777676724,-95.29210219763613,1.0570921988151198,0.004931787435356619,0.00017520642190122556,36.9271777676724,-95.29210219763613,0.9956036350175246,0.0,0.0,36.927177767672404,-95.29210219763613,0.0,0.000349920818972671,36.9271777676724,-95.29210219763613,2.023830687690954,0.0005485850006000364,0.0003821082272658805,36.927177767672404,-95.29210219763614,0.9965251407561131,0.0,0.00012557158088622247,55.88359642446407,-105.8792317799763,0.0,0.0006091692854600303,-25.16328252167966,133.18701167656377,3.9927867658026166,0.0004930231248439776,-25.163282521679655,133.1870116765638,0.0,50.94074794778347,10.405577277080171,0.0,0.0,55.88359642446407,-105.87923177997628,5.547010233612694e-05,0.05947950587252746,-25.16328252167966,133.18701167656377,0.0,-25.163282521679665,133.18701167656377,0.0,36.9271777676724,-95.29210219763613,1.991032590025986,0.0,36.9271777676724,-95.29210219763613,0.9956036350175246,0.0,-0.00025237739397283594,36.9271777676724,-95.29210219763611,0.9936330859257587,-0.00031672978085805787,36.9271777676724,-95.29210219763613,0.9956036350175246,0.0,36.9271777676724,-95.29210219763613,0.9966145116030404,0.0,0.0,36.9271777676724,-95.29210219763613,0.9956036350175246,0.0,0.0,36.9271777676724,-95.29210219763614,0.0,36.9271777676724,-95.29210219763613,1.9912072700350492,0.0,0.0,55.88359642446407,-105.8792317799763,0.9956036350175246,0.0,55.88359642446407,-105.87923177997632,0.0,36.9271777676724,-95.29210219763613,0.9956036350175246,0.0,-4.177949754037959e-05,0.0,0.0,60.731821736069016,0.0,0.0,0.0,0.0,36.9271777676724,-95.29210219763613,0.0,36.9271777676724,-95.29210219763613,0.9956036350175246,0.0,0.0,36.9271777676724,-95.29210219763613,0.9956036350175246,0.0,0.0,0.0,0.0,0.0,0.0,36.9271777676724,-95.29210219763613,0.9965349243394623,0.0,0.0,36.9271777676724,-95.29210219763613,10.951639985192772,0.0,0.0,36.9271777676724,-95.29210219763613,4.978018175087624,0.0,0.0,36.9271777676724,-95.29210219763613,1.9912072700350492,0.0,0.0,36.9271777676724,-95.29210219763613,0.0,0.0,36.9271777676724,-95.29210219763613,0.0,0.0,36.9271777676724,-95.29210219763613,0.0,0.0,36.9271777676724,-95.29210219763613,36.05053828528035,0.0,0.0,1.2348510175093577e+38,3.9990980414991014e+38,-1.3740571010953511e+38,4.799929415632225e+38,-6.261447510586612e+35,-3.998853966716742e+36,-6.653323324180609e+36,1.0313159323729577e+38,1.0889746608287715e+37,1.766357976484113e+38,5.781539217897816e+29,2.2714547401235013e+29,-6.840816040048574,0.1543731393613269,22.13082032864537,4.193226248987659e+47,-1.058053577564289e+50,2.943664010903407e+45,-5.067092325251648e+49,6.136148116587053e+40,1.0988359631153262e+41,0.6635761440487095,0.3316486524526199,175.424812733563,99.04338910127015,2.320884905340775,0.2043527928309679,213.44303152351608,27.384734512926066,1.1009734630533803,1.9229039872457219,133.36325403631446,57.903396181190715,319.3262432797997,0.9868414347941767,39.022724684428724,92.36862767967233,13.740110533416336,145.40706076255492,212.28001121941952,40.75956328152063,5.507568137927029,2.0585760230677033,50.12069115590124,0.751377637371078,40.95199747872197,1.293759920534607,161.9434385600324,196.11716899451977,1.6255063894308202,207.5945541493975,0.37103537081470245,524.8703606930104,1.1454507128407854,60.45436526900602,200.9995920378831,340.31806939728506,19.6048093337663,36.224642539515216,71.59266141430052,4.770886480381203,14.539894554263737,38.34799186495818,0.36649129110446477,53.27875258138177,40.52609713744525,2.0657862910225786,64.15575453319939,1.1173049067498344,182.91136297482893,47.829131788075955,279.24595131421006,109.61548558148858,75.8749091033366,0.5021633101080205,143.86728864072307,0.6625315731549348,1.941711526788748,11.348602275867453,0.5422296753529574,0.14294006995069627,0.4978018175087623,1.9913578114059627,0.9954289550084605,0.4976434526183334,0.4978018175087623,0.9956036350175246,2.489009087543812,0.9956036350175246,5.475819992596386,0.7965422424597893,4.062852779612627,1.9968152773510575,101.00468740683307,31.225995591196465,1.4971969562444218,4.480216357578863,38.030115107506006,0.20026024060949232,23121.390255183534,764.8630858906673,3272.6853281095505,517.7824981179217,132.43413565036903,6.253842536544752,68.90787120891655,1.010559722573112,22.67311020320435,28.27176364275495,109.20619024416649,32.09398011765742,0.8025739529487058,0.721649668808731,17.511660667169902,51.872822014578205,28.127018392955456,114.17667370231845,14.501442183678723,0.27993889089570734,1.010360970715778,37.66779144166366,14.608006925669546,17.83268893527508,27.174875553424965,109.56996404480022,7.282732455667367,1.2323157224505428,81.16916491836436,23.06005060926295,5.992822718149163,11.984117828914652,3.4293014095048084,0.5973621810105149,0.19912072700350503,2.7887579178488426,4.207157655638912,3.7842305920959927,1.659862141883798,1.6585570682090176,2.3225015615145175,1.327667810777412,389.7404846868908,0.5821503847130582,1.6593652468336852,0.33188080590808
2020-02-26 16:00:00,0.14854759960738542,35.74261767139213,103.84952169224508,35.74261767139213,103.8495216922451,35.74261767139214,103.84952169224508,35.74261767139213,103.84952169224508,35.74261767139214,103.84952169224508,35.742617671392125,103.84952169224508,35.74261767139214,103.84952169224508,35.74261767139214,103.8495216922451,35.74261767139214,103.8495216922451,0.0,35.74261767139213,103.84952169224503,35.74261767139213,103.84952169224508,35.74261767139213,103.84952169224508,35.74261767139214,103.84952169224508,35.74261767139214,103.84952169224508,35.74261767139213,103.84952169224509,35.74261767139214,103.84952169224508,35.74261767139214,103.84952169224508,35.74261767139214,103.84952169224508,35.74261767139214,103.84952169224506,0.0,35.74261767139213,103.84952169224509,35.74261767139214,103.84952169224505,0.0,35.74261767139214,103.84952169224506,0.0,35.74261767139214,103.84952169224508,2.589200189291943e-05,35.74261767139213,103.84952169224506,0.0,35.74261767139213,103.8495216922451,0.0,36.96711941555899,-95.39517326405493,1.057214340002869,0.0048477429030712865,0.00017140026867985825,36.96711941555899,-95.39517326405493,0.9966805125973566,0.0,0.0,36.967119415559,-95.39517326405493,0.0,0.00034212350438065937,36.96711941555898,-95.39517326405493,2.0255695940650593,0.0005434104668240163,0.00037568482803034074,36.967119415559,-95.39517326405493,0.9975655933393464,0.0,0.00011920664234835307,55.94404195715724,-105.99375423335373,0.0,0.0005647547909659991,-25.190499954229608,133.33107112126115,3.995907540437354,0.0004275065231105655,-25.190499954229605,133.33107112126115,0.0,50.995847133277984,10.416832291104601,0.0,0.0,55.94404195715724,-105.99375423335371,4.627770026771594e-05,0.06593057911839079,-25.190499954229608,133.33107112126112,0.0,-25.190499954229615,133.33107112126115,0.0,36.96711941555898,-95.39517326405493,1.9932003044364355,0.0,36.96711941555899,-95.39517326405493,0.9966805125973566,0.0,-0.00022471128286160837,36.96711941555899,-95.39517326405492,0.9948508337870596,-0.0002931543404728022,36.96711941555899,-95.39517326405493,0.9966805125973566,0.0,36.96711941555898,-95.39517326405493,0.9974226768089735,0.0,0.0,36.96711941555899,-95.39517326405493,0.9966805125973566,0.0,0.0,36.96711941555899,-95.39517326405495,0.0,36.96711941555899,-95.39517326405493,1.9933610251947131,0.0,0.0,55.94404195715723,-105.99375423335373,0.9966805125973566,0.0,55.94404195715724,-105.99375423335374,0.0,36.96711941555899,-95.39517326405493,0.9966805125973566,0.0,-4.407136308854937e-05,0.0,0.0,60.79751126843876,0.0,0.0,0.0,0.0,36.96711941555899,-95.39517326405492,0.0,36.96711941555899,-95.39517326405493,0.9966805125973566,0.0,0.0,36.96711941555899,-95.39517326405493,0.9966805125973566,0.0,0.0,0.0,0.0,0.0,0.0,36.96711941555899,-95.39517326405493,0.9979377019792213,0.0,0.0,36.96711941555899,-95.39517326405493,10.963485638570925,0.0,0.0,36.96711941555899,-95.39517326405493,4.983402562986783,0.0,0.0,36.96711941555899,-95.39517326405493,1.9933610251947131,0.0,0.0,36.96711941555899,-95.39517326405493,0.0,0.0,36.96711941555899,-95.39517326405493,0.0,0.0,36.96711941555899,-95.39517326405493,0.0,0.0,36.96711941555899,-95.39517326405493,36.097788370048065,0.0,0.0,1.2332490315553227e+38,3.993909967148018e+38,-1.3712581888454746e+38,4.790152106356469e+38,-6.1738963184396605e+35,-3.9429396703155127e+36,-6.60593572206096e+36,1.0239704921047472e+38,1.0908805045527542e+37,1.7694493268937202e+38,5.766007015555703e+29,2.2653524387631058e+29,-6.889304980458956,0.15303473855485258,22.210864470976684,4.187786329954709e+47,-1.05589835481779e+50,2.9025039927128653e+45,-5.031002488141232e+49,6.119663251474869e+40,1.0910353516350806e+41,0.664308041083262,0.3320184984877611,175.44382297127558,98.40056967593296,2.4018137229878755,0.20523250235712204,214.13673549655,27.46574818091597,1.1104803389529716,1.9169843322144666,132.3528771263913,57.53493064611702,319.1493613872776,0.9818995136414794,38.814961461092025,92.42144483560848,13.6025276933357,145.5658304638785,212.04622442177356,40.46277558954543,5.524377186663858,2.0539129203266393,49.81987778651279,0.7508621212339271,40.98258103328649,1.2875041510596263,161.24545686774292,195.2016951970781,1.6354962341928743,208.38300025093272,0.3729291767864405,524.5301843174295,1.1433994322858994,60.140059510244704,199.47920329102482,340.1018629473395,19.56054540011015,36.26940070890542,71.71071614828227,4.76465942516502,14.558950119569918,38.389986523429144,0.3669738967493585,53.29529681737506,41.060804726495164,2.0769385489553187,64.95112766084257,1.113386997902321,182.06023751386462,48.87239623262825,279.10570996505334,109.55681231277543,76.10709339237053,0.5027154147627164,144.05323333698337,0.6636247640209008,1.9418898853638042,11.42836470779983,0.5527265946699907,0.14183327033502346,0.4983402562986783,1.9934474198369965,0.996519791839078,0.49819367912844204,0.4983402562986783,0.9966805125973566,2.4917012814933917,0.9966805125973566,5.481742819285462,0.7973347981505894,4.075801942280032,1.9985939813073448,101.1861089918491,31.25977065325668,1.4987789135281415,4.485062306688106,38.0712497286316,0.20034455571371723,23151.530105800666,765.9220773402569,3280.930501309759,519.327483372992,134.05597615221382,6.23433894387405,68.85978053766706,1.0079465528777902,22.370756351946653,28.280535616970027,109.3409406393721,32.34397860857701,0.8077803137128678,0.7251730530922711,17.733404829526716,51.929667771391834,28.166712586132796,114.28808203006948,14.482070132210161,0.27879507061883557,1.0034105977998296,37.60730171440288,14.47216487465233,17.78456257309113,27.198985912019744,109.69267052416048,7.293434298846265,1.2407343380841243,81.20956639773537,23.011171115052385,5.987357791802959,11.997080244227446,3.4330106545020067,0.598008307558414,0.19933610251947143,2.7916191062860207,4.217131213687914,3.788213331209121,1.6616221883358437,1.6602368816537456,2.325216019424961,1.3292434207460009,390.4976594228038,0.5864778196955069,1.6611508898051228,0.3322351886038829
2020-02-26 17:00:00,0.14858933515974126,35.7753687808967,103.94467944169168,35.7753687808967,103.94467944169168,35.775368780896706,103.94467944169165,35.7753687808967,103.94467944169165,35.7753687808967,103.94467944169166,35.77536878089669,103.94467944169166,35.7753687808967,103.94467944169166,35.7753687808967,103.94467944169168,35.7753687808967,103.94467944169168,0.0,35.7753687808967,103.94467944169162,35.7753687808967,103.94467944169165,35.7753687808967,103.94467944169165,35.7753687808967,103.94467944169165,35.775368780896706,103.94467944169165,35.7753687808967,103.94467944169168,35.775368780896706,103.94467944169166,35.7753687808967,103.94467944169166,35.7753687808967,103.94467944169166,35.7753687808967,103.94467944169165,0.0,35.7753687808967,103.94467944169168,35.7753687808967,103.94467944169165,0.0,35.775368780896706,103.94467944169165,0.0,35.7753687808967,103.94467944169165,-6.553439750936474e-07,35.7753687808967,103.94467944169165,0.0,35.7753687808967,103.94467944169168,0.0,37.00099254111398,-95.4825842588092,1.057421845634602,0.004784649639245672,0.00016844624244023764,37.00099254111398,-95.4825842588092,0.9975937751040158,0.0,0.0,37.00099254111399,-95.4825842588092,0.0,0.00033605665361533064,37.00099254111397,-95.4825842588092,2.027105128587417,0.0005400826884143974,0.00037091709636078406,37.00099254111399,-95.4825842588092,0.9984487802281268,0.0,0.00011389502159555578,55.995303715910104,-106.0908767520123,0.0,0.0005272648092571981,-25.213582114301392,133.45324293729317,3.998549141361204,0.00037154841523277284,-25.213582114301392,133.45324293729317,0.0,51.0425748404956,10.426377277937776,0.0,0.0,55.99530371591009,-106.09087675201229,3.840301864282015e-05,0.07252618076638997,-25.213582114301392,133.45324293729317,0.0,-25.213582114301396,133.45324293729317,0.0,37.00099254111397,-95.48258425880918,1.9950386202230117,0.0,37.00099254111398,-95.4825842588092,0.9975937751040158,0.0,-0.00020084985914805946,37.00099254111398,-95.48258425880917,0.9958827158020344,-0.00027327954393922393,37.00099254111398,-95.4825842588092,0.9975937751040158,0.0,37.00099254111397,-95.4825842588092,0.9981047630561415,0.0,0.0,37.00099254111398,-95.4825842588092,0.9975937751040158,0.0,0.0,37.00099254111398,-95.4825842588092,0.0,37.00099254111398,-95.4825842588092,1.9951875502080316,0.0,0.0,55.99530371591009,-106.0908767520123,0.9975937751040158,0.0,55.9953037159101,-106.09087675201232,0.0,37.00099254111398,-95.4825842588092,0.9975937751040158,0.0,-4.6132338448053815e-05,0.0,0.0,60.85322028134498,0.0,0.0,0.0,0.0,37.00099254111398,-95.48258425880918,0.0,37.00099254111398,-95.4825842588092,0.9975937751040158,0.0,0.0,37.00099254111398,-95.4825842588092,0.9975937751040158,0.0,0.0,0.0,0.0,0.0,0.0,37.00099254111398,-95.4825842588092,0.9992287495549553,0.0,0.0,37.00099254111398,-95.4825842588092,10.973531526144177,0.0,0.0,37.00099254111398,-95.4825842588092,4.98796887552008,0.0,0.0,37.00099254111398,-95.4825842588092,1.9951875502080316,0.0,0.0,37.00099254111398,-95.4825842588092,0.0,0.0,37.00099254111398,-95.4825842588092,0.0,0.0,37.00099254111398,-95.4825842588092,0.0,0.0,37.00099254111398,-95.4825842588092,36.137618966033344,0.0,0.0,1.2342338359489735e+38,3.997099282511633e+38,-1.3714571576781362e+38,4.790847154875203e+38,-6.108885048197598e+35,-3.9014204248935543e+36,-6.577148984169378e+36,1.0195083278625958e+38,1.0946856987171493e+37,1.7756214953620276e+38,5.763525632033906e+29,2.2643775512547464e+29,-6.937480879739581,0.15174321678000569,22.279863311915232,4.191130464247039e+47,-1.0560515651065537e+50,2.8719405589076153e+45,-5.009078849151785e+49,6.117029673071302e+40,1.0863031812070769e+41,0.6649288010010516,0.33233203891530066,175.4456125467698,97.76955820379422,2.4830790487616854,0.20616815167965977,214.80030115135867,27.531052027819904,1.1197389704154217,1.9110431950054334,131.37092686898927,57.18102465788318,318.89721216590397,0.9765330615308659,38.619499480810596,92.457357322093,13.451107111830474,145.68823862376365,211.80312762363167,40.18293352757398,5.538004360893023,2.049244820749654,49.530482724814554,0.7499207409313442,40.997609842742946,1.2816185618019038,160.5984309292479,194.32074690591173,1.6453288554714434,209.13279398439045,0.3747542177382765,524.1371883749864,1.141320322385237,59.80171865181553,197.9731215305025,339.8490822995747,19.510820311536563,36.289042453901885,71.82254453633823,4.758482232534568,14.5695302815454,38.42104867470904,0.36719596402504084,53.29413888286797,41.59429979736046,2.087382339853647,65.70693173549611,1.1095358777891406,181.23476148342885,49.900346711840996,278.94171761561165,109.5035276150426,76.32168303501388,0.503122346575253,144.20339750386958,0.6644583904024142,1.9416809688997922,11.515470592219886,0.5604575918211334,0.14078529020727149,0.4987968875520079,1.995218565332157,0.9974448451189952,0.4986602477800385,0.4987968875520079,0.9975937751040158,2.49398443776004,0.9975937751040158,5.486765763072088,0.7980058889115241,4.088285719452578,2.00010466333322,101.35235647057473,31.28841411135941,1.5001274632242647,4.4891719879680725,38.10613457339314,0.20041554011194795,23173.817205161962,766.680058685499,3287.443245568771,520.7822556724963,135.6495250868346,6.2145786227640905,68.7909708212551,1.0048830141689384,22.10994497478893,28.28448709835552,109.45779085122146,32.59057039686982,0.8128903248832885,0.7284841921378058,17.945376269008257,51.9728191651173,28.202550052073683,114.37957316952179,14.457339516534166,0.27748200256905464,0.9956225713703906,37.55424273819458,14.354807055811772,17.718234865606462,27.21792801652185,109.79776866929845,7.303304682823034,1.2498747796027696,81.22443271880012,22.93942893058275,5.972789701008434,12.00807321884464,3.436156336469389,0.5985562650624096,0.1995187550208033,2.7940445953196407,4.226644725687703,3.7915906920955713,1.6631150752124557,1.6616580512949644,2.32769834554709,1.3306270098824433,391.10105521759215,0.5897264818260982,1.6626651044473064,0.33253566467164497
2020-02-26 18:00:00,0.14852437430892612,35.802933239074164,104.02476747060308,35.802933239074164,104.02476747060305,35.80293323907417,104.02476747060302,35.802933239074164,104.02476747060305,35.802933239074164,104.02476747060305,35.80293323907416,104.02476747060305,35.802933239074164,104.02476747060305,35.802933239074164,104.02476747060305,35.802933239074164,104.02476747060305,0.0,35.80293323907416,104.024767470603,35.802933239074164,104.02476747060304,35.80293323907416,104.02476747060304,35.80293323907416,104.02476747060302,35.80293323907417,104.02476747060305,35.802933239074164,104.02476747060305,35.80293323907417,104.02476747060305,35.80293323907417,104.02476747060305,35.802933239074164,104.02476747060305,35.802933239074164,104.02476747060304,0.0,35.802933239074164,104.02476747060305,35.80293323907417,104.02476747060302,0.0,35.80293323907417,104.02476747060302,0.0,35.802933239074164,104.02476747060305,-2.3504239638739988e-05,35.802933239074164,104.02476747060305,0.0,35.802933239074164,104.02476747060305,0.0,37.02950132652079,-95.55615235300822,1.0577021015135122,0.004739861606078491,0.0001662380896100056,37.02950132652079,-95.55615235300822,0.998362408183953,0.0,0.0,37.029501326520794,-95.55615235300822,0.0,0.00033150407324081255,37.02950132652079,-95.55615235300822,2.028458810778164,0.0005383517616225873,0.00036758911254505464,37.029501326520794,-95.5561523530082,0.9991929689535439,0.0,0.00010951670220820612,56.03844737200669,-106.17261839814742,0.0,0.0004959039658852162,-25.23300885267969,133.55606693209586,4.000767280186585,0.00032404197318156806,-25.233008852679692,133.5560669320959,0.0,51.081902483156036,10.4344106665572,0.0,0.0,56.03844737200667,-106.17261839814739,3.169368286459577e-05,0.0791447110377264,-25.233008852679692,133.55606693209586,0.0,-25.233008852679696,133.55606693209586,0.0,37.02950132652079,-95.5561523530082,1.996585761719386,0.0,37.02950132652079,-95.55615235300822,0.998362408183953,0.0,-0.00018025049564246323,37.02950132652079,-95.5561523530082,0.9967503148143605,-0.00025667345779001056,37.02950132652079,-95.55615235300822,0.998362408183953,0.0,37.02950132652079,-95.55615235300822,0.9986753919845289,0.0,0.0,37.02950132652079,-95.55615235300822,0.998362408183953,0.0,0.0,37.02950132652079,-95.55615235300823,0.0,37.02950132652079,-95.55615235300822,1.996724816367906,0.0,0.0,56.03844737200667,-106.17261839814742,0.998362408183953,0.0,56.03844737200667,-106.17261839814742,0.0,37.02950132652079,-95.55615235300822,0.998362408183953,0.0,-4.798910722120199e-05,0.0,0.0,60.90010689922115,0.0,0.0,0.0,0.0,37.02950132652079,-95.5561523530082,0.0,37.02950132652079,-95.55615235300822,0.998362408183953,0.0,0.0,37.02950132652079,-95.55615235300822,0.998362408183953,0.0,0.0,0.0,0.0,0.0,0.0,37.02950132652079,-95.55615235300822,1.0004367476526155,0.0,0.0,37.02950132652079,-95.55615235300822,10.981986490023488,0.0,0.0,37.02950132652079,-95.55615235300822,4.991812040919765,0.0,0.0,37.02950132652079,-95.55615235300822,1.996724816367906,0.0,0.0,37.02950132652079,-95.55615235300822,0.0,0.0,37.02950132652079,-95.55615235300822,0.0,0.0,37.02950132652079,-95.55615235300822,0.0,0.0,37.02950132652079,-95.55615235300823,36.17046755948816,0.0,0.0,1.2374653980078082e+38,4.0075647826547774e+38,-1.3742647693251345e+38,4.800654853348092e+38,-6.063810790264302e+35,-3.872633890337666e+36,-6.564685619767589e+36,1.0175764111869284e+38,1.100123608948184e+37,1.7844419908772042e+38,5.772418644536086e+29,2.2678714435627894e+29,-6.984724565272896,0.15054244342349804,22.33740404432226,4.202103991140757e+47,-1.0582134865762944e+50,2.8507500161981213e+45,-4.999586898283007e+49,6.126468135712348e+40,1.0842637657979548e+41,0.665451360454767,0.332595831720659,175.4385303282807,97.17234842506215,2.5634622568548444,0.20717207860137743,215.4296388394206,27.58342555303456,1.1286037976756178,1.905339010877576,130.45398091392244,56.85497061218827,318.59514335317857,0.970982524057555,38.44469830166546,92.48075188872768,13.289386112467193,145.77962342608038,211.56828332840414,39.93156129037094,5.549404253192415,2.0448047636539455,49.26396302455844,0.7485936492346413,40.99841686713607,1.2763431356380632,160.03132245072243,193.51104516817577,1.6549052753975688,209.83659250746487,0.37648909446375306,523.7265576663807,1.1393251942701113,59.454491679553655,196.52991995485004,339.5813972070945,19.45983538342773,36.28832429515077,71.93003213539762,4.752821829667803,14.573250121832949,38.442889434666455,0.3672095982674979,53.27705412651019,42.11874364655732,2.0969708943248446,66.4092959770696,1.1059127267237019,180.46769537121392,50.89406973755554,278.77151829706463,109.4603589664714,76.51632281659842,0.5034065532545764,144.32254073383302,0.6650701158275806,1.9412280380457623,11.61100107061999,0.5650932724700444,0.13983519036414765,0.4991812040919765,1.9967082060270034,0.9982233535354321,0.4990528673630817,0.4991812040919765,0.998362408183953,2.4959060204598824,0.998362408183953,5.490993245011744,0.7985697112320858,4.100218223843681,2.001378506727713,101.50403928110697,31.31252142909228,1.5012695106747154,4.49263083682779,38.13549485641876,0.20047477733383473,23189.962603762495,767.2076606377325,3292.859202374041,522.1379060796728,137.18926859735365,6.195370549899518,68.70535177668542,1.0014664702510463,21.896164298841565,28.284506368167214,109.55857577757283,32.83094606366382,0.8178497095073591,0.731527377457541,18.142760889885633,52.004327547608504,28.23491300320368,114.45354832025953,14.428127442659342,0.2760296362227177,0.9871538732908347,37.510524730134264,14.258022440747464,17.63535520697939,27.232186715174212,109.88738033319545,7.31250064085329,1.2598057932832765,81.21656253025527,22.847251249331208,5.949800682222994,12.017325283695735,3.4388038504113947,0.5990174449103719,0.19967248163679074,2.796085100377534,4.235652578541899,3.7944331015147212,1.6643718578541422,1.6628506374792718,2.3300081344712607,1.33184902339091,391.54695271495746,0.5917869654708249,1.6639393866200725,0.3327884892180593
2020-02-26 19:00:00,0.1483837593816108,35.82594635903136,104.09163166958743,35.82594635903136,104.09163166958743,35.82594635903137,104.0916316695874,35.82594635903136,104.0916316695874,35.82594635903137,104.0916316695874,35.825946359031356,104.0916316695874,35.82594635903136,104.0916316695874,35.82594635903137,104.0916316695874,35.82594635903137,104.09163166958743,0.0,35.82594635903136,104.09163166958737,35.82594635903136,104.0916316695874,35.825946359031356,104.0916316695874,35.82594635903136,104.0916316695874,35.82594635903138,104.0916316695874,35.82594635903136,104.0916316695874,35.82594635903138,104.09163166958741,35.82594635903138,104.0916316695874,35.82594635903136,104.09163166958741,35.82594635903137,104.0916316695874,0.0,35.82594635903136,104.09163166958743,35.82594635903138,104.0916316695874,0.0,35.82594635903138,104.09163166958739,0.0,35.82594635903137,104.0916316695874,-4.3108021021257686e-05,35.82594635903136,104.09163166958743,0.0,35.82594635903136,104.09163166958743,0.0,37.05330284999632,-95.61757316403686,1.0580440362583219,0.004710965082783458,0.00016467854721085836,37.05330284999632,-95.61757316403686,0.9990041275008281,0.0,0.0,37.05330284999633,-95.61757316403686,0.0,0.00032826797803488673,37.05330284999632,-95.61757316403686,2.0296512010599645,0.0005379927538387477,0.000365504873200773,37.05330284999633,-95.61757316403686,0.999815203433934,0.0,0.00010595949786899178,56.07446731213214,-106.2408631753854,0.0,0.0004699292138698281,-25.24922792209868,133.64191302098465,4.0026139216788845,0.00028395375151730583,-25.249227922098683,133.64191302098467,0.0,51.11473649543199,10.44111761268222,0.0,0.0,56.07446731213214,-106.24086317538536,2.600724036811472e-05,0.08565055994787965,-25.24922792209868,133.64191302098465,0.0,-25.24922792209868,133.64191302098465,0.0,37.053302849996314,-95.61757316403686,1.9978773959122038,0.0,37.05330284999632,-95.61757316403687,0.9990041275008281,0.0,-0.00016238184978331242,37.05330284999632,-95.61757316403686,0.997473764659272,-0.00024293387581465244,37.05330284999632,-95.61757316403686,0.9990041275008281,0.0,37.05330284999632,-95.61757316403687,0.999148204722095,0.0,0.0,37.05330284999632,-95.61757316403686,0.9990041275008281,0.0,0.0,37.05330284999632,-95.61757316403688,0.0,37.05330284999632,-95.61757316403686,1.9980082550016562,0.0,0.0,56.074467312132136,-106.24086317538539,0.9990041275008281,0.0,56.07446731213214,-106.24086317538539,0.0,37.05330284999632,-95.61757316403687,0.9990041275008281,0.0,-4.966677284954594e-05,0.0,0.0,60.939251777550524,0.0,0.0,0.0,0.0,37.05330284999632,-95.61757316403687,0.0,37.05330284999632,-95.61757316403686,0.9990041275008281,0.0,0.0,37.05330284999632,-95.61757316403686,0.9990041275008281,0.0,0.0,0.0,0.0,0.0,0.0,37.05330284999632,-95.61757316403686,1.0015898065280417,0.0,0.0,37.05330284999632,-95.61757316403686,10.989045402509111,0.0,0.0,37.05330284999632,-95.61757316403686,4.99502063750414,0.0,0.0,37.05330284999632,-95.61757316403686,1.9980082550016562,0.0,0.0,37.05330284999632,-95.61757316403686,0.0,0.0,37.05330284999632,-95.61757316403686,0.0,0.0,37.05330284999632,-95.61757316403686,0.0,0.0,37.05330284999632,-95.61757316403688,36.196782734894995,0.0,0.0,1.2426380801068229e+38,4.024316651955742e+38,-1.3793301382832789e+38,4.818349469855562e+38,-6.0362576984311776e+35,-3.855037193984945e+36,-6.566461780492893e+36,1.0178517296654069e+38,1.1069580250019543e+37,1.7955276715136954e+38,5.791170969469947e+29,2.2752388686989116e+29,-7.0303198582582365,0.14947339959057945,22.383347406015897,4.219669046396551e+47,-1.0621139298283017e+50,2.8377966144996848e+45,-5.000939601276795e+49,6.146370628627742e+40,1.0845733624539488e+41,0.6658877990241231,0.3328160017058047,175.4301324413988,96.6301635139215,2.6416994642561975,0.20825529491703032,216.01984701639728,27.626259562973008,1.136923279228677,1.900121959667329,129.6375539095462,56.569179790727276,318.26980404943174,0.965506750127652,38.29797843777658,92.49596847238644,13.121371708791198,145.8458748328003,211.35822883464334,39.71950831942683,5.559720487504152,2.040810931691301,49.03102632247132,0.7469333136632096,40.98671778054171,1.271885156166357,159.5689773130334,192.80677800290624,1.6641164459263171,210.4864778944966,0.37811135077907815,523.3321493510664,1.1375185924664204,59.11469517564073,195.1969500976578,339.3195610679438,19.41186258724398,36.27311018686153,72.03490744404897,4.748116510093452,14.572078502181625,38.457452727458886,0.3670790190452199,53.246150736867904,42.625680631585226,2.105569166383429,67.04545534525799,1.1026682754939647,179.78964693290473,51.834031828996885,278.61150704985556,109.43094073640322,76.68859392991486,0.5035935335120886,144.4158667838404,0.6655045511361275,1.9406747691805974,11.715913546709846,0.5664133437442638,0.13901777118975506,0.49950206375041406,1.9979508258291023,0.998873268411375,0.4993805968125068,0.49950206375041406,0.9990041275008281,2.49751031875207,0.9990041275008281,5.494522701254556,0.7990395295906647,4.111489766822314,2.0024446002703113,101.64148296214199,31.332648238451682,1.502230208212615,4.495518573753728,38.160007281473376,0.2005237477030999,23201.9830811356,767.5893055197964,3297.949818947078,523.384480762259,138.64897611606204,6.177500538375341,68.60713202639192,0.9978046429788701,21.733044276233027,28.28145784916213,109.64498141448195,33.06213140074664,0.8226007434280853,0.7342465865136989,18.320767457430485,52.02648272669853,28.264123182910755,114.51229617278861,14.395386918731782,0.2744714269704788,0.9781820008486223,37.47744736146086,14.183021371609017,17.53822359227465,27.24222575417764,109.96347768742615,7.321162730069051,1.2705764856376012,81.1892038915063,22.73790662076961,5.919482684860615,12.02504968288034,3.4410142169472975,0.5994024765004969,0.1998008255001657,2.7977879643955035,4.244091283578844,3.7968063038875517,1.6654215206589607,1.663842696328628,2.332204565237762,1.33293876631324,391.8347683666381,0.5925886886986018,1.6650031252615372,0.33299949888035413
2020-02-26 20:00:00,0.14820236477036453,35.84499399840013,104.14697423727507,35.84499399840013,104.14697423727506,35.844993998400135,104.14697423727503,35.84499399840013,104.14697423727503,35.84499399840013,104.14697423727505,35.84499399840013,104.14697423727505,35.84499399840013,104.14697423727505,35.84499399840013,104.14697423727503,35.844993998400135,104.14697423727506,0.0,35.84499399840013,104.146974237275,35.84499399840013,104.14697423727503,35.84499399840012,104.14697423727503,35.84499399840013,104.14697423727503,35.844993998400135,104.14697423727505,35.84499399840013,104.14697423727503,35.844993998400135,104.14697423727506,35.844993998400135,104.14697423727503,35.84499399840013,104.14697423727506,35.84499399840013,104.14697423727503,0.0,35.84499399840013,104.14697423727506,35.844993998400135,104.14697423727503,0.0,35.84499399840014,104.14697423727503,0.0,35.84499399840013,104.14697423727505,-5.9885399862822514e-05,35.84499399840013,104.14697423727506,0.0,35.84499399840013,104.14697423727506,0.0,37.07300303999369,-95.66841031520917,1.0584380295003974,0.004695780888930648,0.00016367951385579073,37.07300303999369,-95.66841031520917,0.9995352696556743,0.0,0.0,37.073003039993694,-95.66841031520917,0.0,0.0003261692968372183,37.07300303999369,-95.66841031520917,2.0307016721636306,0.0005388053332353645,0.0003644883383030215,37.073003039993694,-95.66841031520916,1.0003311990231447,0.0,0.00010311973887657975,56.104280515681694,-106.29734842849527,0.0,0.0004486544227819628,-25.262652220314838,133.71296663498455,4.004136965844222,0.00025033010993213544,-25.26265222031484,133.71296663498458,0.0,51.141912750803925,10.446668858723292,0.0,0.0,56.10428051568169,-106.29734842849525,2.1212120083705837e-05,0.09189772691881223,-25.262652220314838,133.71296663498455,0.0,-25.26265222031484,133.71296663498455,0.0,37.07300303999369,-95.66841031520916,1.998946412972863,0.0,37.07300303999369,-95.66841031520917,0.9995352696556743,0.0,-0.00014672074360230197,37.07300303999369,-95.66841031520917,0.9980716278843975,-0.00023169052593715114,37.07300303999369,-95.66841031520917,0.9995352696556743,0.0,37.07300303999369,-95.66841031520917,0.9995357785504735,0.0,0.0,37.07300303999369,-95.66841031520917,0.9995352696556743,0.0,0.0,37.07300303999369,-95.66841031520917,0.0,37.07300303999369,-95.66841031520917,1.9990705393113486,0.0,0.0,56.10428051568168,-106.29734842849527,0.9995352696556743,0.0,56.10428051568169,-106.29734842849527,0.0,37.07300303999369,-95.66841031520919,0.9995352696556743,0.0,-5.118864303553256e-05,0.0,0.0,60.97165144899615,0.0,0.0,0.0,0.0,37.07300303999369,-95.66841031520917,0.0,37.07300303999369,-95.66841031520917,0.9995352696556743,0.0,0.0,37.07300303999369,-95.66841031520917,0.9995352696556743,0.0,0.0,0.0,0.0,0.0,0.0,37.07300303999369,-95.66841031520917,1.0027152136748065,0.0,0.0,37.07300303999369,-95.66841031520917,10.994887966212419,0.0,0.0,37.07300303999369,-95.66841031520917,4.997676348278372,0.0,0.0,37.07300303999369,-95.66841031520917,1.9990705393113486,0.0,0.0,37.07300303999369,-95.66841031520917,0.0,0.0,37.07300303999369,-95.66841031520917,0.0,0.0,37.07300303999369,-95.66841031520917,0.0,0.0,37.07300303999369,-95.66841031520917,36.21702923132775,0.0,0.0,1.2494797190054524e+38,4.0464734824820195e+38,-1.3863399136746276e+38,4.842836390428959e+38,-6.0240075439719735e+35,-3.8472136709626293e+36,-6.580589820910012e+36,1.0200416838379956e+38,1.1149816638763099e+37,1.808542316423207e+38,5.8184262314265406e+29,2.2859469330450044e+29,-7.073475439944744,0.14857215643296662,22.417824151210116,4.242901435898619e+47,-1.067511607934119e+50,2.8320375086781392e+45,-5.011699349703313e+49,6.175297583547405e+40,1.0869205934202248e+41,0.666249267685579,0.3329982046191064,175.42688509667903,96.16259032699716,2.7165179836840005,0.20942693327877834,216.56551975206997,27.663222006464622,1.1445459219847547,1.89562474080882,128.9547044488027,56.33457784396501,317.94790511563093,0.9603690216149298,38.185390515996545,92.50707370444957,12.951365158862306,145.89315088557638,211.18782714295696,39.556442748280205,5.570202142774506,2.037457135049949,48.841118189892924,0.7450021150323071,40.964556199985104,1.2684062898135724,159.23054394068487,192.2379425443413,1.672848882312516,211.0743516476374,0.37959870055095624,522.985412329574,1.1359932923320142,58.798926881723204,194.01852336856018,339.0827290366535,19.370926652670022,36.24994446642814,72.13870128122971,4.744757771095239,14.568198921700922,38.46680988339336,0.36687617319279164,53.20379419498463,43.106384992523374,2.1130626636470127,67.60448132284952,1.0999358725546893,179.22761892660589,52.700805491295625,278.4763043854921,109.41780566276131,76.836160016038,0.5037104406437047,144.48871863701567,0.6658095918723128,1.940156270567521,11.830985962881877,0.564315916043262,0.13836154687685376,0.49976763482783715,1.9989782225648862,0.9994111433171882,0.49965178956486866,0.49976763482783715,0.9995352696556743,2.498838174139186,0.9995352696556743,5.497443983106209,0.7994276020922984,4.121971236589173,2.0033297592675674,101.76475780992376,31.349306918675598,1.5030327894441098,4.497908713450537,38.180295874821965,0.20056382114435556,23212.083669433556,767.9180603326691,3303.5719697232844,524.5117607681608,140.00294284523318,6.161702780661482,68.50067231888812,0.9940113006853447,21.622356899965464,28.276168931753936,109.71854024953032,33.281082073276025,0.8270841732190841,0.7365882239175574,18.47483451815159,52.041696591624614,28.29044812666612,114.5579674541932,14.360109593269037,0.2728428290831396,0.9688967429547233,37.455709378933484,14.130153698293942,17.4296712559324,27.248488816668893,110.02786841243197,7.329412113650774,1.2822108522258036,81.14594629508038,22.61534684703276,5.88328968521596,12.031443060670156,3.442843706591768,0.5997211617934046,0.19990705393113495,2.7991968762303925,4.251882501161587,3.7987709679895847,1.666290801639069,1.6646601119650986,2.334346088828626,1.3339242349730225,391.96732145426597,0.5921032129044796,1.6658834214631266,0.3331740759037257
2020-02-26 21:00:00,0.14801630546041572,35.86061048696241,104.19234765907129,35.8606104869624,104.19234765907126,35.86061048696241,104.19234765907123,35.86061048696241,104.19234765907125,35.8606104869624,104.19234765907126,35.8606104869624,104.19234765907125,35.8606104869624,104.19234765907126,35.86061048696241,104.19234765907125,35.86061048696241,104.19234765907126,0.0,35.8606104869624,104.1923476590712,35.8606104869624,104.19234765907123,35.86061048696239,104.19234765907126,35.8606104869624,104.19234765907125,35.86061048696241,104.19234765907126,35.86061048696241,104.19234765907123,35.86061048696241,104.19234765907125,35.860610486962415,104.19234765907123,35.86061048696241,104.19234765907126,35.8606104869624,104.19234765907123,0.0,35.8606104869624,104.19234765907126,35.860610486962415,104.19234765907125,0.0,35.860610486962415,104.19234765907123,0.0,35.86061048696241,104.19234765907126,-7.421877884336396e-05,35.86061048696241,104.19234765907126,0.0,35.86061048696241,104.19234765907126,0.0,37.089154531830154,-95.71008990470847,1.058875799117486,0.0046923604847793066,0.0001631619672267555,37.089154531830154,-95.71008990470847,0.9999707343988646,0.0,0.0,37.08915453183016,-95.71008990470847,0.0,0.0003250474729085814,37.089154531830154,-95.71008990470847,2.031628244562865,0.0005406128260915955,0.000364382960634551,37.08915453183016,-95.71008990470847,1.000755287048656,0.0,0.00010090265221884484,56.12872331109705,-106.3436586978179,0.0,0.0004314528804484439,-25.273658329549196,133.77122099022802,4.005380081178518,0.00022230066810685623,-25.2736583295492,133.77122099022807,0.0,51.164193605295395,10.451220129808828,0.0,0.0,56.12872331109705,-106.34365869781789,1.718816328769783e-05,0.09773465324249447,-25.273658329549196,133.77122099022802,0.0,-25.273658329549196,133.77122099022802,0.0,37.089154531830154,-95.71008990470847,1.9998228100317763,0.0,37.089154531830154,-95.71008990470848,0.9999707343988646,0.0,-0.00013274641418478482,37.089154531830154,-95.71008990470847,0.998560831494413,-0.00022260615486403932,37.089154531830154,-95.71008990470847,0.9999707343988646,0.0,37.089154531830154,-95.7100899047085,0.9998495829593458,0.0,0.0,37.089154531830154,-95.71008990470847,0.9999707343988646,0.0,0.0,37.089154531830154,-95.7100899047085,0.0,37.089154531830154,-95.71008990470847,1.9999414687977293,0.0,0.0,56.12872331109705,-106.34365869781789,0.9999707343988646,0.0,56.12872331109705,-106.34365869781789,0.0,37.089154531830154,-95.7100899047085,0.9999707343988646,0.0,-5.2576097076594084e-05,0.0,0.0,60.99821479833076,0.0,0.0,0.0,0.0,37.089154531830154,-95.71008990470848,0.0,37.089154531830154,-95.71008990470847,0.9999707343988646,0.0,0.0,37.089154531830154,-95.71008990470847,0.9999707343988646,0.0,0.0,0.0,0.0,0.0,0.0,37.089154531830154,-95.71008990470847,1.0038391650229217,0.0,0.0,37.089154531830154,-95.71008990470847,10.999678078387511,0.0,0.0,37.089154531830154,-95.71008990470847,4.999853671994323,0.0,0.0,37.089154531830154,-95.71008990470847,1.9999414687977293,0.0,0.0,37.089154531830154,-95.71008990470847,0.0,0.0,37.089154531830154,-95.71008990470847,0.0,0.0,37.089154531830154,-95.71008990470847,0.0,0.0,37.089154531830154,-95.7100899047085,36.231691491223785,0.0,0.0,1.2577500734917242e+38,4.073257246644335e+38,-1.3950167194704899e+38,4.8731466703584864e+38,-6.025044043944384e+35,-3.847875628444394e+36,-6.605375852304128e+36,1.0238837080162234e+38,1.1240142297484553e+37,1.823193478980336e+38,5.852980866190108e+29,2.299522779540015e+29,-7.113354699613565,0.147868067462658,22.44122427352761,4.270985364266122e+47,-1.074192935374462e+50,2.8325247933932213e+45,-5.030576097958461e+49,6.211971616020907e+40,1.0910260424168562e+41,0.6665459527715685,0.33314760931875675,175.43391904126136,95.78678438530358,2.786675350429153,0.21069365018188363,217.06113182972172,27.69790092632041,1.1513270758002498,1.8920541378795508,128.43474910271047,56.16006388355616,317.65496908784456,0.9558228239427696,38.11125189645822,92.51764821559729,12.783784341608401,145.92756893075898,211.0696916365211,39.45039565940488,5.582111110636058,2.034904362418408,48.701963575636114,0.7428695584829864,40.934233366934784,1.2660121857747684,159.02820296720063,191.8288609195804,1.6809915086366458,211.59238789701897,0.38093041710196784,522.714412038215,1.1348263072924163,58.52316188965499,193.03423416427643,338.8878447547205,19.340501557498825,36.22557547118382,72.24270648953359,4.743074090135687,14.563854586509407,38.473043831172134,0.3666758344519139,53.15252158905797,43.552280218751875,2.119365968043666,68.07798142300504,1.097825309823124,178.80371227510733,53.47588301532316,278.37820623141266,109.42240847554098,76.95692408219949,0.5037845489456205,144.54625777077143,0.6660325017245756,1.9397905644441886,11.956756069414293,0.5588203388416833,0.13788703495825638,0.4999853671994323,1.9998193959219486,0.9998520756329115,0.49987406412200036,0.4999853671994323,0.9999707343988646,2.4999268359971616,0.9999707343988646,5.4998390391937555,0.7997451457171154,4.1315202981878745,2.004058431446513,101.87372613923303,31.362964783786488,1.503698477181289,4.499868304794892,38.1969297778395,0.2005962546702033,23222.526070176362,768.2898546666033,3310.6111259331583,525.5101629897074,141.2273801340287,6.148633681574241,68.39034012531152,0.9902019340923662,21.564068657256513,28.269417581759058,109.78063280518299,33.484786742288506,0.8312413096546272,0.7385040271238165,18.60084763610003,52.05237595717384,28.31410883181397,114.59255544319333,14.323289423817942,0.27117981024256094,0.95949205151712,37.44543287090353,14.098947105782615,17.312920614712162,27.25140199398694,110.08218653698933,7.337348002897819,1.2947023301500482,81.09059815149277,22.484020576206305,5.842973492465633,12.036684765912263,3.4443436407072014,0.5999824406393188,0.19999414687977302,2.8003517278469534,4.258937397069919,3.8003824861247084,1.6670041014889394,1.6653265103524948,2.336490097691133,1.3348319861170612,391.9509061771352,0.5903452560738901,1.6666049926288953,0.3333171291150149
2020-02-26 22:00:00,0.14786028271519147,35.873278149641585,104.22915332121629,35.87327814964158,104.22915332121627,35.87327814964159,104.22915332121624,35.873278149641585,104.22915332121624,35.87327814964158,104.22915332121624,35.87327814964158,104.22915332121624,35.87327814964158,104.22915332121626,35.873278149641585,104.22915332121624,35.873278149641585,104.22915332121627,0.0,35.87327814964158,104.22915332121622,35.87327814964158,104.22915332121624,35.87327814964158,104.22915332121627,35.87327814964158,104.22915332121626,35.873278149641585,104.22915332121624,35.873278149641585,104.22915332121623,35.873278149641585,104.22915332121624,35.87327814964159,104.22915332121624,35.873278149641585,104.22915332121627,35.87327814964158,104.22915332121624,0.0,35.87327814964158,104.22915332121627,35.87327814964159,104.22915332121624,0.0,35.87327814964159,104.22915332121624,0.0,35.87327814964159,104.22915332121626,-8.64537448974391e-05,35.873278149641585,104.22915332121627,0.0,35.873278149641585,104.22915332121627,0.0,37.10225617433666,-95.74389923247625,1.059350276306994,0.00469897723992907,0.00016305567824308415,37.10225617433666,-95.74389923247625,1.0003239713287553,0.0,0.0,37.10225617433666,-95.74389923247625,0.0,0.0003247598591331613,37.10225617433666,-95.74389923247625,2.032447481684324,0.0005432608502889801,0.00036505081492834313,37.10225617433667,-95.74389923247627,1.0011004022418253,0.0,9.922247195736939e-05,56.14855062925652,-106.38122430470972,0.0,0.00041775796982234693,-25.282586180303554,133.81847530856436,4.00638266877277,0.0001990791786896035,-25.282586180303554,133.8184753085644,0.0,51.18226721689996,10.45491199476574,0.0,0.0,56.14855062925652,-106.38122430470969,1.3826782591028425e-05,0.10301007943336644,-25.28258618030355,133.81847530856436,0.0,-25.28258618030355,133.81847530856436,0.0,37.10225617433666,-95.74389923247627,2.0005336644962513,0.0,37.10225617433666,-95.74389923247628,1.0003239713287553,0.0,-0.00011993200697518926,37.10225617433666,-95.74389923247627,0.9989566530096579,-0.00021537664099185484,37.10225617433666,-95.74389923247625,1.0003239713287553,0.0,37.10225617433666,-95.74389923247627,1.0000999698568944,0.0,0.0,37.10225617433666,-95.74389923247625,1.0003239713287553,0.0,0.0,37.10225617433666,-95.74389923247627,0.0,37.10225617433666,-95.74389923247625,2.0006479426575106,0.0,0.0,56.14855062925652,-106.38122430470972,1.0003239713287553,0.0,56.14855062925651,-106.38122430470969,0.0,37.10225617433666,-95.74389923247628,1.0003239713287553,0.0,-5.38485257511297e-05,0.0,0.0,61.019762251054075,0.0,0.0,0.0,0.0,37.10225617433666,-95.74389923247627,0.0,37.10225617433666,-95.74389923247625,1.0003239713287553,0.0,0.0,37.10225617433666,-95.74389923247625,1.0003239713287553,0.0,0.0,0.0,0.0,0.0,0.0,37.10225617433666,-95.74389923247625,1.0049864620131648,0.0,0.0,37.10225617433666,-95.74389923247625,11.003563684616307,0.0,0.0,37.10225617433666,-95.74389923247625,5.001619856643776,0.0,0.0,37.10225617433666,-95.74389923247625,2.0006479426575106,0.0,0.0,37.10225617433666,-95.74389923247625,0.0,0.0,37.10225617433666,-95.74389923247625,0.0,0.0,37.10225617433666,-95.74389923247625,0.0,0.0,37.10225617433666,-95.74389923247627,36.241274926311064,0.0,0.0,1.267238813464703e+38,4.103986784786297e+38,-1.4051170452451216e+38,4.908429666061156e+38,-6.037551849613128e+35,-3.855863699609839e+36,-6.639313259415686e+36,1.0291442653275519e+38,1.1339001892989884e+37,1.839228878274199e+38,5.8937757632123e+29,2.3155503041699832e+29,-7.1491123395479335,0.14738227800508402,22.454179719251215,4.303206606310984e+47,-1.0819704038740607e+50,2.8384050275307875e+45,-5.056422425686015e+49,6.255268655285859e+40,1.0966411850247651e+41,0.6667870709481213,0.3332688957259786,175.4548513617542,95.51678264591888,2.8509985328941854,0.21205900386453835,217.50147788245152,27.733457336782507,1.1571360816156957,1.889583744908656,128.1021413093082,56.05206408019488,317.4141480275787,0.9520982783688974,38.07787664851375,92.53060431032114,12.622995892907209,145.95489526355982,211.01371480587738,39.407381512022624,5.596627790670049,2.03327386565466,48.61918838530308,0.7406093283569022,40.898227881191126,1.2647454192241805,158.96631059673754,191.596954342879,1.6884433100232192,212.03351651835047,0.38208878725195494,522.5430008071191,1.1340756254713023,58.30188991849522,192.277496772238,338.74912182284845,19.323246399574163,36.20646823015659,72.34793872135032,4.743317509150297,14.561190153846312,38.47813187594585,0.36655058825210096,53.094952553835824,43.95540721371212,2.1244301786316715,68.46070541630867,1.0964177533380106,178.5340581341202,54.142529963522676,278.32673839875434,109.4451781058969,77.04918390644555,0.503841702181404,144.5931554684458,0.6662160952782357,1.9396712193257577,12.093457682657778,0.5500633015104887,0.137605482252801,0.5001619856643776,2.0005005219341663,1.0002096931674962,0.5000542973438817,0.5001619856643776,1.0003239713287553,2.500809928321888,1.0003239713287553,5.501781842308153,0.8000023364789075,4.13998913685491,2.004652676295004,101.96810538893958,31.374043665409108,1.5042464556409811,4.501457870979399,38.21042273892509,0.20062219404175594,23235.49283071547,768.7974995046798,3319.9223398227855,526.3716959492655,142.3018583306038,6.138849071953499,68.28037481155076,0.9864897049170385,21.55643998817355,28.26192119433899,109.83249409776565,33.670372051698465,0.8350161603001027,0.7399539147757924,18.695350767171778,52.060794392972625,28.33528792916035,114.61788265488235,14.28588990716773,0.2695174984194316,0.9501586245260725,37.44619987077511,14.08816251937743,17.191436368888752,27.25137725550212,110.12788834406304,7.345045539836358,1.30800869442806,81.02705873972896,22.348673413356344,5.800508493645999,12.040936691920203,3.4455603456879356,0.6001943827972531,0.2000647942657511,2.8012885925532323,4.265162128401592,3.8016909411237734,1.6675834661642792,1.6658632442104866,2.3386925326296053,1.3356870270009897,391.79515730541084,0.5873712998878354,1.6671901504302875,0.3334330895507657
2020-02-26 23:00:00,0.14776507522681365,35.88342815800304,104.25864398480451,35.883428158003035,104.2586439848045,35.88342815800304,104.25864398480446,35.88342815800304,104.25864398480448,35.883428158003035,104.25864398480446,35.88342815800304,104.25864398480448,35.88342815800304,104.25864398480448,35.88342815800304,104.25864398480448,35.88342815800304,104.25864398480451,0.0,35.88342815800304,104.25864398480445,35.883428158003035,104.25864398480448,35.88342815800303,104.25864398480451,35.88342815800303,104.25864398480448,35.88342815800304,104.25864398480448,35.88342815800304,104.25864398480445,35.88342815800304,104.25864398480445,35.88342815800305,104.25864398480446,35.883428158003035,104.25864398480448,35.88342815800304,104.25864398480445,0.0,35.88342815800304,104.25864398480451,35.88342815800305,104.25864398480445,0.0,35.88342815800304,104.25864398480446,0.0,35.88342815800304,104.25864398480448,-9.689954590003276e-05,35.88342815800304,104.2586439848045,0.0,35.88342815800304,104.2586439848045,0.0,37.112753910529804,-95.77098907282243,1.0598554757293104,0.00471411409152013,0.00016329877018935856,37.112753910529804,-95.77098907282243,1.000607003635722,0.0,0.0,37.11275391052981,-95.77098907282243,0.0,0.0003251808046092746,37.112753910529804,-95.77098907282243,2.033174438610507,0.0005466156594910575,0.00036637143620679886,37.11275391052981,-95.77098907282245,1.0013781058584228,0.0,9.800232167815658e-05,56.16443733623639,-106.4113238766443,0.0,0.00040706231362488184,-25.28973965147669,133.85633799392122,4.007179935165157,0.0001799622432394109,-25.28973965147669,133.85633799392124,0.0,51.19674876046123,10.45787011428084,0.0,0.0,56.16443733623638,-106.41132387664427,1.10308109448321e-05,0.10757961597968577,-25.289739651476687,133.85633799392122,0.0,-25.289739651476687,133.85633799392122,0.0,37.112753910529804,-95.77098907282245,2.001103181932855,0.0,37.112753910529804,-95.77098907282246,1.000607003635722,0.0,-0.00010773315338895702,37.112753910529804,-95.77098907282245,0.9992727484126922,-0.00020973029936601807,37.112753910529804,-95.77098907282243,1.000607003635722,0.0,37.112753910529804,-95.77098907282245,1.0002961922158935,0.0,0.0,37.112753910529804,-95.77098907282243,1.000607003635722,0.0,0.0,37.112753910529804,-95.77098907282245,0.0,37.112753910529804,-95.77098907282243,2.001214007271444,0.0,0.0,56.16443733623638,-106.4113238766443,1.000607003635722,0.0,56.16443733623638,-106.41132387664427,0.0,37.112753910529804,-95.77098907282246,1.000607003635722,0.0,-5.5023332294288404e-05,0.0,0.0,61.03702722177904,0.0,0.0,0.0,0.0,37.112753910529804,-95.77098907282245,0.0,37.112753910529804,-95.77098907282243,1.000607003635722,0.0,0.0,37.112753910529804,-95.77098907282243,1.000607003635722,0.0,0.0,0.0,0.0,0.0,0.0,37.112753910529804,-95.77098907282243,1.0061801581350565,0.0,0.0,37.112753910529804,-95.77098907282243,11.00667703999294,0.0,0.0,37.112753910529804,-95.77098907282243,5.003035018178609,0.0,0.0,37.112753910529804,-95.77098907282243,2.001214007271444,0.0,0.0,37.112753910529804,-95.77098907282243,0.0,0.0,37.112753910529804,-95.77098907282243,0.0,0.0,37.112753910529804,-95.77098907282243,0.0,0.0,37.112753910529804,-95.77098907282245,36.24630445373594,0.0,0.0,1.2777632052749582e+38,4.138070309097855e+38,-1.4164287614050675e+38,4.9479443551480264e+38,-6.059911139772492e+35,-3.870143390686933e+36,-6.681073123008247e+36,1.0356173631402097e+38,1.144506397230157e+37,1.8564325476095497e+38,5.9398861847871084e+29,2.3336661954071994e+29,-7.179935734953974,0.1471266314127005,22.45754106020585,4.338944647068692e+47,-1.0906806690747533e+50,2.8489166923878777e+45,-5.088226243718493e+49,6.304207245138391e+40,1.1035468087111576e+41,0.6669808903444588,0.3333662661260697,175.49168612900903,95.3629509885115,2.9084210523137584,0.2135228348579873,217.88213422706735,27.77231986155163,1.1618632951511616,1.88834811232107,127.97555628590032,56.01420382602829,317.24517621347707,0.949390025973162,38.085418506964096,92.54804795105535,12.473165900735808,145.98025645536399,211.0267235014551,39.43111428654519,5.614762559983125,2.0326421335809304,48.59604143278835,0.7382964013192361,40.859111278653,1.26458236507056,159.041029152085,191.55184184818503,1.695121250755319,212.3919027476897,0.38306051397114005,522.490160754398,1.1337778430433123,58.147343984568685,191.77434514021513,338.67763807203573,19.320801898242483,36.19834442498085,72.45509958077429,4.745653694983113,14.562102548878965,38.48383597129955,0.36656609658704054,53.033703067839646,44.30890936594734,2.1282485359014425,68.75099859098165,1.0957620441307931,178.4280357273616,54.68662213287723,278.32833748168986,109.4855956562561,77.11177268006827,0.5039048623003766,144.633323018775,0.6663953617416241,1.9398617112388616,12.240956852830717,0.5382885478415442,0.13751811820827817,0.500303501817861,2.001044999522023,1.000496178297133,0.5001986366681781,0.500303501817861,1.000607003635722,2.5015175090893047,1.000607003635722,5.50333851999647,0.8002083394130884,4.147233298838772,2.0051322054384597,102.04754289054003,31.382920657475687,1.5046938964949719,4.5027315163607495,38.2212340204778,0.2006426790726249,23252.957055542756,769.5249391558323,3332.2732940983697,527.0908917997085,143.2106886970223,6.132785542314063,68.17477003926741,0.9829818762603273,21.596168141672663,28.25432710777065,109.8752237317986,33.83520318329689,0.8383574708524881,0.7409085405911262,18.755734486166617,52.06897271369971,28.35413760478663,114.63559358329775,14.248816828099022,0.26788904434268634,0.9410776644331418,37.457099771696626,14.09586469407808,17.06877876796166,27.248816411563297,110.16625272711426,7.352554224984385,1.3220476897905646,80.95919293028426,22.214148341903073,5.758010977562765,12.044343562281838,3.446535234745265,0.600364202181433,0.20012140072714446,2.8020398049957302,4.270464137759978,3.802741214312038,1.6680486309749658,1.6662894374970776,2.341007380901278,1.336512708765813,391.5127181369968,0.5832759136964722,1.6676588402122443,0.3335259182882608
2020-02-27 00:00:00,0.14775536617565893,35.89144243916364,104.28192933208622,35.89144243916364,104.28192933208621,35.89144243916365,104.28192933208618,35.89144243916365,104.28192933208618,35.89144243916364,104.28192933208618,35.89144243916364,104.28192933208618,35.89144243916364,104.28192933208618,35.89144243916365,104.28192933208618,35.89144243916365,104.28192933208621,0.0,35.89144243916364,104.28192933208615,35.89144243916364,104.28192933208618,35.89144243916363,104.28192933208621,35.89144243916364,104.28192933208618,35.89144243916365,104.28192933208618,35.89144243916364,104.28192933208616,35.89144243916364,104.28192933208616,35.89144243916365,104.28192933208618,35.89144243916364,104.2819293320862,35.89144243916364,104.28192933208616,0.0,35.89144243916364,104.2819293320862,35.89144243916365,104.28192933208618,0.0,35.891442439163654,104.28192933208618,0.0,35.89144243916364,104.28192933208618,-0.00010583035260707842,35.89144243916364,104.28192933208618,0.0,35.89144243916364,104.28192933208618,0.0,37.121042751918466,-95.7923787692048,1.0603863663971977,0.004736448699671589,0.00016383716721900298,37.121042751918466,-95.7923787692048,1.0008304813319748,0.0,0.0,37.12104275191847,-95.7923787692048,0.0,0.0003262005215340334,37.121042751918466,-95.7923787692048,2.03382265673005,0.0005505623147850202,0.0003682404652156539,37.12104275191848,-95.79237876920482,1.0015986371827061,0.0,9.717391261285365e-05,56.17698122111989,-106.43509000803131,0.0,0.0003989156882795268,-25.295387915715907,133.8862337531304,4.007803051550637,0.00016432630500299878,-25.29538791571591,133.88623375313043,0.0,51.2081831512131,10.460205797233648,0.0,0.0,56.17698122111989,-106.4350900080313,8.714103412582478e-06,0.11131260586773406,-25.295387915715907,133.8862337531304,0.0,-25.295387915715907,133.8862337531304,0.0,37.121042751918466,-95.79237876920482,2.0015528032972627,0.0,37.121042751918466,-95.79237876920482,1.0008304813319748,0.0,-9.557342929779393e-05,37.121042751918466,-95.79237876920482,0.9995212134271692,-0.00020542654432278463,37.121042751918466,-95.7923787692048,1.0008304813319748,0.0,37.121042751918466,-95.79237876920482,1.0004464453449815,0.0,0.0,37.121042751918466,-95.7923787692048,1.0008304813319748,0.0,0.0,37.121042751918466,-95.79237876920482,0.0,37.121042751918466,-95.7923787692048,2.0016609626639497,0.0,0.0,56.17698122111989,-106.43509000803131,1.0008304813319748,0.0,56.17698122111989,-106.4350900080313,0.0,37.121042751918466,-95.79237876920483,1.0008304813319748,0.0,-5.6115982720811655e-05,0.0,0.0,61.05065936125045,0.0,0.0,0.0,0.0,37.121042751918466,-95.79237876920482,0.0,37.121042751918466,-95.7923787692048,1.0008304813319748,0.0,0.0,37.121042751918466,-95.7923787692048,1.0008304813319748,0.0,0.0,0.0,0.0,0.0,0.0,37.121042751918466,-95.7923787692048,1.0074411418423734,0.0,0.0,37.121042751918466,-95.7923787692048,11.009135294651722,0.0,0.0,37.121042751918466,-95.7923787692048,5.004152406659874,0.0,0.0,37.121042751918466,-95.7923787692048,2.0016609626639497,0.0,0.0,37.121042751918466,-95.7923787692048,0.0,0.0,37.121042751918466,-95.7923787692048,0.0,0.0,37.121042751918466,-95.7923787692048,0.0,0.0,37.12104275191847,-95.79237876920482,36.24732023097515,0.0,0.0,1.2891656266060256e+38,4.174997355491948e+38,-1.4287684104506266e+38,4.9910498741145196e+38,-6.090688764485351e+35,-3.8897994249283797e+36,-6.729492424870618e+36,1.0431227247485332e+38,1.1557196819432896e+37,1.8746209183844698e+38,5.9905106112171505e+29,2.353555551692206e+29,-7.205088357263956,0.14710302895396166,22.45234836524964,4.377664242995233e+47,-1.1001824647483931e+50,2.863386028121353e+45,-5.12510181114641e+49,6.357936704921443e+40,1.1115510670891025e+41,0.6671347729303013,0.33344346735818936,175.54480088234342,95.33158465877801,2.9580161422427733,0.21508068614846626,218.1999064604185,27.815949128360348,1.1654264804253718,1.8884384723195233,128.0672088985846,56.04711588750603,317.1635108215203,0.9478471953434339,38.131839615080665,92.57119549389607,12.338134425900037,146.00789353595738,211.11227576055606,39.52283322853526,5.637279906560645,2.0330380032334747,48.63323136133981,0.7360043948411172,40.8194647847746,1.2654343261575578,159.2404860330997,191.69481253704595,1.7009678188817605,212.66338797938784,0.3838379437754642,522.5695350197549,1.133946811556656,58.068860893166544,191.5425253904666,338.68105387034615,19.333663695680684,36.20578456551888,72.56454395706488,4.750155950029321,14.568112203924057,38.49160859606597,0.36677700247025624,52.97130721529695,44.60749671580545,2.1308596016044286,68.95105170862527,1.0958725568035432,178.4878167417374,55.09740634831036,278.38617331840163,109.54229601340694,77.14417221597493,0.5039928661542781,144.66970422212992,0.6665948289143805,1.9403919510046013,12.398691810425598,0.5238311293542002,0.13761599413821302,0.5004152406659874,2.001473554373079,1.000722321965288,0.500312527393826,0.5004152406659874,1.0008304813319748,2.502076203329937,1.0008304813319748,5.504567647325861,0.8003713633311333,4.153121036368844,2.0055144714875004,102.11169689640698,31.389929785719573,1.5050560280855572,4.503737165993887,38.229770432171705,0.20065865206986988,23276.566549895535,770.5421299991175,3348.293312511265,527.6656307231722,143.944123199423,6.13074634700582,68.0771772149136,0.9797768484792537,21.678571155736538,28.247205074365777,109.9097984195688,33.97697477496683,0.8412205672509561,0.7413513263024888,18.78038457231313,52.078576942191035,28.370786716693672,114.6471531013609,14.212897716403983,0.2663247512771446,0.9324160998768437,37.47678672887655,14.119507162399671,16.94846815900421,27.24411501944315,110.19838539622515,7.359897015874656,1.33669384432733,80.89071550919581,22.08519793857487,5.717658240670872,12.047033571588585,3.4473049912545806,0.6004982887991848,0.20016609626639503,2.802634123460337,4.274758830046638,3.803573207329478,1.6684171140516217,1.6666220778177951,2.3434860213032596,1.3373306058407761,391.11873856305385,0.5781861265657824,1.6680287293103135,0.3335991239891692
2020-02-27 01:00:00,0.14784806555385593,35.89765638148848,104.29998382781986,35.897656381488474,104.29998382781983,35.89765638148849,104.29998382781983,35.89765638148849,104.29998382781983,35.897656381488474,104.2999838278198,35.89765638148848,104.29998382781983,35.897656381488474,104.29998382781983,35.89765638148848,104.29998382781983,35.89765638148849,104.29998382781984,0.0,35.897656381488474,104.2999838278198,35.897656381488474,104.29998382781982,35.897656381488474,104.29998382781983,35.897656381488474,104.2999838278198,35.89765638148849,104.29998382781983,35.89765638148848,104.29998382781982,35.89765638148848,104.29998382781982,35.89765638148848,104.29998382781983,35.897656381488474,104.29998382781983,35.897656381488474,104.2999838278198,0.0,35.897656381488474,104.29998382781983,35.89765638148849,104.29998382781983,0.0,35.89765638148849,104.29998382781982,0.0,35.89765638148848,104.29998382781983,-0.00011348711520855863,35.89765638148848,104.29998382781983,0.0,35.89765638148848,104.29998382781982,0.0,37.127469576894626,-95.80896345559182,1.0609387475407956,0.004764837067337643,0.00016462397154189427,37.127469576894626,-95.80896345559182,1.0010037566997305,0.0,0.0,37.127469576894626,-95.80896345559182,0.0,0.00032772381110596997,37.12746957689462,-95.80896345559182,2.0344041962067783,0.0005550027810934006,0.00037056818503249794,37.12746957689463,-95.80896345559182,1.0017709863981927,0.0,9.667710027907398e-05,56.186707230930814,-106.45351728388599,0.0,0.00039292200041145947,-25.299767346324167,133.90941368901738,4.008279377881054,0.00015162333743918167,-25.299767346324167,133.9094136890174,0.0,51.2170489051376,10.462016789244906,0.0,0.0,56.186707230930814,-106.45351728388596,6.800951965503553e-06,0.11409877793060191,-25.299767346324163,133.90941368901738,0.0,-25.299767346324163,133.90941368901738,0.0,37.12746957689462,-95.80896345559182,2.0019013568830726,0.0,37.127469576894626,-95.80896345559184,1.0010037566997305,0.0,-8.282643711750466e-05,37.127469576894626,-95.80896345559181,0.9997126699088763,-0.0002022540681775437,37.127469576894626,-95.80896345559182,1.0010037566997305,0.0,37.127469576894626,-95.80896345559182,1.0005579252000882,0.0,0.0,37.127469576894626,-95.80896345559182,1.0010037566997305,0.0,0.0,37.12746957689462,-95.80896345559182,0.0,37.127469576894626,-95.80896345559182,2.002007513399461,0.0,0.0,56.186707230930814,-106.45351728388599,1.0010037566997305,0.0,56.18670723093081,-106.45351728388597,0.0,37.127469576894626,-95.80896345559184,1.0010037566997305,0.0,-5.7140094124480574e-05,0.0,0.0,61.06122915868356,0.0,0.0,0.0,0.0,37.127469576894626,-95.80896345559181,0.0,37.127469576894626,-95.80896345559182,1.0010037566997305,0.0,0.0,37.127469576894626,-95.80896345559182,1.0010037566997305,0.0,0.0,0.0,0.0,0.0,0.0,37.127469576894626,-95.80896345559182,1.008787648189521,0.0,0.0,37.127469576894626,-95.80896345559182,11.011041323697036,0.0,0.0,37.127469576894626,-95.80896345559182,5.005018783498654,0.0,0.0,37.127469576894626,-95.80896345559182,2.002007513399461,0.0,0.0,37.127469576894626,-95.80896345559182,0.0,0.0,37.127469576894626,-95.80896345559182,0.0,0.0,37.127469576894626,-95.80896345559182,0.0,0.0,37.127469576894626,-95.80896345559182,36.24487088327034,0.0,0.0,1.3013110213560276e+38,4.2143305411712655e+38,-1.4419784014576566e+38,5.037195717954873e+38,-6.128626839213101e+35,-3.914028458288215e+36,-6.7835608183605e+36,1.051503738706063e+38,1.1674444771338285e+37,1.8936389784481255e+38,6.0449590628768606e+29,2.3749472933986133e+29,-7.223952075692923,0.1473032794273228,22.439796396740384,4.418906779421018e+47,-1.1103544424874847e+50,2.8812216715616804e+45,-5.166279659920975e+49,6.415724735324918e+40,1.120487297583062e+41,0.6672552334833738,0.3335038215616702,175.61302134378315,95.42467332330517,2.999024697146011,0.21672330843760293,218.45322355294374,27.86469368188466,1.1677760852229708,1.8899001291779833,128.38242063689603,56.14839581845977,317.1796996865261,0.9475659234355889,38.21301072039922,92.60035155835834,12.221315688066905,146.04097662499169,211.27060749678355,39.681246797879055,5.6646410846963935,2.034442058848765,48.72888789495102,0.7338032778233299,40.78180160572323,1.2671529624072289,159.5454679961332,192.01870387214115,1.705957515129988,212.84585768356388,0.384420000066353,522.7891547927876,1.1345733707223096,58.07240379888124,191.59089745863486,338.7634606119871,19.36114267218983,36.23192164796235,72.6762539293284,4.756803466589554,14.580264230573006,38.5025209801112,0.36722377250942084,52.91015051313096,44.84784887425058,2.132347561299738,69.06691302738695,1.09672873191343,178.7082622348502,55.368127371723276,278.5001219889684,109.61319139493818,77.146588131821,0.5041194799749038,144.70414819253875,0.6668268989265448,1.9412572495728617,12.565621432695572,0.5070975785881277,0.13788043318206986,0.5005018783498653,2.00180438601868,1.0008976001833416,0.5004007513157765,0.5005018783498653,1.0010037566997305,2.502509391749327,1.0010037566997305,5.505520661848518,0.8004987356145963,4.157542458725236,2.0058147933104173,102.1603176236814,31.39536437402289,1.5053462374552962,4.5045169051487886,38.2363892129287,0.2006709689657888,23307.54980256033,771.900874074365,3368.431605222204,528.0977773374805,144.4992559136514,6.132892129311102,67.99083107697439,0.9769618415682693,21.797811334064512,28.241041822043982,109.93708587476138,34.09378867279918,0.8435689250725337,0.7412797849893605,18.76877724864572,52.09084107641665,28.385346758448765,114.65384987672047,14.178868441292135,0.2648514924526006,0.924323383747046,37.50354669425784,14.156031398674852,16.83386737892452,27.237665670571232,110.22522637911197,7.367070234402879,1.3517769377768831,80.82508997277756,21.96631676136648,5.681611749253181,12.049119293607868,3.447901828632406,0.6006022540198382,0.2002007513399462,2.8030969559706422,4.27797613232382,3.804222151969306,1.6687043475778163,1.666876145635316,2.3461763779711147,1.338160365829502,390.63024628194006,0.5722543435421263,1.6683153322231739,0.33365578776172145
2020-02-27 02:00:00,0.14805124648215945,35.90236209766876,104.31365620008519,35.90236209766876,104.31365620008518,35.90236209766876,104.31365620008516,35.90236209766876,104.31365620008515,35.90236209766876,104.31365620008515,35.90236209766875,104.31365620008516,35.90236209766876,104.31365620008515,35.90236209766875,104.31365620008515,35.90236209766876,104.31365620008518,0.0,35.90236209766876,104.31365620008513,35.90236209766875,104.31365620008515,35.90236209766874,104.31365620008518,35.90236209766875,104.31365620008513,35.90236209766876,104.31365620008516,35.90236209766876,104.31365620008515,35.90236209766876,104.31365620008515,35.90236209766876,104.31365620008515,35.90236209766875,104.31365620008516,35.90236209766874,104.31365620008513,0.0,35.90236209766876,104.31365620008515,35.90236209766876,104.31365620008515,0.0,35.902362097668764,104.31365620008515,0.0,35.90236209766875,104.31365620008518,-0.00012007983919990438,35.90236209766875,104.31365620008515,0.0,35.90236209766875,104.31365620008515,0.0,37.132336505600605,-95.8215227654464,1.0615091323975445,0.004798296438538824,0.00016561880282174504,37.132336505600605,-95.8215227654464,1.0011349752819232,0.0,0.0,37.13233650560061,-95.8215227654464,0.0,0.00032966871561235754,37.1323365056006,-95.8215227654464,2.0349296981184315,0.0005598540260757373,0.0003732780182654112,37.13233650560061,-95.82152276544639,1.0019029823855088,0.0,9.645933974330046e-05,56.19407257797528,-106.46747195639739,0.0,0.00038873559807212424,-25.303083816995496,133.9269674726959,4.008632732182141,0.00014137561476615466,-25.303083816995496,133.92696747269594,0.0,51.22376279456752,10.463388223668375,0.0,0.0,56.19407257797529,-106.46747195639735,5.22536861659339e-06,0.11585415762702139,-25.303083816995496,133.92696747269594,0.0,-25.303083816995493,133.9269674726959,0.0,37.1323365056006,-95.8215227654464,2.002165241552239,0.0,37.132336505600605,-95.82152276544642,1.0011349752819232,0.0,-6.879419771744903e-05,37.132336505600605,-95.82152276544639,0.9998563698036708,-0.00020002868036761868,37.132336505600605,-95.8215227654464,1.0011349752819232,0.0,37.132336505600605,-95.82152276544639,1.0006368986063283,0.0,0.0,37.132336505600605,-95.8215227654464,1.0011349752819232,0.0,0.0,37.1323365056006,-95.82152276544639,0.0,37.132336505600605,-95.8215227654464,2.0022699505638464,0.0,0.0,56.19407257797529,-106.46747195639736,1.0011349752819232,0.0,56.19407257797528,-106.46747195639735,0.0,37.132336505600605,-95.8215227654464,1.0011349752819232,0.0,-5.810755043927267e-05,0.0,0.0,61.06923349219731,0.0,0.0,0.0,0.0,37.132336505600605,-95.82152276544639,0.0,37.132336505600605,-95.8215227654464,1.0011349752819232,0.0,0.0,37.132336505600605,-95.8215227654464,1.0011349752819232,0.0,0.0,0.0,0.0,0.0,0.0,37.132336505600605,-95.8215227654464,1.0102346990885174,0.0,0.0,37.132336505600605,-95.8215227654464,11.012484728101153,0.0,0.0,37.132336505600605,-95.8215227654464,5.005674876409617,0.0,0.0,37.132336505600605,-95.8215227654464,2.0022699505638464,0.0,0.0,37.132336505600605,-95.8215227654464,0.0,0.0,37.132336505600605,-95.8215227654464,0.0,0.0,37.132336505600605,-95.8215227654464,0.0,0.0,37.132336505600605,-95.82152276544639,36.23950481962665,0.0,0.0,1.3140843824553095e+38,4.255697412665254e+38,-1.4559242104490339e+38,5.085911960350577e+38,-6.1726296101810054e+35,-3.942130691028181e+36,-6.84240663834663e+36,1.0606252902598131e+38,1.179600562748968e+37,1.913356607848971e+38,6.102641349172127e+29,2.3976095460770963e+29,-7.236064954013656,0.1477094551921581,22.421194323108473,4.462281722867509e+47,-1.1210930159307538e+50,2.901908481290445e+45,-5.211095940191185e+49,6.476944946599343e+40,1.1302117136518484e+41,0.6673480109452627,0.3335502633790446,175.69378206097548,95.63983783122447,3.0308774622639603,0.2184363025718738,218.6424408705986,27.91775114632499,1.1688989745151706,1.8927315492683965,128.91944444486202,56.31271010132872,317.29900213883974,0.9485847467508257,38.322941088655874,92.63495004470508,12.125622834071558,146.08149295923462,211.49873116893923,39.902598446912634,5.696969743873328,2.036788378225749,48.87865184164009,0.7317575146739353,40.7484978373908,1.2695397838639233,159.93062225305601,192.5082030063227,1.7101016306628005,212.93950679165596,0.3848127223878399,523.1513640228706,1.135626195938645,58.160267510594544,191.91915458304084,338.92536211745806,19.401416031244505,36.2782481248256,72.7898220637869,4.765483947494703,14.599066619611076,38.51721864664693,0.36793069683158625,52.85241675099448,45.02891803183253,2.1328394666653017,69.10824807944448,1.098276332147745,179.0771841144139,55.49647060352362,278.6668926658401,109.69561502148805,77.11997982832506,0.5042928179627855,144.73737354849231,0.667091300997709,1.9424198152050929,12.74018764191899,0.48854366419914996,0.1382840813216223,0.5005674876409616,2.002053345116312,1.0010302662703159,0.5004674733007779,0.5005674876409616,1.0011349752819232,2.5028374382048084,1.0011349752819232,5.506242364050577,0.8005969928927383,4.160417750320629,2.006046506692327,102.19332177500917,31.39947989823846,1.5055761956227334,4.505107388768655,38.24140150658605,0.2006804127818858,23346.649302734077,773.6318512623944,3392.9272114774967,528.3935612673565,144.88052822603123,6.139236607768532,67.91849619914346,0.9746111946050494,21.94715616874032,28.236237661364385,109.95785923812099,34.18421689273357,0.8453754321164855,0.740706008076645,18.721511935113412,52.10652006551848,28.397916517032414,114.65680398448907,14.147366696251876,0.26349240851750455,0.9169298240729536,37.53537385012337,14.201980190044992,16.728085728935003,27.22986012501875,110.2475603196298,7.374044419347921,1.3670825827420234,80.76544454930887,21.861598915285434,5.651947403928119,12.050698776541667,3.448353803748847,0.6006809851691538,0.2002269950563847,2.803450633433874,4.280066408719555,3.804718984609752,1.6689238362060728,1.6670647701455579,2.349121855029341,1.3390195174256059,390.06544373016726,0.5656504039679235,1.668532161566389,0.3336985931422328
2020-02-27 03:00:00,0.14836376749218247,35.90581203399336,104.3236799269558,35.90581203399336,104.32367992695578,35.905812033993364,104.32367992695579,35.90581203399336,104.32367992695578,35.90581203399336,104.32367992695575,35.90581203399335,104.32367992695579,35.90581203399336,104.32367992695578,35.90581203399336,104.32367992695578,35.90581203399336,104.32367992695579,0.0,35.90581203399336,104.32367992695576,35.90581203399335,104.32367992695575,35.90581203399335,104.3236799269558,35.90581203399336,104.32367992695576,35.905812033993364,104.32367992695579,35.90581203399336,104.32367992695578,35.90581203399336,104.32367992695576,35.90581203399336,104.32367992695578,35.90581203399335,104.32367992695578,35.90581203399335,104.32367992695575,0.0,35.90581203399336,104.32367992695578,35.90581203399336,104.32367992695578,0.0,35.905812033993364,104.32367992695575,0.0,35.90581203399336,104.3236799269558,-0.0001257901257578839,35.90581203399335,104.32367992695578,0.0,35.90581203399335,104.32367992695576,0.0,37.13590463285028,-95.83073046468269,1.0620946417909556,0.004835988134295727,0.00016678712732530986,37.13590463285028,-95.83073046468269,1.0012311765265003,0.0,0.0,37.13590463285028,-95.83073046468269,0.0,0.0003319651518879892,37.13590463285027,-95.83073046468269,2.0354084685285527,0.0005650461807037137,0.0003763050397981322,37.13590463285028,-95.83073046468269,1.0020013897715672,0.0,9.647507548294666e-05,56.19947238904305,-106.47770264812436,0.0,0.00038605715903003695,-25.305515245539034,133.9398368072726,4.008883687770438,0.00013316990648427202,-25.305515245539034,133.93983680727263,0.0,51.22868499772137,10.464393673477305,0.0,0.0,56.199472389043066,-106.47770264812434,3.9302856788085965e-06,0.1165257275247309,-25.30551524553903,133.93983680727263,0.0,-25.305515245539027,133.9398368072726,0.0,37.13590463285027,-95.83073046468269,2.0023586293940703,0.0,37.13590463285028,-95.83073046468269,1.0012311765265003,0.0,-5.268148670849854e-05,37.13590463285028,-95.83073046468267,0.9999603100235482,-0.00019859093307701388,37.13590463285028,-95.83073046468269,1.0012311765265003,0.0,37.13590463285027,-95.83073046468267,1.0006887808659892,0.0,0.0,37.13590463285028,-95.83073046468269,1.0012311765265003,0.0,0.0,37.13590463285027,-95.83073046468267,0.0,37.13590463285028,-95.83073046468269,2.0024623530530006,0.0,0.0,56.199472389043066,-106.47770264812432,1.0012311765265003,0.0,56.19947238904305,-106.4777026481243,0.0,37.13590463285028,-95.83073046468267,1.0012311765265003,0.0,-5.902863632123532e-05,0.0,0.0,61.075101768116525,0.0,0.0,0.0,0.0,37.13590463285028,-95.83073046468266,0.0,37.13590463285028,-95.83073046468269,1.0012311765265003,0.0,0.0,37.13590463285028,-95.83073046468269,1.0012311765265003,0.0,0.0,0.0,0.0,0.0,0.0,37.13590463285028,-95.83073046468269,1.0117934816469367,0.0,0.0,37.13590463285028,-95.83073046468269,11.013542941791503,0.0,0.0,37.13590463285028,-95.83073046468269,5.006155882632503,0.0,0.0,37.13590463285028,-95.83073046468269,2.0024623530530006,0.0,0.0,37.13590463285028,-95.83073046468269,0.0,0.0,37.13590463285028,-95.83073046468269,0.0,0.0,37.13590463285028,-95.83073046468269,0.0,0.0,37.13590463285028,-95.83073046468266,36.231760435220274,0.0,0.0,1.3273883294370269e+38,4.298782600727946e+38,-1.4704916659681361e+38,5.136799771491244e+38,-6.221749310863497e+35,-3.973500835006194e+36,-6.905282708838328e+36,1.070371561424411e+38,1.192120959074038e+37,1.9336651629632848e+38,6.163055596817433e+29,2.4213451334376716e+29,-7.241151326811712,0.14829475218697064,22.397920410935708,4.5074583951201864e+47,-1.1323102705963012e+50,2.925000888418498e+45,-5.258981611562792e+49,6.541064683218349e+40,1.1406010636565232e+41,0.6674181485569972,0.3335853818175107,175.78336588911233,95.97044258638857,3.0532115476586523,0.22019995443519225,218.77002051416616,27.973239202016337,1.1688203025398796,1.8968851523691748,129.66955115134832,56.532056642002836,317.52127722709946,0.9508830434074212,38.45412874611997,92.67365584018161,12.053414053355882,146.13021592648207,211.79068258736936,40.180852856216866,5.734043300824613,2.0399685969155756,49.075893295313136,0.7299246607819647,40.721733692709556,1.2723591887824282,160.36610037438146,193.1405722832481,1.7134507591561063,212.94698010582792,0.38502934270158023,523.6529401620614,1.13705374826909,58.330978592739,192.51786631380548,339.1637894215975,19.451666261082796,36.344549434299466,72.90444717067578,4.776000542723539,14.624469769603675,38.53590719969033,0.36890517451441407,52.800048708971495,45.15209956250199,2.132499509497315,69.0878552457572,1.1004304070781021,179.57596936948732,55.48478252071232,278.8803060649213,109.7864823890774,77.06604241635523,0.504515164435012,144.7690273053077,0.6673757089888116,1.9438126935543267,12.920297470425801,0.4686514718273195,0.13879251449675234,0.5006155882632501,2.00223412947984,1.00112745286757,0.5005162927967117,0.5006155882632501,1.0012311765265003,2.5030779413162514,1.0012311765265003,5.506771470895751,0.8006719841748849,4.161703753922568,2.0062211306662174,102.21085436150133,31.40249714278577,1.5057559976164252,4.505540294369253,38.24507620631201,0.20068770917170223,23394.085529816824,775.742998699304,3421.7921756832757,528.5636547931853,145.09977066579475,6.149647323738538,67.86243149724098,0.9727852008779683,22.119272970094382,28.23310493945273,109.97281140921089,34.24734987655739,0.8466233456876759,0.7396562679237666,18.640278169767917,52.12587618841499,28.40858543797784,114.65697779057993,14.118931586731058,0.2622668549465842,0.9103462781330137,37.57005592838243,14.253624705495465,16.633905549495985,27.221089831410985,110.26602912866704,7.380766239461989,1.3823553108124338,80.71450623166736,21.774622631664695,5.630594631968172,12.051856754485652,3.4486851635912794,0.6007387059159001,0.2002462353053001,2.803714715376622,4.2810052294529335,3.8050907649640258,1.6690873334249456,1.667199402990195,2.3523600395414777,1.3399232283756293,389.4429863214657,0.5585534097675457,1.6686908950385504,0.3337298592560249
2020-02-27 04:00:00,0.14877560269291873,35.90822274656166,104.3306842082163,35.90822274656167,104.33068420821627,35.90822274656168,104.33068420821628,35.90822274656166,104.33068420821627,35.90822274656167,104.33068420821624,35.90822274656166,104.33068420821627,35.90822274656167,104.33068420821625,35.90822274656166,104.33068420821625,35.90822274656166,104.33068420821627,0.0,35.90822274656166,104.33068420821624,35.90822274656166,104.33068420821624,35.90822274656166,104.33068420821628,35.90822274656167,104.33068420821624,35.90822274656168,104.33068420821628,35.90822274656166,104.33068420821627,35.90822274656166,104.33068420821624,35.90822274656166,104.33068420821627,35.908222746561655,104.33068420821625,35.908222746561655,104.33068420821621,0.0,35.90822274656166,104.33068420821627,35.90822274656166,104.33068420821627,0.0,35.90822274656168,104.33068420821624,0.0,35.90822274656166,104.33068420821627,-0.0001307738450311846,35.908222746561655,104.33068420821627,0.0,35.908222746561655,104.33068420821624,0.0,37.13839793371058,-95.83716453018002,1.0626929084799173,0.004877200838151519,0.0001680995985501965,37.13839793371058,-95.83716453018002,1.0012983990858664,0.0,0.0,37.13839793371057,-95.83716453018002,0.0,0.0003345535696748338,37.138397933710564,-95.83716453018002,2.035848577472385,0.0005705208039968879,0.0003795945465461751,37.13839793371058,-95.83716453018002,1.0020720104165484,0.0,9.668509687375251e-05,56.203245615903725,-106.48485155025128,0.0,0.00038462936368728086,-25.307214255259026,133.94882951429406,4.009049883702925,0.00012665138711549437,-25.307214255259026,133.94882951429406,0.0,51.23212448642212,10.465096251804306,0.0,0.0,56.20324561590374,-106.48485155025126,2.8667145647593827e-06,0.1160944167500247,-25.307214255259023,133.94882951429406,0.0,-25.30721425525902,133.94882951429406,0.0,37.13839793371057,-95.83716453018002,2.0024936777526228,0.0,37.13839793371058,-95.83716453018002,1.0012983990858664,0.0,-3.3565711761273775e-05,37.13839793371058,-95.83716453018,1.000031352606756,-0.00019780363853083701,37.13839793371058,-95.83716453018002,1.0012983990858664,0.0,37.138397933710564,-95.83716453018,1.0007182169130626,0.0,0.0,37.13839793371058,-95.83716453018002,1.0012983990858664,0.0,0.0,37.138397933710564,-95.83716453018,0.0,37.13839793371058,-95.83716453018002,2.0025967981717328,0.0,0.0,56.20324561590374,-106.48485155025125,1.0012983990858664,0.0,56.203245615903725,-106.48485155025122,0.0,37.13839793371058,-95.83716453018,1.0012983990858664,0.0,-5.991218116043525e-05,0.0,0.0,61.07920234423785,0.0,0.0,0.0,0.0,37.13839793371058,-95.83716453017999,0.0,37.13839793371058,-95.83716453018002,1.0012983990858664,0.0,0.0,37.13839793371058,-95.83716453018002,1.0012983990858664,0.0,0.0,0.0,0.0,0.0,0.0,37.13839793371058,-95.83716453018002,1.0134706852829043,0.0,0.0,37.13839793371058,-95.83716453018002,11.01428238994453,0.0,0.0,37.13839793371058,-95.83716453018002,5.006491995429332,0.0,0.0,37.13839793371058,-95.83716453018002,2.0025967981717328,0.0,0.0,37.13839793371058,-95.83716453018002,0.0,0.0,37.13839793371058,-95.83716453018002,0.0,0.0,37.13839793371058,-95.83716453018002,0.0,0.0,37.13839793371057,-95.83716453017999,36.222156081951425,0.0,0.0,1.3411408286358711e+38,4.3433204371405934e+38,-1.4855843779215484e+38,5.1895224363711156e+38,-6.27517161733467e+35,-4.007618824781262e+36,-6.971552392434808e+36,1.0806438685401623e+38,1.204950001067143e+37,1.9544743529934265e+38,6.22577731994143e+29,2.4459872832059462e+29,-7.239141491323876,0.14902483099826425,22.371372632564807,4.554158231628526e+47,-1.1439319840350835e+50,2.9501160587801084e+45,-5.309451818523637e+49,6.607633423602362e+40,1.1515503296313942e+41,0.6674700798330497,0.33361146530864694,175.87721037012003,96.4058845602021,3.065881764958114,0.22198931600697008,218.8405671604333,28.028371323345247,1.167603339664482,1.9022697795359123,130.6173770088049,56.79617087239558,317.8411431261253,0.9543825833154203,38.598013829642845,92.71452036809454,12.006455555893432,146.18675701146526,212.13790579305345,40.507995873978885,5.775310955831127,2.0438381654355466,49.31205206216299,0.7283543817777005,40.70344546527947,1.2753542589828095,160.81954681933573,193.8867825182822,1.7160946572410034,212.87337459267545,0.3850898698126298,524.2854065845107,1.1387872701229345,58.57939445778075,193.36884998994242,339.4725475405892,19.508298526217153,36.42896812597975,73.01894554218401,4.788082863387437,14.655888638276684,38.558369107161106,0.37013831537659686,52.75472177269219,45.221247949004436,2.1315206836889606,69.0209666888545,1.103079881478286,180.18055019913268,55.340046767313574,279.13171626845013,109.88246628338412,76.98714241697819,0.5047832102024539,144.79783370860767,0.6676574702880497,1.9453458821922631,13.103330355244248,0.44790744820501366,0.1393663211064236,0.5006491995429332,2.002358489133907,1.0011952786667564,0.5005502977236678,0.5006491995429332,1.0012983990858664,2.503245997714666,1.0012983990858664,5.507141194972265,0.8007289838209022,4.161398336524339,2.0063485412885367,102.21333270217018,31.404605503250274,1.5058943100245021,4.5058427958864,38.24764397683894,0.20069354390403815,23449.552703766756,778.219286732628,3454.8085135990987,528.6229271509895,145.17575369466618,6.163851544066371,67.82436885982398,0.9715293669980551,22.306550548630277,28.231868051164017,109.98256884217054,34.282831252844694,0.8473069699698916,0.73816977267193,18.527759594437775,52.14869966308706,28.417435838534793,114.655189140775,14.094008151438118,0.261190553419448,0.9046649502130697,37.605267232664936,14.307103648031685,16.553730088846283,27.211744489991723,110.28114657562224,7.387161538885108,1.3973044303339068,80.6745520034257,21.7083611042639,5.61928480897662,12.052665914922462,3.4489167079624288,0.6007790394515197,0.20025967981717333,2.8039063163895137,4.2807965784510245,3.80536112241933,1.6692050281653756,1.6672900024444317,2.3559211805800513,1.3408840113302407,388.7812943915922,0.5511439135843629,1.6688015501081979,0.33375157551116574
2020-02-27 05:00:00,0.14926885072852264,35.90977869814935,104.33520499708641,35.90977869814936,104.33520499708641,35.90977869814937,104.33520499708641,35.90977869814935,104.33520499708641,35.90977869814936,104.33520499708638,35.90977869814936,104.33520499708641,35.90977869814937,104.3352049970864,35.90977869814935,104.3352049970864,35.90977869814935,104.33520499708641,0.0,35.90977869814935,104.33520499708638,35.90977869814935,104.33520499708638,35.90977869814936,104.33520499708641,35.90977869814936,104.33520499708638,35.90977869814937,104.33520499708641,35.90977869814935,104.33520499708638,35.90977869814935,104.33520499708636,35.90977869814936,104.3352049970864,35.90977869814935,104.3352049970864,35.90977869814935,104.33520499708635,0.0,35.90977869814936,104.33520499708641,35.90977869814935,104.33520499708641,0.0,35.90977869814937,104.33520499708638,0.0,35.90977869814935,104.33520499708641,-0.00013516383475636363,35.909778698149346,104.33520499708641,0.0,35.909778698149346,104.33520499708638,0.0,37.1400071904437,-95.84131728341885,1.0633019925729736,0.004921334708761424,0.0001695314256724232,37.1400071904437,-95.84131728341885,1.0013417866922318,0.0,0.0,37.1400071904437,-95.84131728341885,0.0,0.00033738366760588216,37.14000719044369,-95.84131728341885,2.0362569667428576,0.0005762292799897876,0.0003831007136508059,37.1400071904437,-95.84131728341883,1.0021197854136545,0.0,9.705588502852396e-05,56.20568097812888,-106.48946568208966,0.0,0.0003842325235700545,-25.308310850890578,133.95463369723632,4.009146336515773,0.0001215174996839364,-25.308310850890578,133.95463369723632,0.0,51.23434444328264,10.465549718500313,0.0,0.0,56.205680978128896,-106.48946568208964,1.9928969533520094e-06,0.11457614014511755,-25.30831085089057,133.95463369723632,0.0,-25.30831085089057,133.95463369723632,0.0,37.14000719044369,-95.84131728341885,2.0025807424130955,0.0,37.1400071904437,-95.84131728341885,1.0013417866922318,0.0,-1.0361913963902137e-05,37.1400071904437,-95.84131728341882,1.000075345576156,-0.00019754936143470203,37.1400071904437,-95.84131728341885,1.0013417866922318,0.0,37.14000719044369,-95.84131728341882,1.000729162881493,0.0,0.0,37.1400071904437,-95.84131728341885,1.0013417866922318,0.0,0.0,37.14000719044368,-95.84131728341882,0.0,37.1400071904437,-95.84131728341885,2.0026835733844637,0.0,0.0,56.205680978128896,-106.48946568208964,1.0013417866922318,0.0,56.20568097812888,-106.48946568208962,0.0,37.1400071904437,-95.84131728341882,1.0013417866922318,0.0,-6.0765706640216344e-05,0.0,0.0,61.081848988226156,0.0,0.0,0.0,0.0,37.1400071904437,-95.84131728341882,0.0,37.1400071904437,-95.84131728341885,1.0013417866922318,0.0,0.0,37.1400071904437,-95.84131728341885,1.0013417866922318,0.0,0.0,0.0,0.0,0.0,0.0,37.1400071904437,-95.84131728341885,1.0152678306296083,0.0,0.0,37.1400071904437,-95.84131728341885,11.014759653614552,0.0,0.0,37.1400071904437,-95.84131728341885,5.00670893346116,0.0,0.0,37.1400071904437,-95.84131728341885,2.0026835733844637,0.0,0.0,37.1400071904437,-95.84131728341885,0.0,0.0,37.1400071904437,-95.84131728341885,0.0,0.0,37.1400071904437,-95.84131728341885,0.0,0.0,37.1400071904437,-95.84131728341882,36.21118065809355,0.0,0.0,1.355273087532202e+38,4.389088135488762e+38,-1.50112134916886e+38,5.243797011467279e+38,-6.3322011955569174e+35,-4.0440405874341404e+36,-7.040676218562386e+36,1.0913585895477547e+38,1.2180416065204722e+37,1.975709430860032e+38,6.290449214930855e+29,2.4713956177151762e+29,-7.2301792440487125,0.14985959283139771,22.342916749789275,4.602147631257575e+47,-1.1558957867035615e+50,2.97692709834974e+45,-5.362095706667439e+49,6.676271949032968e+40,1.1629705215389303e+41,0.6675077181209121,0.33363054885343457,175.9702643026144,96.93205623731924,3.0689673970077687,0.22377457860127703,218.86071014481092,28.079722865528066,1.1653472227512558,1.9087547817644954,131.7415265756578,57.093063430552476,318.24840146424737,0.9589521253616984,38.74551008234255,92.75518003746376,11.985896593174196,146.24969674573663,212.5297590881411,40.87443536027014,5.819937278672617,2.0482245673444583,49.577088151441345,0.7270878350318446,40.69528761363354,1.2782642853718633,161.25830329114697,194.71301740958563,1.718159285705962,212.7261008955448,0.3850201969904792,525.0355290845403,1.1407447195993936,58.8969980284907,194.4458744459863,339.8425903884512,19.567220898484088,36.52819320780926,73.13178027243661,4.801401620769523,14.69226572959641,38.58401001468541,0.3716067900890673,52.71782847122913,45.24252890820127,2.130114413084932,68.92438226819553,1.106093603305277,180.86268606719796,55.07361190031101,279.4105609017562,109.98017987073999,76.88621341847977,0.5050886845224407,144.82182047531262,0.667906295034,1.9469141833873806,13.286175427023766,0.4267827869612054,0.13996354409983283,0.5006708933461159,2.0024364324582105,1.0012389557208636,0.5005721186653986,0.5006708933461159,1.0013417866922318,2.50335446673058,1.0013417866922318,5.507379826807276,0.8007728125700879,4.159542147518592,2.0064371461603243,102.20146912490523,31.405966307045507,1.5059985201162525,4.506038040115044,38.24930129869503,0.20069858226508108,23512.245158569636,781.0238425230212,3491.5385457376437,528.589884287158,145.13326315329007,6.181447396713629,67.80550178142623,0.9708739758287164,22.50143744612282,28.232664711444265,109.98770448858863,34.29088061667886,0.8474320860833853,0.7362966890636221,18.38748372046309,52.17436190448193,28.424544196324334,114.65212591288164,14.072955426765171,0.2602758918677155,0.8999609800698116,37.63866720391893,14.358571294488383,16.489549622016803,27.202208481995918,110.29331441426504,7.393139519437538,1.4116127374984078,80.64737535503617,21.665117044877128,5.619508531076161,12.053188173147234,3.449066154162132,0.600805072015339,0.20026835733844642,2.8040404440561275,4.279474220992872,3.80555071689245,1.6692857355029371,1.6673452222313192,2.3598264774777977,1.3419113824884121,388.09794300711934,0.5435969634809732,1.6688726596547645,0.3337654364812662
2020-02-27 06:00:00,0.1498193436177925,35.91063596137021,104.33769575969,35.91063596137022,104.33769575969,35.910635961370225,104.33769575969,35.91063596137021,104.33769575968999,35.91063596137022,104.33769575968996,35.91063596137022,104.33769575968999,35.910635961370225,104.33769575968998,35.91063596137022,104.33769575969,35.91063596137021,104.33769575968999,0.0,35.91063596137021,104.33769575968998,35.91063596137022,104.33769575968998,35.91063596137022,104.33769575969,35.91063596137022,104.33769575968998,35.91063596137022,104.33769575969,35.91063596137021,104.33769575968998,35.91063596137021,104.33769575968995,35.91063596137022,104.33769575968998,35.91063596137021,104.33769575968998,35.91063596137021,104.33769575968995,0.0,35.91063596137022,104.33769575969,35.91063596137022,104.33769575969,0.0,35.910635961370225,104.33769575968998,0.0,35.91063596137021,104.33769575969,-0.0001390725398817544,35.910635961370204,104.33769575968999,0.0,35.910635961370204,104.33769575968996,0.0,37.140893822535034,-95.8436052740254,1.0639203077917834,0.0049678865792075755,0.00017106178136717986,37.140893822535034,-95.8436052740254,1.0013656914200348,0.0,0.0,37.140893822535034,-95.8436052740254,0.0,0.0003404131899230698,37.140893822535034,-95.8436052740254,2.036639561356579,0.0005821313630372076,0.0003867853562179429,37.14089382253505,-95.8436052740254,1.002148894536115,0.0,9.755897144119244e-05,56.2070227592496,-106.49200787270313,0.0,0.0003846803003584214,-25.30891502849515,133.95783155544916,4.009185743938285,0.00011751196012360979,-25.30891502849515,133.95783155544922,0.0,51.23556754519884,10.465799559384468,0.0,0.0,56.2070227592496,-106.49200787270311,1.273474802740513e-06,0.1120207870949714,-25.308915028495143,133.95783155544922,0.0,-25.30891502849514,133.95783155544916,0.0,37.140893822535034,-95.8436052740254,2.0026285855306516,0.0,37.140893822535034,-95.8436052740254,1.0013656914200348,0.0,1.821750082317943e-05,37.140893822535034,-95.84360527402539,1.0000972409272804,-0.00019772794863227427,37.140893822535034,-95.8436052740254,1.0013656914200348,0.0,37.140893822535034,-95.84360527402538,1.0007249656388124,0.0,0.0,37.140893822535034,-95.8436052740254,1.0013656914200348,0.0,0.0,37.14089382253503,-95.84360527402539,0.0,37.140893822535034,-95.8436052740254,2.0027313828400697,0.0,0.0,56.2070227592496,-106.49200787270311,1.0013656914200348,0.0,56.2070227592496,-106.49200787270308,0.0,37.140893822535034,-95.84360527402538,1.0013656914200348,0.0,-6.159557263538725e-05,0.0,0.0,61.08330717662213,0.0,0.0,0.0,0.0,37.140893822535034,-95.84360527402539,0.0,37.140893822535034,-95.8436052740254,1.0013656914200348,0.0,0.0,37.140893822535034,-95.8436052740254,1.0013656914200348,0.0,0.0,0.0,0.0,0.0,0.0,37.140893822535034,-95.8436052740254,1.0171806357302517,0.0,0.0,37.140893822535034,-95.8436052740254,11.01502260562038,0.0,0.0,37.140893822535034,-95.8436052740254,5.006828457100174,0.0,0.0,37.140893822535034,-95.8436052740254,2.0027313828400697,0.0,0.0,37.140893822535034,-95.8436052740254,0.0,0.0,37.140893822535034,-95.8436052740254,0.0,0.0,37.140893822535034,-95.8436052740254,0.0,0.0,37.14089382253504,-95.84360527402538,36.19928554250469,0.0,0.0,1.3697276411441178e+38,4.435899593891841e+38,-1.5170347936611125e+38,5.299386702944789e+38,-6.392247723207288e+35,-4.082389115450461e+36,-7.112199331087759e+36,1.102445218272412e+38,1.2313577410585816e+37,1.997308703371505e+38,6.356771795025391e+29,2.497452474419794e+29,-7.214616620335063,0.1507553179025241,22.313834122224467,4.651231458183599e+47,-1.1681494818833229e+50,3.0051564817511155e+45,-5.4165668629448e+49,6.746662403823045e+40,1.1747866066921738e+41,0.6675345481606787,0.33364446247389556,176.05737343106588,97.53197414280783,3.062774811868531,0.2255217696832375,218.83883627400724,28.12356471674235,1.162182752287693,1.9161756274536956,133.01541728477343,57.40966709366201,318.72870979585406,0.9644148771825498,38.887582398004014,92.79308309881833,11.99225219907499,146.3167850754637,212.95411772785954,41.26948341056766,5.866868293238617,2.0529371447993685,49.860023145054015,0.7261573313683094,40.698603660925464,1.2808428092711246,161.65167595757003,195.58248918450784,1.7198011057116809,212.51461200177886,0.3848507899874619,525.8859838840574,1.1428354794427702,59.27237652695717,195.7156952539045,340.26251626029506,19.624166485851333,36.63776012280622,73.24111041016268,4.815586198423324,14.73217010412317,38.611930967107654,0.3732757644239083,52.69047137316727,45.22411302991458,2.128498878977007,68.81549680733173,1.1093275981155528,181.59150425913498,54.7006851930407,279.7050169194549,110.07636018768092,76.76662134080124,0.5054193353329219,144.83860303273792,0.6680876683135537,1.9484062133019844,13.465302048154783,0.4057171750958828,0.14054233473417002,0.5006828457100174,2.002476427220376,1.0012628941106168,0.5005839817357013,0.5006828457100174,1.0013656914200348,2.503414228550087,1.0013656914200348,5.50751130281019,0.8008079656600069,4.156217621181033,2.0064940544702052,102.17627095669071,31.406716052123496,1.5060748818606333,4.506145611390157,38.2502144126271,0.20070349047055733,23580.91110995404,784.1002800832656,3531.347244151324,528.4858309377851,145.0017577692989,6.201920247571699,67.80648029292794,0.9708338443839497,22.69678198198104,28.23554827141166,109.98874962951271,34.272305308265175,0.8470161575333314,0.7340956116906983,18.223630803129765,52.20189749495169,28.42998178898023,114.64836106046405,14.056056587598906,0.25953231454125214,0.8962944891305762,37.668001236741866,14.404349408391784,16.44292172498308,27.192855192369915,110.30283961235767,7.398597976252936,1.4249479252474988,80.63426567369225,21.646477548598128,5.632480614785557,12.053475915241156,3.449148492669009,0.6008194148520207,0.200273138284007,2.8041303417136096,4.277101125319003,3.8056777046715484,1.6693370868313613,1.667372600574506,2.3640862396869275,1.3430114860102627,387.40916221476664,0.5360763713520331,1.6689114432738297,0.33377287592689736
2020-02-27 07:00:00,0.15039873032328005,35.91092574322299,104.33853771556137,35.910925743223004,104.33853771556137,35.910925743223004,104.33853771556139,35.91092574322299,104.33853771556136,35.910925743223,104.33853771556136,35.910925743223004,104.33853771556136,35.910925743223004,104.33853771556139,35.910925743223,104.33853771556139,35.91092574322299,104.33853771556136,0.0,35.91092574322299,104.33853771556136,35.910925743223004,104.33853771556134,35.910925743223,104.33853771556137,35.910925743223004,104.33853771556136,35.910925743223004,104.33853771556137,35.91092574322299,104.33853771556136,35.910925743223,104.33853771556133,35.910925743223004,104.33853771556136,35.91092574322299,104.33853771556136,35.91092574322299,104.33853771556133,0.0,35.910925743223,104.33853771556137,35.910925743223004,104.33853771556139,0.0,35.910925743223004,104.33853771556137,0.0,35.910925743223,104.33853771556136,-0.0001425945303581335,35.91092574322299,104.33853771556136,0.0,35.91092574322299,104.33853771556133,0.0,37.14119353198706,-95.84437868660277,1.0645465580106914,0.0050164364030580305,0.00017267325645338233,37.14119353198706,-95.84437868660277,1.0013737719676943,0.0,0.0,37.14119353198706,-95.84437868660277,0.0,0.0003436068187966596,37.141193531987064,-95.84437868660277,2.037001380583147,0.0005881938780185822,0.0003906168071880229,37.14119353198707,-95.84437868660275,1.002162850857721,0.0,9.817032392425012e-05,56.20747632334721,-106.49286721285463,0.0,0.00038581561684497296,-25.30911925947276,133.95891253181128,4.009178773686813,0.0001144190422560816,-25.30911925947276,133.9589125318113,0.0,51.235980992003505,10.465884013438426,0.0,0.0,56.207476323347215,-106.49286721285462,6.786989200278058e-07,0.1085092528385147,-25.309119259472748,133.9589125318113,0.0,-25.309119259472745,133.95891253181128,0.0,37.141193531987064,-95.84437868660277,2.0026445735385563,0.0,37.14119353198706,-95.84437868660277,1.0013737719676943,0.0,5.3708620783775264e-05,37.14119353198706,-95.84437868660275,1.000101207118371,-0.00019825413775179579,37.14119353198706,-95.84437868660277,1.0013737719676943,0.0,37.14119353198706,-95.84437868660277,1.0007084384679823,0.0,0.0,37.14119353198706,-95.84437868660277,1.0013737719676943,0.0,0.0,37.14119353198706,-95.84437868660275,0.0,37.14119353198706,-95.84437868660277,2.0027475439353886,0.0,0.0,56.207476323347215,-106.49286721285463,1.0013737719676943,0.0,56.20747632334721,-106.4928672128546,0.0,37.14119353198706,-95.84437868660274,1.0013737719676943,0.0,-6.240711751593579e-05,0.0,0.0,61.08380009002937,0.0,0.0,0.0,0.0,37.14119353198706,-95.84437868660275,0.0,37.14119353198706,-95.84437868660277,1.0013737719676943,0.0,0.0,37.14119353198706,-95.84437868660277,1.0013737719676943,0.0,0.0,0.0,0.0,0.0,0.0,37.14119353198706,-95.84437868660277,1.0191984764424762,0.0,0.0,37.14119353198706,-95.84437868660277,11.015111491644637,0.0,0.0,37.14119353198706,-95.84437868660277,5.006868859838472,0.0,0.0,37.14119353198706,-95.84437868660277,2.0027475439353886,0.0,0.0,37.14119353198706,-95.84437868660277,0.0,0.0,37.14119353198706,-95.84437868660277,0.0,0.0,37.14119353198706,-95.84437868660277,0.0,0.0,37.141193531987064,-95.84437868660274,36.186878409001935,0.0,0.0,1.3844566374400131e+38,4.483599842265845e+38,-1.5332681721705601e+38,5.3560940049633704e+38,-6.454812667066821e+35,-4.122346022141278e+36,-7.185739912401599e+36,1.1138445700684207e+38,1.244867075104222e+37,2.019221352771775e+38,6.424494923761201e+29,2.524059579549638e+29,-7.192996408876499,0.15166706524679271,22.28527212067369,4.70124721961019e+47,-1.1806495331506188e+50,3.034569835975041e+45,-5.472574499581889e+49,6.8185393094670075e+40,1.186935600255683e+41,0.6675537186729792,0.3336548804966733,176.13367068635088,98.18655641096996,3.0478359039268996,0.22719378300547988,218.7846910471128,28.156235091790673,1.1582665008525022,1.9243408589231774,134.40834059783367,57.732561657084574,319.26447377684974,0.9705584966140399,39.015832548775826,92.82572770894845,12.025390501368989,146.38519628967256,213.3980408488627,41.68189336340997,5.914915080557304,2.0577780477111345,50.1495456796519,0.7255861880943901,40.71440429668787,1.2828748558846208,161.97309825181446,196.45748026749519,1.721198939999329,212.25001669625993,0.38461504794897894,526.8161771447444,1.144965614889546,59.69186400931817,197.13941081252563,340.71917071239756,19.67503241771778,36.75243818731386,73.34486040575719,4.830244211964892,14.773924777804371,38.64102091916622,0.3751026648763798,52.67346159385638,45.17573011353648,2.126886860668932,68.71128765534885,1.1126331801624827,182.33522446593147,54.23962379592672,280.0027308763313,110.16804250340797,76.63201112453916,0.5057601838866115,144.8457019614231,0.6681666801931676,1.9497138747031357,13.636864623757676,0.385106515784883,0.14106364427642593,0.5006868859838471,2.002485591894058,1.001270801570862,0.5005877589149713,0.5006868859838471,1.0013737719676943,2.503434429919236,1.0013737719676943,5.5075557458223185,0.8008387478110586,4.1515453357404875,2.0065252386922428,102.13901859598869,31.40696948947218,1.5061286553435895,4.506181973854625,38.250523073771774,0.20070895928125626,23653.928741524964,787.376014034422,3573.4344094271064,528.3338154216516,144.8137011226471,6.224664167990508,67.82740943148636,0.9714081952530618,22.886155513837377,28.24049100081168,109.9862043430947,34.22850102208231,0.8460883111646935,0.7316306961679747,18.040818014163175,52.23010874576624,28.43381497483073,114.64436738320684,14.043529741966493,0.2589667450507723,0.8937127593418577,37.691199364425344,14.441076268792276,16.4149612488023,27.184039480643957,110.30995220468964,7.403429401032176,1.4369762630009575,80.63599812867295,21.65328586379685,5.659111430851972,12.053573181092617,3.449176325666503,0.6008242631806164,0.20027475439353892,2.804187831758332,4.273767017272069,3.805758202973485,1.6693657162811926,1.6673787464396386,2.36869801270025,1.344186705853387,386.72946724653946,0.5287304266443086,1.6689239703190721,0.3337750991756888
2020-02-27 08:00:00,0.15097687014578684,35.91075767215042,104.33804938813506,35.910757672150424,104.33804938813506,35.910757672150424,104.33804938813505,35.91075767215041,104.33804938813503,35.91075767215042,104.33804938813502,35.910757672150424,104.33804938813502,35.910757672150424,104.33804938813505,35.91075767215042,104.33804938813505,35.91075767215042,104.33804938813503,0.0,35.91075767215041,104.33804938813503,35.910757672150424,104.33804938813503,35.91075767215042,104.33804938813505,35.910757672150424,104.33804938813503,35.91075767215043,104.33804938813503,35.91075767215041,104.33804938813502,35.91075767215042,104.338049388135,35.91075767215042,104.33804938813503,35.91075767215041,104.33804938813503,35.91075767215041,104.338049388135,0.0,35.91075767215042,104.33804938813506,35.910757672150424,104.33804938813506,0.0,35.910757672150424,104.33804938813503,0.0,35.91075767215042,104.33804938813503,-0.000145808853271397,35.91075767215041,104.33804938813503,0.0,35.91075767215041,104.338049388135,0.0,37.14101970298921,-95.84393011371881,1.065179683269783,0.005066635025950311,0.00017435136542227154,37.14101970298921,-95.84393011371881,1.0013690853170325,0.0,0.0,37.14101970298921,-95.84393011371881,0.0,0.00034693517029949807,37.14101970298921,-95.84393011371881,2.0373466453755293,0.0005943895747116072,0.0003945689151574061,37.14101970298922,-95.8439301137188,1.0021645889726671,0.0,9.886977085663343e-05,56.20721325993024,-106.49236880268992,0.0,0.00038750683121426075,-25.309000807198636,133.95828557448158,4.009134332577027,0.00011205824076898456,-25.30900080719864,133.9582855744816,0.0,51.23574119628391,10.465835030787181,0.0,0.0,56.20721325993024,-106.49236880268991,1.8368981302674912e-07,0.10414878472203958,-25.30900080719863,133.9582855744816,0.0,-25.309000807198633,133.95828557448158,0.0,37.14101970298921,-95.84393011371881,2.0026348617348555,0.0,37.14101970298921,-95.8439301137188,1.0013690853170325,0.0,9.794765610236615e-05,37.14101970298921,-95.8439301137188,1.0000907342706888,-0.00019905526784851947,37.14101970298921,-95.84393011371881,1.0013690853170325,0.0,37.141019702989205,-95.84393011371878,1.0006819316382396,0.0,0.0,37.14101970298921,-95.84393011371881,1.0013690853170325,0.0,0.0,37.141019702989205,-95.84393011371878,0.0,37.14101970298921,-95.84393011371881,2.002738170634065,0.0,0.0,56.20721325993024,-106.49236880268992,1.0013690853170325,0.0,56.20721325993024,-106.49236880268992,0.0,37.14101970298921,-95.84393011371876,1.0013690853170325,0.0,-6.320479005881728e-05,0.0,0.0,61.08351420433898,0.0,0.0,0.0,0.0,37.14101970298921,-95.84393011371878,0.0,37.14101970298921,-95.84393011371881,1.0013690853170325,0.0,0.0,37.14101970298921,-95.84393011371881,1.0013690853170325,0.0,0.0,0.0,0.0,0.0,0.0,37.14101970298921,-95.84393011371881,1.0213040067696908,0.0,0.0,37.14101970298921,-95.84393011371881,11.015059938487356,0.0,0.0,37.14101970298921,-95.84393011371881,5.006845426585162,0.0,0.0,37.14101970298921,-95.84393011371881,2.002738170634065,0.0,0.0,37.14101970298921,-95.84393011371881,0.0,0.0,37.14101970298921,-95.84393011371881,0.0,0.0,37.14101970298921,-95.84393011371881,0.0,0.0,37.14101970298921,-95.84393011371877,36.17431923592056,0.0,0.0,1.3994203203391714e+38,4.532060129480362e+38,-1.5497744466884662e+38,5.4137546018467656e+38,-6.5194770074508504e+35,-4.1636437018890695e+36,-7.260978671442317e+36,1.125507152382524e+38,1.2585438224154158e+37,2.0414055528036678e+38,6.493410262123358e+29,2.5511350807423705e+29,-7.166024143197083,0.15255120466669628,22.25820046595986,4.752059914441017e+47,-1.1933597202250985e+50,3.064970169325328e+45,-5.529875448283937e+49,6.891681548541655e+40,1.1993648312519139e+41,0.667568135540038,0.3336633714543502,176.19494434820245,98.87552210138549,3.024901832993163,0.22875172402730531,218.70887700419473,28.174515838560367,1.1537736121691056,1.9330401387607443,135.88669970256618,58.04873657499115,319.83591754455585,0.9771471617067968,39.12305173607737,92.85089248666813,12.08452310655144,146.45181912256044,213.84846272386926,42.10041832082525,5.962848237996113,2.0625536945084777,50.43464682269954,0.7253886900131161,40.74335112528916,1.2841920294427855,162.20202066938538,197.3015005788194,1.7225439116326533,211.94460330874193,0.38434745450002755,527.8031860508162,1.1470433937745084,60.14031726491284,198.67411183042384,341.1983362019109,19.716208296567856,36.86667493186566,73.44080864143291,4.844981870602648,14.815752437184798,38.670062213051125,0.37704144776588366,52.66732035593224,45.1081150140474,2.125473907938264,68.62733003851604,1.11586547512711,183.06297212208275,53.711068339347975,280.29158426679885,110.25271477001618,76.48614736035636,0.5060949570562681,144.84086550742637,0.668111926159008,1.9507415373040442,13.79683984983263,0.36529484765330966,0.141493764512857,0.5006845426585163,2.002469874071605,1.001265776417823,0.500585015024592,0.5006845426585163,1.0013690853170325,2.503422713292581,1.0013690853170325,5.507529969243678,0.800869415495008,4.14567808362068,2.0065356852682004,102.09122451016378,31.406822497910717,1.5061642371323034,4.506160883926647,38.250344052866396,0.20071573010124716,23729.398057491948,790.7662692455712,3616.8738284454757,528.157434101023,144.60268514549315,6.249008075784685,67.86784981340516,0.9725805988422862,23.06413765292673,28.247388420032877,109.98054633137222,34.16143971618487,0.844689066474291,0.728968686010743,17.843875984585605,52.25768485050442,28.43610539235931,114.64053138792181,14.03553809359637,0.258583990740631,0.8922522491603759,37.70646761088482,14.465844743632974,16.406335812362354,27.17608878461541,110.31482322574462,7.407527661848462,1.4473778424025787,80.65283217779458,21.685627410784893,5.699983265893939,12.053516767705018,3.449160182758667,0.6008214511902192,0.20027381706340652,2.8042236572805868,4.2695843193395495,3.8058067498023798,1.669377441387132,1.6673695210811565,2.3736447968591077,1.3454352953741666,386.07142535693174,0.5216891340246503,1.6689153119577438,0.33377311332035564
2020-02-27 09:00:00,0.1515243412920396,35.91022281091121,104.33649535859041,35.910222810911215,104.33649535859043,35.91022281091121,104.33649535859041,35.91022281091121,104.3364953585904,35.91022281091121,104.3364953585904,35.91022281091121,104.33649535859038,35.910222810911215,104.33649535859041,35.91022281091121,104.33649535859041,35.91022281091121,104.33649535859041,0.0,35.91022281091121,104.33649535859041,35.91022281091121,104.3364953585904,35.91022281091121,104.33649535859041,35.910222810911215,104.3364953585904,35.91022281091122,104.33649535859041,35.9102228109112,104.33649535859038,35.91022281091121,104.33649535859037,35.91022281091121,104.3364953585904,35.91022281091121,104.33649535859041,35.9102228109112,104.33649535859038,0.0,35.91022281091121,104.33649535859043,35.910222810911215,104.33649535859044,0.0,35.910222810911215,104.33649535859041,0.0,35.91022281091121,104.3364953585904,-0.0001487811917003437,35.9102228109112,104.33649535859041,0.0,35.9102228109112,104.33649535859038,0.0,37.14046651800756,-95.84250259710389,1.0658188143304685,0.005118193297639309,0.00017608410420783113,37.14046651800756,-95.84250259710389,1.0013541707470095,0.0,0.0,37.14046651800756,-95.84250259710389,0.0,0.0003503738966571081,37.14046651800757,-95.84250259710389,2.0376788799052252,0.0006006961303059132,0.00039862016081872,37.140466518007564,-95.84250259710387,1.0021565458356654,0.0,9.964047088838494e-05,56.20637609965611,-106.49078268632712,0.0,0.00038964422024788305,-25.308623850419877,133.95629037584837,4.009059813005972,0.00011027937355717263,-25.308623850419877,133.9562903758484,0.0,51.23497808200271,10.465679150770807,0.0,0.0,56.206376099656126,-106.49078268632711,-2.322405465910761e-07,0.09906705812638658,-25.30862385041987,133.9562903758484,0.0,-25.30862385041987,133.95629037584837,0.0,37.140466518007564,-95.84250259710389,2.002604563492458,0.0,37.14046651800756,-95.84250259710387,1.0013541707470095,0.0,0.00015312828820265596,37.14046651800756,-95.84250259710387,1.0000687310048413,-0.00020006909795419877,37.14046651800756,-95.84250259710389,1.0013541707470095,0.0,37.14046651800756,-95.84250259710387,1.0006473970808896,0.0,0.0,37.14046651800756,-95.84250259710389,1.0013541707470095,0.0,0.0,37.14046651800755,-95.84250259710386,0.0,37.14046651800756,-95.84250259710389,2.002708341494019,0.0,0.0,56.206376099656126,-106.49078268632712,1.0013541707470095,0.0,56.20637609965611,-106.49078268632712,0.0,37.14046651800756,-95.84250259710385,1.0013541707470095,0.0,-6.399227114318052e-05,0.0,0.0,61.08260441556757,0.0,0.0,0.0,0.0,37.14046651800756,-95.84250259710386,0.0,37.14046651800756,-95.84250259710389,1.0013541707470095,0.0,0.0,37.14046651800756,-95.84250259710389,1.0013541707470095,0.0,0.0,0.0,0.0,0.0,0.0,37.14046651800756,-95.84250259710389,1.0234730092536093,0.0,0.0,37.14046651800756,-95.84250259710389,11.014895878217102,0.0,0.0,37.14046651800756,-95.84250259710389,5.006770853735047,0.0,0.0,37.14046651800756,-95.84250259710389,2.002708341494019,0.0,0.0,37.14046651800756,-95.84250259710389,0.0,0.0,37.14046651800756,-95.84250259710389,0.0,0.0,37.14046651800756,-95.84250259710389,0.0,0.0,37.140466518007564,-95.84250259710385,36.16191860566143,0.0,0.0,1.4145857026862592e+38,4.581173625750677e+38,-1.5665145471001249e+38,5.472232011790243e+38,-6.585890025010687e+35,-4.206058168873223e+36,-7.337649427070857e+36,1.1373917051051372e+38,1.2723667462146734e+37,2.063826856613029e+38,6.563344610616098e+29,2.5786109312718726e+29,-7.134532167402746,0.1533679273128861,22.233376934702815,4.803557527053456e+47,-1.2062499582765023e+50,3.0961925998121974e+45,-5.588266988644629e+49,6.965905298414387e+40,1.212030389252817e+41,0.6675805555860927,0.33367144859707676,176.23795742521685,99.57837237647723,2.9949311093671094,0.23015652076536913,218.62228568310417,28.17597843651656,1.1488897481155416,1.9420530227379689,137.41536648871454,58.346343612365054,320.42227684320966,0.9839350738738437,39.20369826507556,92.86684080627037,12.168198963073301,146.51355926399336,214.2928626152322,42.51435269862453,6.009495248804508,2.0670860247634657,50.70524483589557,0.725570090985872,40.78574487197194,1.2846842521872466,162.32537291122594,198.08142840209928,1.7240281227387133,211.6113046439317,0.3840816489302965,528.822779915177,1.1489847304664893,60.60198402144849,200.2747734076654,341.68547900914,19.744866581567464,36.97506124131895,73.52669190460836,4.859423765127439,14.855927567506791,38.69784044437114,0.3790469893019205,52.672281542435954,45.032383997822215,2.124427606851384,68.57690315387366,1.1188918283958207,183.74656751208013,53.136973526960006,280.5604474630039,110.32844110458203,76.33276067798619,0.5064075835162153,144.8223681814459,0.6678991193115176,1.9514141672918388,13.941191290382434,0.3465703330429274,0.14180652684888678,0.5006770853735047,2.0024342139835594,1.0012503927454486,0.5005770508245275,0.5006770853735047,1.0013541707470095,2.5033854268675233,1.0013541707470095,5.507447939108551,0.8009043274157174,4.138793199551766,2.0065295326204344,102.03457762843857,31.406354719086487,1.5061852800298254,4.506093768361544,38.249774345409726,0.2007246239016509,23805.240987337434,794.1784560949035,3660.65612957597,527.9795809831126,144.40147496722562,6.274245761106702,67.9268203876817,0.9743189884014138,23.226541523504306,28.25606489799973,109.97223781273365,34.07364218420501,0.8428697636244078,0.7261760498527483,17.63763379476638,52.28332622933078,28.436910323663973,114.63716574438996,14.032198388984398,0.2583870848188258,0.8919401965603767,37.71236646835052,14.476320778877867,16.41726343411764,27.16929354593546,110.31758211824973,7.41079487413853,1.4558624361479235,80.68451765752155,21.742828676698892,5.755330795190155,12.053337240473258,3.4491088103508103,0.6008125024482055,0.2002708341494019,2.8042478215263307,4.264682862090537,3.8058367580670747,1.6693774370390426,1.667350213974443,2.3788935153614768,1.346751062912347,385.4455546771144,0.5150629277250053,1.668889680542189,0.3337677548975898
2020-02-27 10:00:00,0.1520148540359759,35.909396376765564,104.33409416930081,35.90939637676558,104.33409416930081,35.90939637676557,104.33409416930081,35.90939637676557,104.33409416930081,35.90939637676557,104.33409416930078,35.90939637676557,104.3340941693008,35.90939637676558,104.33409416930081,35.90939637676557,104.33409416930081,35.909396376765564,104.33409416930081,0.0,35.90939637676557,104.33409416930081,35.90939637676557,104.33409416930078,35.90939637676557,104.33409416930081,35.90939637676558,104.3340941693008,35.90939637676558,104.33409416930081,35.909396376765564,104.3340941693008,35.909396376765564,104.33409416930078,35.909396376765564,104.33409416930081,35.909396376765564,104.3340941693008,35.909396376765564,104.33409416930078,0.0,35.90939637676557,104.33409416930083,35.90939637676558,104.33409416930081,0.0,35.90939637676558,104.3340941693008,0.0,35.90939637676557,104.3340941693008,-0.00015156581599822146,35.909396376765564,104.33409416930081,0.0,35.909396376765564,104.33409416930078,0.0,37.139611771160766,-95.8402968876833,1.0664632347918648,0.005170872491388687,0.00017786155948866077,37.139611771160766,-95.8402968876833,1.0013311256859152,0.0,0.0,37.13961177116076,-95.8402968876833,0.0,0.00035390289323719397,37.13961177116077,-95.8402968876833,2.0380010056601345,0.000607095290423243,0.0004027528869562447,37.139611771160766,-95.84029688768328,1.0021407337313892,0.0,0.00010046843202103856,56.205082571942405,-106.48833191849224,0.0,0.0003921367957024635,-25.308041400373845,133.9532075196664,4.008961315340343,0.00010895815508797993,-25.308041400373845,133.9532075196664,0.0,51.2337989655277,10.465438294715609,0.0,0.0,56.20508257194241,-106.48833191849224,-5.862016023146059e-07,0.09340548485973495,-25.308041400373842,133.95320751966642,0.0,-25.308041400373845,133.9532075196664,0.0,37.139611771160766,-95.8402968876833,2.00255790306033,0.0,37.139611771160766,-95.84029688768328,1.0013311256859152,0.0,0.00022186436026281936,37.139611771160766,-95.84029688768328,1.0000376124352797,-0.0002012417239032143,37.139611771160766,-95.8402968876833,1.0013311256859152,0.0,37.13961177116076,-95.84029688768327,1.0006064467759348,0.0,0.0,37.139611771160766,-95.8402968876833,1.0013311256859152,0.0,0.0,37.13961177116076,-95.84029688768328,0.0,37.139611771160766,-95.8402968876833,2.0026622513718304,0.0,0.0,56.20508257194241,-106.48833191849224,1.0013311256859152,0.0,56.205082571942405,-106.48833191849224,0.0,37.139611771160766,-95.84029688768325,1.0013311256859152,0.0,-6.477258420794357e-05,0.0,0.0,61.08119866684083,0.0,0.0,0.0,0.0,37.139611771160766,-95.84029688768327,0.0,37.139611771160766,-95.8402968876833,1.0013311256859152,0.0,0.0,37.139611771160766,-95.8402968876833,1.0013311256859152,0.0,0.0,0.0,0.0,0.0,0.0,37.139611771160766,-95.8402968876833,1.0256745437974113,0.0,0.0,37.139611771160766,-95.8402968876833,11.014642382545066,0.0,0.0,37.139611771160766,-95.8402968876833,5.006655628429575,0.0,0.0,37.139611771160766,-95.8402968876833,2.0026622513718304,0.0,0.0,37.139611771160766,-95.8402968876833,0.0,0.0,37.139611771160766,-95.8402968876833,0.0,0.0,37.139611771160766,-95.8402968876833,0.0,0.0,37.139611771160766,-95.84029688768325,36.14993819356982,0.0,0.0,1.4299254173135971e+38,4.6308517017723946e+38,-1.5834560384541145e+38,5.531412931294835e+38,-6.653759202829765e+35,-4.2494026080752954e+36,-7.415530774846712e+36,1.1494639088569144e+38,1.2863183169102233e+37,2.086456830540803e+38,6.634154103146973e+29,2.6064306089378334e+29,-7.0994389280942745,0.15408356577812307,22.211325582000715,4.855647125810911e+47,-1.2192952716932837e+50,3.128099607873473e+45,-5.647580501661661e+49,7.04105786901091e+40,1.2248957497847123e+41,0.6675936812962678,0.3336806211518186,176.26069385731955,100.27540072066341,2.9590708886418238,0.23137071765957623,218.53550363613863,28.159267018552903,1.1438026774990484,1.9511579919660917,138.9590834251853,58.61538695304995,321.00304585200803,0.9906806010498778,39.2542620919065,92.8724817218849,12.274304019534526,146.56762972559423,214.71986478327048,42.91401582190348,6.053832116935006,2.071222758151452,50.95275493428608,0.7261266122040577,40.841517443192274,1.2843071644418367,162.33847332290316,198.76948862497,1.7258328237157614,211.26313752277775,0.3838485482068571,529.8504681128354,1.150718182630711,61.06141202254631,201.8963108712265,342.16651482260954,19.759189724518635,37.07277820989748,73.600320683167,4.873230613725705,14.892922104115842,38.72324949818814,0.3810791876230719,52.68829390724791,44.959384814925336,2.123878596892455,68.5702416493634,1.121599521740473,184.3621664418677,52.53959477412185,280.7998713530184,110.39394425960501,76.175409888156,0.5066836309418442,144.7892583509858,0.6675140785367606,1.9516837134275753,14.066052826803908,0.3291649137015688,0.14198498586793518,0.5006655628429576,2.0023826921244208,1.0012267773744146,0.500564941981006,0.5006655628429576,1.0013311256859152,2.5033278142147877,1.0013311256859152,5.507321191272533,0.8009481044779967,4.131083812728296,2.006510195674131,101.97087862038849,31.40563193649428,1.5061948014018585,4.505990065586619,38.24889406906757,0.20073657334694656,23879.301919259313,797.5165675757796,3703.731918730417,527.8212286178607,144.2401059997068,6.299668562295794,68.00280496688396,0.9765757947677265,23.370559095922765,28.266280796768243,109.96173020565499,33.968132205014015,0.8406916309379768,0.7233164119413562,17.42672597494522,52.30586392058226,28.436283420262814,114.63451998310077,14.033586811726611,0.25837753248300677,0.8927956151888132,37.707871254248,14.470834112720494,16.447510118230472,27.163897795774286,110.31833297743883,7.413148009979336,1.4621848381353775,80.7303084267698,21.823469173625533,5.82502535365075,12.053059846219345,3.4490294329181523,0.600798675411549,0.20026622513718306,2.8042699259971755,4.259203841015472,3.805860964746366,1.6693704025683542,1.6673257129538097,2.3843939103231824,1.3481231576248525,384.86034157522494,0.5089427156289984,1.6688505554417752,0.33375971487793027
2020-02-27 11:00:00,0.15242735925401282,35.908340164837455,104.33102536486828,35.90834016483747,104.3310253648683,35.908340164837455,104.33102536486831,35.908340164837455,104.33102536486828,35.908340164837455,104.33102536486827,35.908340164837455,104.33102536486828,35.90834016483747,104.33102536486828,35.908340164837455,104.33102536486831,35.908340164837455,104.33102536486828,0.0,35.908340164837455,104.33102536486828,35.90834016483746,104.33102536486828,35.908340164837455,104.3310253648683,35.90834016483747,104.33102536486828,35.90834016483746,104.33102536486828,35.908340164837455,104.33102536486828,35.90834016483745,104.33102536486825,35.908340164837455,104.33102536486828,35.908340164837455,104.33102536486828,35.90834016483745,104.33102536486825,0.0,35.908340164837455,104.33102536486831,35.90834016483746,104.33102536486831,0.0,35.90834016483746,104.33102536486828,0.0,35.908340164837455,104.33102536486828,-0.0001542073237374396,35.90834016483745,104.33102536486828,0.0,35.90834016483745,104.33102536486825,0.0,37.13851937460398,-95.83747791340413,1.0671123497931871,0.005224475963387237,0.0001796755673071919,37.13851937460398,-95.83747791340413,1.0013016732866644,0.0,0.0,37.13851937460397,-95.83747791340413,0.0,0.00035750560571984596,37.13851937460399,-95.83747791340413,2.038315427195653,0.0006135721368057852,0.0004069526344140286,37.13851937460398,-95.83747791340411,1.0021188052671846,0.0,0.00010134208139455725,56.20342939799289,-106.48519975093373,0.0,0.00039490946108634416,-25.307297008713128,133.9492675209511,4.008843845916438,0.00010799224890750345,-25.30729700871313,133.9492675209511,0.0,51.23229201316842,10.465130472199078,0.0,0.0,56.20342939799289,-106.48519975093372,-8.92270593933495e-07,0.08731228371763106,-25.307297008713125,133.94926752095114,0.0,-25.307297008713128,133.9492675209511,0.0,37.13851937460398,-95.83747791340411,2.0024983517313624,0.0,37.13851937460398,-95.83747791340411,1.0013016732866644,0.0,0.0003072570714271485,37.13851937460398,-95.83747791340411,0.9999993793259143,-0.00020252556951376325,37.13851937460398,-95.83747791340413,1.0013016732866644,0.0,37.13851937460398,-95.8374779134041,1.000560404763017,0.0,0.0,37.13851937460398,-95.83747791340413,1.0013016732866644,0.0,0.0,37.13851937460397,-95.8374779134041,0.0,37.13851937460398,-95.83747791340413,2.002603346573329,0.0,0.0,56.20342939799289,-106.48519975093373,1.0013016732866644,0.0,56.203429397992885,-106.48519975093373,0.0,37.13851937460398,-95.83747791340409,1.0013016732866644,0.0,-6.554819409279686e-05,0.0,0.0,61.07940207048654,0.0,0.0,0.0,0.0,37.13851937460398,-95.83747791340411,0.0,37.13851937460398,-95.83747791340413,1.0013016732866644,0.0,0.0,37.13851937460398,-95.83747791340413,1.0013016732866644,0.0,0.0,0.0,0.0,0.0,0.0,37.13851937460398,-95.83747791340413,1.0278714537636027,0.0,0.0,37.13851937460398,-95.83747791340413,11.01431840615331,0.0,0.0,37.13851937460398,-95.83747791340413,5.006508366433322,0.0,0.0,37.13851937460398,-95.83747791340413,2.002603346573329,0.0,0.0,37.13851937460398,-95.83747791340413,0.0,0.0,37.13851937460398,-95.83747791340413,0.0,0.0,37.13851937460398,-95.83747791340413,0.0,0.0,37.13851937460397,-95.8374779134041,36.1385931905742,0.0,0.0,1.4454167316486735e+38,4.681020737501577e+38,-1.6005719737153842e+38,5.591203227543261e+38,-6.722841247737178e+35,-4.2935216410688355e+36,-7.49443879347797e+36,1.1616952544328377e+38,1.3003840046250327e+37,2.1092719065783414e+38,6.705719193400911e+29,2.6345471463093015e+29,-7.0617068148041335,0.15467255208631092,22.19232989247649,4.9082515169318636e+47,-1.2324749106778097e+50,3.160576815268374e+45,-5.707675915055082e+49,7.117012381680392e+40,1.237930571232405e+41,0.6676102570253155,0.33369244654164854,176.26251194380242,100.94866822332432,2.9186304807539987,0.23236034095033425,218.4582332404307,28.124291211303042,1.1386939955241315,1.9601411931185253,140.48382224452996,58.848297580570645,321.5591974449658,0.9971601374568048,39.273485399521235,92.8674737559352,12.400070670828393,146.61180471951604,215.11972194037858,43.29113795552365,6.09506067643116,2.07484587155494,51.170559374297525,0.7270454216466036,40.910227935711404,1.2830845455388196,162.24530396554908,199.34491949962327,1.728116850147115,210.91265008582468,0.3836746413564631,530.8625122605814,1.1521891263714223,61.50433896964843,203.49569127442135,342.6285464526573,19.75851375216488,37.15598686129976,73.65969838818862,4.886113541475678,14.925531795307789,38.74538266582333,0.38310637639289485,52.7150224720788,44.89906402098815,2.1239138650024953,68.61397644293596,1.1239022155925642,184.891626883289,51.940489514704815,281.0026653376053,110.44863944337709,76.01736729874523,0.5069115623287712,144.74153231065952,0.6669548132700398,1.9515331917864134,14.167919532438805,0.3132570428664718,0.14202244720830873,0.5006508366433322,2.002318660763043,1.001196678444698,0.5005495738585752,0.5006508366433322,1.0013016732866644,2.503254183216661,1.0013016732866644,5.507159203076655,0.8010058006738102,4.122749726844526,2.0064804767230298,101.9019718851986,31.40470819489993,1.5061952798432232,4.505857529789991,38.24776904491709,0.2007526584971545,23949.441292319592,800.6852745936538,3745.051998176399,527.7003205070791,144.14415537980614,6.324598991305155,68.09376546614507,0.9792882873393882,23.494811370193837,28.27774141615177,109.9494664020549,33.848369625637176,0.8382244407128514,0.7204484115849434,17.21543156573111,52.32436395949979,28.434275932963835,114.63278922177136,14.039741760126617,0.25855543812447945,0.8948295532810524,37.69241008489461,14.448434543850011,16.496386648320538,27.160090805062477,110.31716899724387,7.414524766501529,1.4661584801824765,80.78898453543985,21.925408199299667,5.9085634024315095,12.052705326598735,3.4489279857651773,0.6007810039719985,0.20026033465733295,2.8042995088768468,4.25329351865299,3.805891877139146,1.6693607224155504,1.6673006688828083,2.3900780566819453,1.3495360028928638,384.32235688196835,0.5034010367284072,1.6688007951439912,0.33374956092866354
2020-02-27 12:00:00,0.15274766398606368,35.90710468138615,104.32743569030512,35.90710468138616,104.32743569030512,35.90710468138616,104.32743569030512,35.90710468138615,104.32743569030512,35.90710468138615,104.3274356903051,35.90710468138615,104.32743569030511,35.907104681386166,104.3274356903051,35.90710468138615,104.32743569030514,35.90710468138615,104.32743569030512,0.0,35.90710468138615,104.32743569030512,35.90710468138616,104.3274356903051,35.907104681386144,104.32743569030514,35.90710468138616,104.32743569030512,35.90710468138616,104.32743569030512,35.90710468138615,104.32743569030512,35.90710468138615,104.3274356903051,35.90710468138615,104.32743569030512,35.90710468138615,104.3274356903051,35.907104681386144,104.3274356903051,0.0,35.90710468138615,104.32743569030514,35.90710468138615,104.32743569030512,0.0,35.90710468138616,104.3274356903051,0.0,35.90710468138615,104.32743569030512,-0.0001567421725385213,35.907104681386144,104.32743569030511,0.0,35.907104681386144,104.3274356903051,0.0,37.137241564883944,-95.83418047282532,1.0677656603727101,0.005278841962183631,0.00018151941776433506,37.137241564883944,-95.83418047282532,1.0012672219129326,0.0,0.0,37.13724156488393,-95.83418047282532,0.0,0.0003611684308257859,37.13724156488394,-95.83418047282532,2.038624109140425,0.0006201144687177033,0.0004112075749177829,37.13724156488394,-95.83418047282531,1.0020921105739466,0.0,0.00010225188511772806,56.20149562977612,-106.48153595858085,0.0,0.0003979005030481878,-25.306426270981788,133.94465878374479,4.0087114912398185,0.00010729778953266073,-25.306426270981788,133.94465878374476,0.0,51.230529284825536,10.464770402770784,0.0,0.0,56.20149562977612,-106.48153595858084,-1.1619738033087808e-06,0.08093581176701825,-25.30642627098178,133.94465878374479,0.0,-25.30642627098178,133.94465878374479,0.0,37.13724156488394,-95.83418047282534,2.0024287477646974,0.0,37.137241564883944,-95.83418047282532,1.0012672219129326,0.0,0.0004129652352112222,37.137241564883944,-95.83418047282532,0.999955688787028,-0.00020387741470542483,37.137241564883944,-95.83418047282532,1.0012672219129326,0.0,37.13724156488394,-95.8341804728253,1.00051035292296,0.0,0.0,37.137241564883944,-95.83418047282532,1.0012672219129326,0.0,0.0,37.13724156488392,-95.83418047282531,0.0,37.137241564883944,-95.83418047282532,2.002534443825865,0.0,0.0,56.20149562977612,-106.48153595858085,1.0012672219129326,0.0,56.201495629776105,-106.48153595858085,0.0,37.137241564883944,-95.83418047282532,1.0012672219129326,0.0,-6.632109437291773e-05,0.0,0.0,61.077300536688895,0.0,0.0,0.0,0.0,37.137241564883944,-95.83418047282532,0.0,37.137241564883944,-95.83418047282532,1.0012672219129326,0.0,0.0,37.137241564883944,-95.83418047282532,1.0012672219129326,0.0,0.0,0.0,0.0,0.0,0.0,37.137241564883944,-95.83418047282532,1.0300212698808644,0.0,0.0,37.137241564883944,-95.83418047282532,11.013939441042258,0.0,0.0,37.137241564883944,-95.83418047282532,5.006336109564663,0.0,0.0,37.137241564883944,-95.83418047282532,2.002534443825865,0.0,0.0,37.137241564883944,-95.83418047282532,0.0,0.0,37.137241564883944,-95.83418047282532,0.0,0.0,37.137241564883944,-95.83418047282532,0.0,0.0,37.13724156488393,-95.83418047282531,36.1280562968073,0.0,0.0,1.4610407099069484e+38,4.731619408893669e+38,-1.6178399149172089e+38,5.651524519035379e+38,-6.792934197722364e+35,-4.3382862854443044e+36,-7.574220725114138e+36,1.1740620631993442e+38,1.314551689836713e+37,2.13225242640322e+38,6.777940364549426e+29,2.6629214451525437e+29,-7.022301676818387,0.15511885591167024,22.176442126194154,4.9613063995187586e+47,-1.2457715975121383e+50,3.193529274574407e+45,-5.768436890253449e+49,7.193663215760833e+40,1.2511096523831434e+41,0.667633167328139,0.33370858377578894,176.24419240869307,101.58287300842173,2.8750465447636575,0.23309670310159902,218.39876620334775,28.072309895993605,1.1337314221511878,1.9688042946355682,141.95800468735155,59.04034334811465,322.0742901282101,1.0031806811416026,39.26241928575613,92.85226259296104,12.542102191618438,146.64461517293216,215.48464254651077,43.639115195537016,6.132663903841797,2.077877582183065,51.354337427881624,0.7283046091485392,40.9910633831595,1.2811055320770743,162.05812261465877,199.79519081039126,1.7310060783225958,210.5714072868796,0.38358056123353845,531.8368355219974,1.153362768351781,61.91849834636679,205.03396687306432,343.060522224285,19.743375049125603,37.22212575409895,73.70313633288642,4.897843680060626,14.952971747747146,38.76360174769751,0.38510769758967667,52.75184954996689,44.85989212670141,2.1245726951763992,68.71079688750872,1.125744585273758,185.3234869153375,51.35958706527479,281.1643148977041,110.4926155233371,75.86153172548921,0.5070837018159003,144.68021918784513,0.6662325104402174,1.9509781055854674,14.243832370054486,0.2989767967304183,0.14192274950617162,0.5006336109564663,2.002244859705405,1.0011615258517643,0.5005316722491137,0.5006336109564663,1.0012672219129326,2.5031680547823316,1.0012672219129326,5.506969720521129,0.8010830862385756,4.11398859188623,2.006442662967415,101.82967976236455,31.4036276660565,1.5061887403973764,4.505702498608198,38.246453069701104,0.20077414640815552,24013.616123270553,803.5934509116537,3783.602053996503,527.6308444291599,144.13329382738152,6.348423200096542,68.19716574951508,0.9823792365701837,23.59929548563754,28.290107872557467,109.93588055607627,33.71816105654186,0.83554472786239,0.7176240740197062,17.007551337590485,52.33820770066494,28.43093852445915,114.63212084118247,14.050663233282187,0.2589195020868129,0.8980445532062973,37.6658768111987,14.408909579586727,16.56274536460433,27.158000668369,110.3141845480444,7.414888239550756,1.4676661789502046,80.85888470646647,22.045829400809716,6.005060289423093,12.052290634137151,3.448809319922323,0.6007603331477595,0.20025344438258658,2.8043463858829645,4.247097143580769,3.8059422188681395,1.6693526211934868,1.667279655449097,2.395860678297824,1.3509694235095264,383.8364479416126,0.49849407592145134,1.6687427359362221,0.3337377570116448
2020-02-27 13:00:00,0.1529694061367212,35.90573100150904,104.32344448855521,35.90573100150905,104.3234444885552,35.90573100150905,104.3234444885552,35.90573100150904,104.3234444885552,35.90573100150904,104.32344448855517,35.90573100150904,104.3234444885552,35.905731001509054,104.32344448855518,35.90573100150904,104.32344448855523,35.90573100150904,104.3234444885552,0.0,35.90573100150904,104.3234444885552,35.905731001509054,104.32344448855517,35.90573100150904,104.32344448855523,35.90573100150905,104.3234444885552,35.90573100150905,104.3234444885552,35.90573100150904,104.3234444885552,35.90573100150904,104.32344448855518,35.90573100150904,104.32344448855521,35.90573100150904,104.32344448855517,35.90573100150904,104.32344448855518,0.0,35.90573100150904,104.32344448855523,35.90573100150905,104.3234444885552,0.0,35.90573100150905,104.32344448855517,0.0,35.90573100150904,104.3234444885552,-0.00015920001574896633,35.90573100150903,104.3234444885552,0.0,35.90573100150903,104.32344448855517,0.0,37.13582082428451,-95.83051419322905,1.0684227426246726,0.005333837484910481,0.00018338760191563075,37.13582082428451,-95.83051419322905,1.0012289169410737,0.0,0.0,37.135820824284494,-95.83051419322905,0.0,0.00036488020271295725,37.135820824284494,-95.83051419322905,2.0389286444546664,0.0006267122848243149,0.000415508030876751,37.1358208242845,-95.83051419322904,1.002061747108335,0.0,0.00010319001601916296,56.19934555768606,-106.4774623485104,0.0,0.00040105940214232687,-25.30545813587765,133.93953453092487,4.008567569603176,0.00010680635109376786,-25.30545813587765,133.93953453092487,0.0,51.22856938447165,10.464370057361473,0.0,0.0,56.199345557686065,-106.4774623485104,-1.4047058256294858e-06,0.0744185768687216,-25.305458135877643,133.9395345309249,0.0,-25.305458135877643,133.93953453092487,0.0,37.135820824284494,-95.83051419322904,2.0023514008902144,0.0,37.13582082428451,-95.83051419322904,1.0012289169410737,0.0,0.0005432764009598223,37.13582082428451,-95.83051419322904,0.9999079171819059,-0.00020525640988300082,37.13582082428451,-95.83051419322905,1.0012289169410737,0.0,37.135820824284494,-95.830514193229,1.0004571708429408,0.0,0.0,37.13582082428451,-95.83051419322905,1.0012289169410737,0.0,0.0,37.135820824284494,-95.83051419322902,0.0,37.13582082428451,-95.83051419322905,2.0024578338821475,0.0,0.0,56.19934555768607,-106.47746234851041,1.0012289169410737,0.0,56.19934555768606,-106.47746234851041,0.0,37.13582082428451,-95.83051419322902,1.0012289169410737,0.0,-6.709288365470533e-05,0.0,0.0,61.0749639334055,0.0,0.0,0.0,0.0,37.13582082428451,-95.83051419322902,0.0,37.13582082428451,-95.83051419322905,1.0012289169410737,0.0,0.0,37.13582082428451,-95.83051419322905,1.0012289169410737,0.0,0.0,0.0,0.0,0.0,0.0,37.13582082428451,-95.83051419322905,1.0320775252968308,0.0,0.0,37.13582082428451,-95.83051419322905,11.013518086351812,0.0,0.0,37.13582082428451,-95.83051419322905,5.0061445847053685,0.0,0.0,37.13582082428451,-95.83051419322905,2.0024578338821475,0.0,0.0,37.13582082428451,-95.83051419322905,0.0,0.0,37.13582082428451,-95.83051419322905,0.0,0.0,37.13582082428451,-95.83051419322905,0.0,0.0,37.135820824284494,-95.83051419322902,36.11846286368328,0.0,0.0,1.4767815064821284e+38,4.7825963995288756e+38,-1.6352411048278068e+38,5.712311282010698e+38,-6.863870556012499e+35,-4.38358956990902e+36,-7.654749549816228e+36,1.1865446460957223e+38,1.3288111761590059e+37,2.155381851092297e+38,6.850734488538353e+29,2.6915208460656803e+29,-6.982156654383319,0.155416776938701,22.16350869103821,5.014757966098951e+47,-1.259170888723618e+50,3.226878241344519e+45,-5.829766690373951e+49,7.270922144564821e+40,1.2644120374685945e+41,0.6676655379795065,0.3337308481345177,176.20787706550482,102.16604248982954,2.829840154315077,0.23355800525343615,218.36354254468432,28.005897250687838,1.129062060169189,1.976970889324063,143.35349425378132,59.189836348738766,322.5353754885209,1.0085901366349619,39.2243100429624,92.82804953202393,12.696417881709836,146.66546873423292,215.80893496455616,43.95311046525864,6.166433358235524,2.0802832846325403,51.50222382222127,0.7298731999499771,41.08284560722058,1.2785168539333918,161.79643955239305,200.11666350378704,1.7345845826073538,210.24954046394447,0.3835800175742119,532.7537645486815,1.1542257255807242,62.29427652106692,206.47808043319083,343.45376336912625,19.715455656608004,37.27008901780235,73.72935578116072,4.908256255661335,14.974932122633387,38.777577907825254,0.38707416879275747,52.79787669808877,44.84838178049716,2.12584550008565,68.85935381857632,1.1271047315325382,185.65346337040322,50.814372987233284,281.28320184883,110.52656421741275,75.71037086821309,0.507196824053168,144.60736947141254,0.665371333599862,1.9500650717827817,14.29154223005149,0.28641263565736963,0.14169977114196558,0.5006144584705369,2.0021635170997794,1.0011224839491402,0.5005118302655954,0.5006144584705369,1.0012289169410737,2.5030722923526842,1.0012289169410737,5.506759043175906,0.8011864440820766,4.10498792898574,2.006398611406483,101.75574363352203,31.402426273413575,1.5061768288643642,4.505530126234833,38.24498989456016,0.20080253484223043,24069.94329934036,806.1569455662049,3818.4301056540944,527.6221422180636,144.2202032997199,6.370619915221935,68.31001042418096,0.9857580264261114,23.685229949613877,28.30300985829627,109.92139548094016,33.581548837090764,0.832733584692391,0.7148877229568061,16.80632539512432,52.34714099509672,28.4263236760854,114.6326191570118,14.066308848980805,0.25946688709857524,0.9024333209754879,37.628618304887404,14.352762470233454,16.644979147342628,27.15769054807045,110.30948444111424,7.414230028470882,1.4666670638641277,80.93795139267799,22.181306850492717,6.113250978439806,12.05182955577218,3.448677380574809,0.6007373501646441,0.20024578338821475,2.804420995551853,4.240753484936842,3.8060253782815927,1.6693503141033745,1.667267324695675,2.401640424599609,1.35239900652482,383.4059824492177,0.49426426658456946,1.668678277840034,0.3337246804494802
2020-02-27 14:00:00,0.15309429781129325,35.904252370980146,104.31914835460674,35.90425237098015,104.31914835460672,35.90425237098015,104.31914835460674,35.904252370980146,104.31914835460672,35.904252370980146,104.3191483546067,35.904252370980146,104.31914835460671,35.90425237098016,104.31914835460671,35.904252370980146,104.31914835460675,35.904252370980146,104.31914835460674,0.0,35.904252370980146,104.31914835460672,35.90425237098016,104.31914835460671,35.904252370980146,104.31914835460675,35.90425237098015,104.31914835460674,35.90425237098015,104.31914835460674,35.904252370980146,104.31914835460672,35.904252370980146,104.31914835460671,35.904252370980146,104.31914835460674,35.904252370980146,104.31914835460671,35.904252370980146,104.31914835460671,0.0,35.904252370980146,104.31914835460674,35.90425237098015,104.31914835460674,0.0,35.904252370980146,104.31914835460671,0.0,35.904252370980146,104.31914835460674,-0.00016160485478769124,35.90425237098014,104.31914835460671,0.0,35.90425237098014,104.3191483546067,0.0,37.134291537542396,-95.82656780584372,1.0690832308805978,0.005389353071289085,0.0001852755966780073,37.134291537542396,-95.82656780584372,1.0011876854272816,0.0,0.0,37.13429153754238,-95.82656780584372,0.0,0.0003686317565192035,37.134291537542396,-95.82656780584372,2.039230314232584,0.0006333573526384941,0.0004198460721302642,37.134291537542396,-95.8265678058437,1.0020286025878349,0.0,0.00010415006619565216,56.19703121772618,-106.47307751015518,0.0,0.0004043449413315735,-25.304416034187927,133.93401877955986,4.008414761758181,0.00010646233145020223,-25.30441603418793,133.93401877955984,0.0,51.2264597455775,10.463939125123057,0.0,0.0,56.19703121772619,-106.47307751015518,-1.6280912296089828e-06,0.06789224303399544,-25.304416034187923,133.9340187795599,0.0,-25.30441603418792,133.93401877955986,0.0,37.13429153754239,-95.82656780584371,2.002268182517241,0.0,37.134291537542396,-95.82656780584371,1.0011876854272816,0.0,0.0007031757072952368,37.134291537542396,-95.8265678058437,0.9998572161274393,-0.00020662201229004404,37.134291537542396,-95.82656780584372,1.0011876854272816,0.0,37.13429153754239,-95.82656780584368,1.0004015701891604,0.0,0.0,37.134291537542396,-95.82656780584372,1.0011876854272816,0.0,0.0,37.13429153754238,-95.8265678058437,0.0,37.134291537542396,-95.82656780584372,2.0023753708545633,0.0,0.0,56.19703121772619,-106.47307751015519,1.0011876854272816,0.0,56.19703121772618,-106.47307751015519,0.0,37.134291537542396,-95.8265678058437,1.0011876854272816,0.0,-6.78648315447011e-05,0.0,0.0,61.07244881106419,0.0,0.0,0.0,0.0,37.134291537542396,-95.8265678058437,0.0,37.134291537542396,-95.82656780584372,1.0011876854272816,0.0,0.0,37.134291537542396,-95.82656780584372,1.0011876854272816,0.0,0.0,0.0,0.0,0.0,0.0,37.134291537542396,-95.82656780584372,1.033991460186908,0.0,0.0,37.134291537542396,-95.82656780584372,11.0130645397001,0.0,0.0,37.134291537542396,-95.82656780584372,5.0059384271364085,0.0,0.0,37.134291537542396,-95.82656780584372,2.0023753708545633,0.0,0.0,37.134291537542396,-95.82656780584372,0.0,0.0,37.134291537542396,-95.82656780584372,0.0,0.0,37.134291537542396,-95.82656780584372,0.0,0.0,37.13429153754238,-95.8265678058437,36.109916744001985,0.0,0.0,1.4926257744520149e+38,4.8339084850427984e+38,-1.6527597713362908e+38,5.77350842049186e+38,-6.935511375132138e+35,-4.429342756090153e+36,-7.735919367354159e+36,1.1991265877774887e+38,1.343153790443322e+37,2.178646112471394e+38,6.924031760594096e+29,2.7203179241056934e+29,-6.942142277085629,0.15557101280871058,22.15320982412948,5.0685608940677395e+47,-1.272660639446993e+50,3.260558392874579e+45,-5.891584663054485e+49,7.348715081864885e+40,1.2778202543786145e+41,0.6677108400258452,0.33376126709305826,176.15690317163936,102.68998492934737,2.7845667448883287,0.2337306035492006,218.35682128825653,27.928793449138176,1.124806910732087,1.9844909725157776,144.64628399007148,59.298114461362104,322.93362935066244,1.0132844574423672,39.16432285347674,92.79669372384676,12.858524324584016,146.67468381769686,216.0889587991092,44.22999272827298,6.1964654317131815,2.082071125590908,51.61477757373255,0.731711273440097,41.18404590435922,1.2755107275495434,161.4854405689889,200.3146219960549,1.7388880805446254,209.95538125836157,0.38367915180632833,533.5965508334426,1.1547860109890404,62.62516353271862,207.80229007686282,343.8023144047221,19.67743151223165,37.30026805042909,73.73756881155802,4.917248859433644,14.991588500160303,38.787300648478215,0.3890083021491516,52.85192962491803,44.86872729202985,2.12767560802473,69.0544103430579,1.1279941127631086,185.8844166058479,50.31922402676091,281.3606051469545,110.55166279765203,75.56589222260148,0.5072523146336323,144.5259489632275,0.6644070559638429,1.9488677761345539,14.30963953037778,0.2756191108484365,0.14137619771040696,0.5005938427136408,2.0020764363551757,1.0010804970899587,0.5004905317074959,0.5005938427136408,1.0011876854272816,2.5029692135682042,1.0011876854272816,5.50653226985005,0.8013233798308447,4.09591842593878,2.006349822001091,101.68177539447464,31.401133093052835,1.506160875949321,4.505344584422768,38.24341493123097,0.20083960011840468,24116.743913954102,808.3005284715473,3848.666135605647,527.6784961181811,144.40992271288135,6.39078342929641,68.42890271007634,0.9893223389611794,23.754809007748566,28.316060008825325,109.90641792656601,33.442681187611285,0.8298740896056052,0.7122754192778347,16.614389996198682,52.351287897130476,28.42048863052198,114.63434825265888,14.086586818797134,0.2601929661840494,0.9079766885193267,37.581397684730625,14.281153065531019,16.741026042630203,27.159158068069207,110.30319011601378,7.412571526124902,1.4631990573129738,81.02379066561744,22.327896286951088,6.231499772547183,12.051333250513574,3.4485353609161926,0.6007126112563688,0.20023753708545633,2.8045347503309186,4.2343902788034065,3.8061558611724466,1.6693581535730033,1.6672685586684126,2.4073022168277953,1.353796723407781,383.033120929787,0.4907432183732341,1.6686089587095125,0.33371063664111555
2020-02-27 15:00:00,0.15313161561228722,35.902695574992926,104.3146251123492,35.902695574992926,104.3146251123492,35.902695574992926,104.31462511234919,35.902695574992926,104.3146251123492,35.902695574992926,104.31462511234918,35.902695574992926,104.31462511234919,35.90269557499293,104.31462511234918,35.902695574992926,104.31462511234923,35.90269557499292,104.3146251123492,0.0,35.90269557499292,104.3146251123492,35.90269557499293,104.31462511234918,35.90269557499292,104.3146251123492,35.902695574992926,104.3146251123492,35.902695574992926,104.3146251123492,35.902695574992926,104.3146251123492,35.902695574992926,104.31462511234918,35.902695574992926,104.3146251123492,35.902695574992926,104.31462511234918,35.902695574992926,104.31462511234919,0.0,35.90269557499292,104.3146251123492,35.902695574992926,104.3146251123492,0.0,35.902695574992926,104.31462511234918,0.0,35.902695574992926,104.3146251123492,-0.0001639760242622742,35.90269557499292,104.31462511234919,0.0,35.90269557499292,104.31462511234918,0.0,37.13268140748157,-95.8224127989468,1.06974680423161,0.005445298426147535,0.00018717968347767245,37.13268140748157,-95.8224127989468,1.0011442742748915,0.0,0.0,37.132681407481556,-95.8224127989468,0.0,0.0003724155603768856,37.13268140748157,-95.8224127989468,2.039530139545316,0.0006400428533520283,0.0004242151798662082,37.13268140748156,-95.82241279894677,1.0019933916717096,0.0,0.00010512680061308503,56.19459453385403,-106.46846087427309,0.0,0.0004077235866880016,-25.303318843444778,133.92821144674494,4.008255222522033,0.00010622071534081845,-25.303318843444778,133.92821144674494,0.0,51.22423858396835,10.46348541233516,0.0,0.0,56.194594533854044,-106.46846087427308,-1.8382936847712635e-06,0.06147381784314228,-25.30331884344477,133.92821144674497,0.0,-25.30331884344477,133.92821144674494,0.0,37.132681407481556,-95.8224127989468,2.002180602945862,0.0,37.13268140748157,-95.8224127989468,1.0011442742748915,0.0,0.0008984082407312998,37.13268140748157,-95.8224127989468,0.9998045626336243,-0.00020793176537093347,37.13268140748157,-95.8224127989468,1.0011442742748915,0.0,37.132681407481556,-95.82241279894677,1.0003441240763937,0.0,0.0,37.13268140748157,-95.8224127989468,1.0011442742748915,0.0,0.0,37.132681407481556,-95.82241279894677,0.0,37.13268140748157,-95.8224127989468,2.002288548549783,0.0,0.0,56.194594533854044,-106.4684608742731,1.0011442742748915,0.0,56.19459453385403,-106.4684608742731,0.0,37.13268140748157,-95.82241279894679,1.0011442742748915,0.0,-6.863793515372559e-05,0.0,0.0,61.06980073076839,0.0,0.0,0.0,0.0,37.13268140748157,-95.82241279894677,0.0,37.13268140748157,-95.8224127989468,1.0011442742748915,0.0,0.0,37.13268140748157,-95.8224127989468,1.0011442742748915,0.0,0.0,0.0,0.0,0.0,0.0,37.13268140748157,-95.8224127989468,1.0357140543148886,0.0,0.0,37.13268140748157,-95.8224127989468,11.012587017023806,0.0,0.0,37.13268140748157,-95.8224127989468,5.005721371374458,0.0,0.0,37.13268140748157,-95.8224127989468,2.002288548549783,0.0,0.0,37.13268140748157,-95.8224127989468,0.0,0.0,37.13268140748157,-95.8224127989468,0.0,0.0,37.13268140748157,-95.8224127989468,0.0,0.0,37.132681407481556,-95.82241279894679,36.10249642481961,0.0,0.0,1.508562173905405e+38,4.88551894082976e+38,-1.6703825474491745e+38,5.8350692401855584e+38,-7.007741204259164e+35,-4.475472111679507e+36,-7.817641497272926e+36,1.2117941420967436e+38,1.3575720567443582e+37,2.202033084275245e+38,6.997773136747227e+29,2.7492894820409423e+29,-6.903044010422193,0.15559598304274375,22.145110405354394,5.122676676097163e+47,-1.286230556809219e+50,3.2945154528284314e+45,-5.953823270309592e+49,7.42697936224817e+40,1.2913196713558912e+41,0.6677729968105577,0.333802137146374,176.09554719020645,103.15045329498967,2.7407607445501783,0.23360982831855642,218.38048182615228,27.845652865779247,1.1210568558549756,1.9912432002883285,145.81683381148017,59.36929284451883,323.2646485209895,1.0172109578083157,39.08912431826809,92.76055704306691,13.023516890564819,146.67343524806077,216.32289389553497,44.468123859569985,6.223126169859663,2.0832881892258706,51.69475956077151,0.7337702701023889,41.292809373338685,1.2723093931944918,161.1539821161906,200.40266157690758,1.7439001331658601,209.6951941778712,0.3838763498297486,534.351638190167,1.155071395564142,62.90795401094664,208.98907724104353,344.10308244270357,19.632736664980484,37.314452937712616,73.7275311765944,4.924774210067101,15.003565696472652,38.79305437013825,0.3909222772178723,52.91256856981295,44.92258611375607,2.1299639248163516,69.2872343624138,1.1284549525896974,186.0257713676756,49.88491919528636,281.40047831751025,110.56942045629086,75.4296397354097,0.5072558892325421,144.4396484926021,0.6633846550094897,1.9474806143714853,14.297637973906344,0.2666248780757691,0.14098164778175648,0.5005721371374457,2.0019850704098925,1.0010363286709705,0.5004681712547603,0.5005721371374457,1.0011442742748915,2.502860685687229,1.0011442742748915,5.506293508511903,0.8015026447791587,4.086928759507061,2.006297500160052,101.60922142855267,31.399771550762843,1.506141952134332,4.505149234237012,38.2417567099627,0.20088744886284807,24152.569516733143,809.9590492209426,3873.5344934730033,527.7990158526787,144.6996598617667,6.408638483702348,68.5501245714255,0.992960505246872,23.81088643693255,28.328869397509425,109.89133217490496,33.30566859033919,0.8270484694491382,0.7098148744391789,16.433769754326,52.35112788801258,28.413498741795618,114.63733324826555,14.111346506347632,0.26109097537474213,0.9146410256076448,37.52533711723819,14.19580711792663,16.848383793945537,27.162338042881675,110.2954427058358,7.409963310028152,1.4573766843272575,81.11374862885515,22.481254216573376,6.3578211036862085,12.050810708864434,3.448385833613515,0.6006865645649346,0.20022885485497832,2.8047003936319284,4.22812076753629,3.8063497482576905,1.6693807726662797,1.6672886170710246,2.412720700055074,1.355131823026175,382.7190969330818,0.48795472906479365,1.6685360175469222,0.33369587163601544
2020-02-27 16:00:00,0.15309698890589543,35.90108209795943,104.30993718434877,35.90108209795943,104.3099371843488,35.90108209795943,104.30993718434878,35.90108209795943,104.3099371843488,35.90108209795943,104.30993718434877,35.90108209795943,104.3099371843488,35.90108209795943,104.30993718434878,35.901082097959424,104.30993718434883,35.90108209795943,104.3099371843488,0.0,35.90108209795942,104.3099371843488,35.90108209795944,104.30993718434877,35.901082097959424,104.3099371843488,35.901082097959424,104.30993718434877,35.90108209795943,104.3099371843488,35.90108209795943,104.3099371843488,35.90108209795943,104.30993718434878,35.90108209795943,104.3099371843488,35.90108209795943,104.30993718434877,35.90108209795943,104.30993718434877,0.0,35.901082097959424,104.30993718434878,35.90108209795943,104.30993718434878,0.0,35.90108209795943,104.30993718434877,0.0,35.90108209795943,104.30993718434878,-0.00016632902703699048,35.90108209795942,104.30993718434878,0.0,35.90108209795942,104.30993718434877,0.0,37.1310126545458,-95.81810651330811,1.0704131757985713,0.005501598765001378,0.0001890967964691937,37.1310126545458,-95.81810651330811,1.0010992825753025,0.0,0.0,37.131012654545785,-95.81810651330811,0.0,0.0003762254074320369,37.13101265454579,-95.81810651330811,2.0398289259517908,0.0006467630908581455,0.00042860996849649995,37.131012654545785,-95.8181065133081,1.0019566870374317,0.0,0.00010611594769908235,56.19206913328913,-106.46367615229998,0.0,0.0004111681128490781,-25.302181705322656,133.9221926760135,4.00809067530752,0.00010604517771570579,-25.30218170532266,133.9221926760135,0.0,51.2219365525696,10.46301518041712,0.0,0.0,56.19206913328914,-106.46367615229997,-2.0402779651387815e-06,0.055263091230842665,-25.302181705322653,133.9221926760135,0.0,-25.302181705322653,133.9221926760135,0.0,37.131012654545785,-95.81810651330811,2.002089876962355,0.0,37.1310126545458,-95.81810651330811,1.0010992825753025,0.0,0.001135529429648218,37.1310126545458,-95.81810651330811,0.9997508045482416,-0.00020913882580592211,37.1310126545458,-95.81810651330811,1.0010992825753025,0.0,37.131012654545785,-95.81810651330807,1.0002852919532739,0.0,0.0,37.1310126545458,-95.81810651330811,1.0010992825753025,0.0,0.0,37.131012654545785,-95.81810651330807,0.0,37.1310126545458,-95.81810651330811,2.002198565150605,0.0,0.0,56.192069133289145,-106.46367615230001,1.0010992825753025,0.0,56.19206913328913,-106.4636761523,0.0,37.1310126545458,-95.81810651330811,1.0010992825753025,0.0,-6.941296707550088e-05,0.0,0.0,61.06705623709345,0.0,0.0,0.0,0.0,37.1310126545458,-95.81810651330808,0.0,37.1310126545458,-95.81810651330811,1.0010992825753025,0.0,0.0,37.1310126545458,-95.81810651330811,1.0010992825753025,0.0,0.0,0.0,0.0,0.0,0.0,37.1310126545458,-95.81810651330811,1.037198284968321,0.0,0.0,37.1310126545458,-95.81810651330811,11.012092108328325,0.0,0.0,37.1310126545458,-95.81810651330811,5.005496412876511,0.0,0.0,37.1310126545458,-95.81810651330811,2.002198565150605,0.0,0.0,37.1310126545458,-95.81810651330811,0.0,0.0,37.1310126545458,-95.81810651330811,0.0,0.0,37.1310126545458,-95.81810651330811,0.0,0.0,37.13101265454578,-95.81810651330811,36.096261056115665,0.0,0.0,1.5245809659243676e+38,4.937396227143563e+38,-1.688097990911482e+38,5.896953770397488e+38,-7.080463809071497e+35,-4.5219161769267556e+36,-7.89984120982518e+36,1.2245357253719008e+38,1.372059432177617e+37,2.225532153698368e+38,7.071908206369624e+29,2.7784157145123463e+29,-6.8655476724020215,0.15551445291833696,22.138717549518834,5.177072241407137e+47,-1.2998718300274107e+50,3.328704179030047e+45,-6.016425598847814e+49,7.505661483166507e+40,1.3048979577541028e+41,0.6678564933172844,0.3338560808038429,176.02869882355262,103.54699871283472,2.6998773205273174,0.23320028270283139,218.43396739389368,27.761711412929102,1.1178702322395995,1.9971348691000639,146.85004923642765,59.409801533250274,323.5283820089668,1.0203674339559436,39.0063565299771,92.72230527736338,13.186213399276891,146.6636175230704,216.51035788114922,44.66702015688154,6.246987671931152,2.084013576243673,51.74673478581399,0.7359935757567883,41.406990432981814,1.2691475246348731,160.83231577241753,200.40146870138287,1.7495514328263124,209.47301632991628,0.38416252457595873,535.008669978472,1.1551262605867922,63.142675024780814,210.02943638827273,344.3557489270002,19.58526365198128,37.31560321186861,73.69956266255778,4.9308283418790735,15.011858333372675,38.79536522699205,0.3928348224779028,52.97810685759717,45.00901488863246,2.132576235299152,69.54621369694095,1.128555298608791,186.092431733667,49.518342373547824,281.4090191783742,110.58150220804825,75.30271207218262,0.5072169014433684,144.35262686531635,0.6623550847823878,1.9460105729617436,14.256004919896325,0.2594404698903401,0.1405503056121735,0.5005496412876512,2.001890584661885,1.0009905943870525,0.5004450718747482,0.5005496412876512,1.0010992825753025,2.5027482064382554,1.0010992825753025,5.5060460541641625,0.8017344695783994,4.078142042708765,2.0062426096637056,101.53933988244216,31.398360436375953,1.50612091421876,4.504946771588861,38.24003811487719,0.20094857304823038,24176.213478485053,811.0779514633036,3892.360700119397,527.9778344395451,145.0790831117493,6.424045425232369,68.66974062857223,0.9965545673408691,23.85661651032258,28.34106351557824,109.87649251420302,33.17443308986257,0.8243351276939626,0.7075257626575945,16.265899578192577,52.347439098019876,28.405431035117665,114.6415603819716,14.140367485340462,0.2621516055944395,0.922375330683188,37.46184543141658,14.098902161988093,16.9641388482923,27.167108399926253,110.28640316461873,7.406482724149399,1.449384425695013,81.2050049042106,22.636785680544218,6.489913160492424,12.050269142110118,3.4482308622038187,0.6006595695451811,0.20021985651506047,2.8049323611369483,4.222041400014715,3.8066251555719113,1.6694232252524441,1.6673332800667051,2.417764743804846,1.3563719816195263,382.46448700963333,0.48591766899988365,1.6684604481529557,0.3336805827888266
2020-02-27 17:00:00,0.15301060513639844,35.89942909863227,104.30513442504724,35.89942909863227,104.30513442504724,35.89942909863227,104.30513442504721,35.899429098632275,104.30513442504724,35.89942909863227,104.30513442504721,35.89942909863227,104.30513442504723,35.89942909863227,104.30513442504724,35.89942909863227,104.30513442504727,35.89942909863227,104.30513442504724,0.0,35.89942909863226,104.30513442504724,35.899429098632275,104.30513442504721,35.89942909863227,104.30513442504723,35.89942909863227,104.30513442504721,35.899429098632275,104.30513442504724,35.89942909863227,104.30513442504724,35.899429098632275,104.30513442504724,35.899429098632275,104.30513442504723,35.899429098632275,104.30513442504723,35.89942909863227,104.30513442504721,0.0,35.89942909863227,104.30513442504721,35.899429098632275,104.30513442504723,0.0,35.899429098632275,104.30513442504723,0.0,35.89942909863227,104.30513442504723,-0.00016867623657197163,35.89942909863226,104.30513442504724,0.0,35.89942909863226,104.30513442504721,0.0,37.129303025327175,-95.81369474473901,1.071082084242851,0.00555819178379216,0.00019102439637803253,37.129303025327175,-95.81369474473901,1.0010531887991871,0.0,0.0,37.12930302532717,-95.81369474473901,0.0,0.0003800561598546748,37.129303025327175,-95.81369474473901,2.04012730137655,0.0006535132548962722,0.0004330259570157497,37.129303025327175,-95.81369474473901,1.0019189455047313,0.0,0.00010711402278499281,56.18948187276546,-106.45877422804693,0.0,0.00041465644540924617,-25.3010167128798,133.91602647484495,4.007922491570506,0.00010590648807013749,-25.301016712879804,133.91602647484495,0.0,51.21957813266388,10.462533430117615,0.0,0.0,56.18948187276547,-106.45877422804692,-2.2380302787711366e-06,0.04934128983600256,-25.3010167128798,133.91602647484495,0.0,-25.301016712879793,133.91602647484495,0.0,37.12930302532717,-95.81369474473902,2.0019969792135015,0.0,37.129303025327175,-95.81369474473902,1.0010531887991871,0.0,0.0014219366543980557,37.129303025327175,-95.81369474473902,0.9996967025701429,-0.0002101891241301254,37.129303025327175,-95.81369474473901,1.0010531887991871,0.0,37.129303025327175,-95.81369474473898,1.0002254405244089,0.0,0.0,37.129303025327175,-95.81369474473901,1.0010531887991871,0.0,0.0,37.12930302532716,-95.81369474473897,0.0,37.129303025327175,-95.81369474473901,2.0021063775983743,0.0,0.0,56.18948187276548,-106.45877422804696,1.0010531887991871,0.0,56.18948187276546,-106.45877422804695,0.0,37.129303025327175,-95.81369474473901,1.0010531887991871,0.0,-7.019051579985414e-05,0.0,0.0,61.06424451675042,0.0,0.0,0.0,0.0,37.129303025327175,-95.81369474473898,0.0,37.129303025327175,-95.81369474473901,1.0010531887991871,0.0,0.0,37.129303025327175,-95.81369474473901,1.0010531887991871,0.0,0.0,0.0,0.0,0.0,0.0,37.129303025327175,-95.81369474473901,1.0384014710730876,0.0,0.0,37.129303025327175,-95.81369474473901,11.011585076791059,0.0,0.0,37.129303025327175,-95.81369474473901,5.005265943995935,0.0,0.0,37.129303025327175,-95.81369474473901,2.0021063775983743,0.0,0.0,37.129303025327175,-95.81369474473901,0.0,0.0,37.129303025327175,-95.81369474473901,0.0,0.0,37.129303025327175,-95.81369474473901,0.0,0.0,37.12930302532716,-95.81369474473901,36.09125604021851,0.0,0.0,1.5406736793734049e+38,4.989512909985421e+38,-1.705896188844054e+38,5.959127382930534e+38,-7.153598573554775e+35,-4.568623466665173e+36,-7.982455004699234e+36,1.2373414945696478e+38,1.3866100941911274e+37,2.2491338763418777e+38,7.146393437170274e+29,2.8076795185262576e+29,-6.830232472591673,0.15535556180538854,22.133539879722775,5.231718824270272e+47,-1.3135768259709824e+50,3.3630866718627793e+45,-6.079343287583127e+49,7.584715242289342e+40,1.3185446351566076e+41,0.667966486365224,0.3339261025125807,175.961491147817,103.8825204324296,2.663234069316321,0.23251559493691093,218.51437452506391,27.682400893124132,1.1152720438110046,2.0020998264481973,147.7349367614667,59.427744707180395,323.7286984206119,1.0227971124694433,38.9240432877188,92.68468268745748,13.341318815439333,146.64763962749174,216.6519208736187,44.826930705170895,6.268742115480281,2.0843489522720713,51.77653192079225,0.7383174659980095,41.52420049568541,1.26625386056714,160.5497150951308,200.33708480999667,1.75572235936906,209.29060762952363,0.38452185568020447,535.5602601446715,1.1550071891458187,63.33224238104207,210.92249732337143,344.562458705268,19.539025228276415,37.307510275067095,73.65453339704871,4.935435695255705,15.017715702863986,38.79492399639993,0.394767102805573,53.04664014423075,45.1245645504136,2.135352753216779,69.81766135501337,1.1283821191271568,186.10327382291106,49.22238258061017,281.3940661529056,110.58954655298344,75.18579764504553,0.5071473089451666,144.2692095790298,0.6613715048688222,1.9445680396416252,14.18613571642807,0.25406537712838895,0.14011824497322103,0.5005265943995936,2.0017939098786517,1.000943790414314,0.5004214998375285,0.5005265943995936,1.0010531887991871,2.5026329719979676,1.0010531887991871,5.5057925383955295,0.802030804546696,4.069653857547721,2.006185917141302,101.47319087009035,31.39691475659021,1.5060984444833956,4.504739349596342,38.238277422619994,0.2010259072232165,24186.712332740102,811.6133578487752,3904.574971158084,528.204604621103,145.53108149293269,6.4369948382349325,68.7837250679849,0.9999840276238274,23.895084612701112,28.35229800014273,109.86221522363752,33.052558168755475,0.8218056895268271,0.7054203427643025,16.11166972590294,52.34121328037052,28.396377715195477,114.64697636798604,14.17334828147208,0.2633625781895292,0.9311082970435138,37.39253675359241,13.99293960918078,17.085014081842246,27.17329884643661,110.27624985130126,7.40222990247095,1.4394662352471095,81.29468207668481,22.789818767115996,6.625205480157152,12.049714309619844,3.448072094752755,0.600631913279512,0.20021063775983744,2.80524714209694,4.216230661544758,3.8070026927713423,1.6694911221156312,1.6674089843477127,2.4223028272717864,1.3574846692206677,382.26945583117197,0.48464855980980337,1.6683830442341088,0.3336649277174608
2020-02-27 18:00:00,0.1528950068886483,35.897750224015134,104.30025648556406,35.89775022401514,104.30025648556406,35.89775022401514,104.30025648556403,35.89775022401514,104.30025648556406,35.89775022401514,104.30025648556403,35.89775022401514,104.30025648556406,35.897750224015134,104.30025648556406,35.89775022401513,104.30025648556409,35.897750224015134,104.30025648556406,0.0,35.89775022401513,104.30025648556406,35.89775022401514,104.30025648556405,35.897750224015134,104.30025648556406,35.897750224015134,104.30025648556403,35.89775022401514,104.30025648556406,35.897750224015134,104.30025648556406,35.89775022401514,104.30025648556406,35.897750224015134,104.30025648556406,35.897750224015134,104.30025648556406,35.897750224015134,104.30025648556406,0.0,35.89775022401513,104.30025648556405,35.89775022401514,104.30025648556406,0.0,35.89775022401514,104.30025648556406,0.0,35.89775022401514,104.30025648556406,-0.0001710274833187815,35.89775022401513,104.30025648556406,0.0,35.89775022401513,104.30025648556406,0.0,37.12756663436035,-95.80921391637712,1.0717532870894058,0.005615025162074419,0.0001929603663185604,37.12756663436035,-95.80921391637712,1.001006373492335,0.0,0.0,37.12756663436034,-95.80921391637712,0.0,0.00038390353743703986,37.12756663436035,-95.80921391637712,2.040425748079277,0.0006602892294176963,0.00043745938220587227,37.12756663436034,-95.80921391637712,1.0018805298375282,0.0,0.00010811818034556957,56.18685411245744,-106.4537955713298,0.0,0.00041817069316458805,-25.29983348418192,133.9097637508039,4.007751757099983,0.00010578117779734379,-25.29983348418192,133.9097637508039,0.0,51.217182795139394,10.462044138720849,0.0,0.0,56.18685411245744,-106.45379557132979,-2.4347422014777374e-06,0.0437708287535758,-25.299833484181924,133.9097637508039,0.0,-25.299833484181917,133.9097637508039,0.0,37.127566634360335,-95.80921391637713,2.0019026907180972,0.0,37.12756663436035,-95.80921391637713,1.001006373492335,0.0,0.0017658738677994918,37.12756663436035,-95.80921391637713,0.9996429701807674,-0.0002110180230805829,37.12756663436035,-95.80921391637712,1.001006373492335,0.0,37.12756663436035,-95.80921391637709,1.000164861213166,0.0,0.0,37.12756663436035,-95.80921391637712,1.001006373492335,0.0,0.0,37.127566634360335,-95.80921391637708,0.0,37.12756663436035,-95.80921391637712,2.00201274698467,0.0,0.0,56.18685411245745,-106.45379557132983,1.001006373492335,0.0,56.18685411245743,-106.45379557132982,0.0,37.12756663436035,-95.80921391637712,1.001006373492335,0.0,-7.097101949928497e-05,0.0,0.0,61.06138878303241,0.0,0.0,0.0,0.0,37.12756663436035,-95.80921391637709,0.0,37.12756663436035,-95.80921391637712,1.001006373492335,0.0,0.0,37.12756663436035,-95.80921391637712,1.001006373492335,0.0,0.0,0.0,0.0,0.0,0.0,37.12756663436035,-95.80921391637712,1.0392875378629784,0.0,0.0,37.12756663436035,-95.80921391637712,11.011070108415684,0.0,0.0,37.12756663436035,-95.80921391637712,5.005031867461673,0.0,0.0,37.12756663436035,-95.80921391637712,2.00201274698467,0.0,0.0,37.12756663436035,-95.80921391637712,0.0,0.0,37.12756663436035,-95.80921391637712,0.0,0.0,37.12756663436035,-95.80921391637712,0.0,0.0,37.127566634360335,-95.8092139163771,36.087517904604454,0.0,0.0,1.5568328390318623e+38,5.0418447806532974e+38,-1.7237684342782727e+38,6.0215596621383225e+38,-7.227077496624428e+35,-4.615550552213719e+36,-8.065428360478071e+36,1.2502029984539074e+38,1.4012187702020493e+37,2.2728296998775127e+38,7.22119073615269e+29,2.8370659280824167e+29,-6.797570895722668,0.1551524108123515,22.129143158748043,5.28659104082165e+47,-1.3273388400864793e+50,3.397630962305908e+45,-6.142534813649383e+49,7.664100210198213e+40,1.3322507061436222e+41,0.6681089131528333,0.33401564163820524,175.8989151379287,104.16255056838335,2.6319556195148888,0.2315776497482253,218.61668476424686,27.61294160373789,1.1132547929829801,2.006094781012607,148.46401279328947,59.432133340521865,323.8726260375196,1.0245798442343794,38.84997301281136,92.65027867708214,13.48361625074699,146.6281717969453,216.74857838131163,44.94838540375251,6.289101902825076,2.0844073810102017,51.790606381206445,0.740672474077871,41.64186789970672,1.2638334098490214,160.332178830685,200.23878844088136,1.7622488158274328,209.14751021350673,0.3849329489168925,536.0015815224704,1.154777658480541,63.481873165378744,211.67449502026884,344.7273139697978,19.497805156536835,37.294384207095646,73.59381771567826,4.938632966632373,15.022501949533112,38.79249309385676,0.3967380258732267,53.11608827733844,45.26353074384522,2.138119376105969,70.08676537154544,1.128032999639903,186.079337920623,48.99602992391785,281.36437091037845,110.59499383352548,75.07922137196272,0.5070604000207053,144.19356852177594,0.6604852783528576,1.9432573022538184,14.090274602771267,0.2504940888297901,0.1397206458837747,0.5005031867461674,2.0016957863608194,1.0008963172257623,0.5003976777346271,0.5005031867461674,1.001006373492335,2.5025159337308365,1.001006373492335,5.505535054207842,0.8024055600098275,4.061531726725255,2.0061280291801564,101.41163829687235,31.395446446799085,1.5060750834063328,4.504528680715506,38.23648916929733,0.2011228862174969,24183.342646917452,811.5319701303179,3909.714997840324,528.465271451966,146.03295636176054,6.447591859341715,68.88810803683945,1.0031301806503876,23.928961429041735,28.362273350492845,109.84877071351436,32.943147089539394,0.8195222192970147,0.7035042974109756,15.97148711510266,52.333550962349406,28.38644930754236,114.65348756720046,14.209896206666084,0.2647082570123032,0.940745707509504,37.31914661376337,13.880613083616836,17.207438476246907,27.180701589130358,110.26517412817554,7.397322613123957,1.4279121641065249,81.3799679524661,22.935800630946385,6.760920689458014,12.04915079203736,3.4479108420291524,0.6006038240954007,0.20020127469846696,2.8056636330816422,4.210748924302013,3.8075059102733158,1.6695907611260141,1.667522949314108,2.426209035877017,1.3584386646215456,382.1339650692182,0.48416370196253056,1.6683044370526896,0.33364903178017746
2020-02-27 19:00:00,0.15277269268794866,35.89605628410203,104.2953347741391,35.89605628410203,104.2953347741391,35.89605628410203,104.29533477413909,35.89605628410203,104.29533477413909,35.89605628410204,104.29533477413909,35.89605628410204,104.29533477413909,35.89605628410203,104.29533477413912,35.89605628410202,104.29533477413912,35.89605628410204,104.2953347741391,0.0,35.89605628410202,104.2953347741391,35.89605628410204,104.29533477413908,35.89605628410203,104.29533477413909,35.89605628410203,104.29533477413909,35.89605628410203,104.2953347741391,35.89605628410203,104.29533477413912,35.89605628410204,104.29533477413912,35.89605628410204,104.29533477413912,35.89605628410203,104.29533477413912,35.89605628410203,104.29533477413909,0.0,35.89605628410202,104.29533477413909,35.89605628410203,104.29533477413909,0.0,35.89605628410204,104.29533477413912,0.0,35.89605628410204,104.29533477413909,-0.00017339054096443714,35.89605628410202,104.29533477413912,0.0,35.89605628410202,104.2953347741391,0.0,37.125814661977515,-95.80469287952988,1.0724265555047747,0.005672054518016403,0.00019490292628373315,37.125814661977515,-95.80469287952988,1.0009591380907081,0.0,0.0,37.12581466197751,-95.80469287952988,0.0,0.0003877639440759721,37.125814661977515,-95.80469287952988,2.0407246294323493,0.0006670874384225606,0.00044190704692075294,37.12581466197751,-95.80469287952987,1.0018417268154338,0.0,0.00010912609119633323,56.18420277207597,-106.44877223888989,0.0,0.00042169634463804905,-25.298639637841514,133.90344482852726,4.007579326956728,0.00010565043481052666,-25.298639637841514,133.90344482852728,0.0,51.214765963175495,10.461550456692628,0.0,0.0,56.18420277207598,-106.44877223888989,-2.6329631783185946e-06,0.03859598640466189,-25.298639637841518,133.90344482852726,0.0,-25.298639637841514,133.90344482852726,0.0,37.1258146619775,-95.80469287952987,2.0018076378043927,0.0,37.125814661977515,-95.80469287952987,1.0009591380907081,0.0,0.0021763997009233826,37.125814661977515,-95.80469287952988,0.999590312929888,-0.00021154631247022413,37.125814661977515,-95.80469287952988,1.0009591380907081,0.0,37.125814661977515,-95.80469287952985,1.0001037846382492,0.0,0.0,37.125814661977515,-95.80469287952988,1.0009591380907081,0.0,0.0,37.12581466197751,-95.80469287952984,0.0,37.125814661977515,-95.80469287952988,2.0019182761814163,0.0,0.0,56.184202772075984,-106.44877223888993,1.0009591380907081,0.0,56.18420277207596,-106.44877223888992,0.0,37.125814661977515,-95.80469287952988,1.0009591380907081,0.0,-7.175479407808263e-05,0.0,0.0,61.058507423533186,0.0,0.0,0.0,0.0,37.125814661977515,-95.80469287952985,0.0,37.125814661977515,-95.80469287952988,1.0009591380907081,0.0,0.0,37.125814661977515,-95.80469287952988,1.0009591380907081,0.0,0.0,0.0,0.0,0.0,0.0,37.125814661977515,-95.80469287952988,1.0398290256189717,0.0,0.0,37.125814661977515,-95.80469287952988,11.010550518997789,0.0,0.0,37.125814661977515,-95.80469287952988,5.004795690453539,0.0,0.0,37.125814661977515,-95.80469287952988,2.0019182761814163,0.0,0.0,37.125814661977515,-95.80469287952988,0.0,0.0,37.125814661977515,-95.80469287952988,0.0,0.0,37.125814661977515,-95.80469287952988,0.0,0.0,37.1258146619775,-95.80469287952987,36.085078238305464,0.0,0.0,1.5730517449964469e+38,5.094370141331277e+38,-1.7417069629941083e+38,6.084223485634206e+38,-7.300842701971395e+35,-4.662660471047783e+36,-8.148713884804336e+36,1.2631128908473119e+38,1.41588060188202e+37,2.296611743913378e+38,7.29626627635572e+29,2.8665616532231548e+29,-6.767934282567963,0.15493939951234428,22.12519726388341,5.341666139968233e+47,-1.3411518937571816e+50,3.4323098412503976e+45,-6.205964083587936e+49,7.743780485165917e+40,1.3460083491570551e+41,0.6682905943746098,0.33412861988626186,175.84544687837226,104.39434077889601,2.6069240328780805,0.23041537206488777,218.7341272642481,27.557944929614003,1.1117808514625445,2.0090946862660823,149.03257592982874,59.43205408222882,323.96933459740615,1.025820336478732,38.79110303250006,92.62130531901917,13.608175782924198,146.6078689607906,216.80124852552865,45.03176973252863,6.30869601258955,2.084301417323165,51.795362287222986,0.7429852125192864,41.757309158275845,1.2620514833965988,160.2003723486043,200.1367612128845,1.768931166170384,209.0412117711283,0.38537035324742824,536.3298481417382,1.1545022717093611,63.598306871635,212.29716987070407,344.8557214635787,19.464825800255973,37.28040465622345,73.51922014535755,4.940453732659824,15.027544944186957,38.788807411530044,0.39875945584125905,53.184250701820844,45.418347466590845,2.1406999627340326,70.33862557569095,1.127607120731964,186.0418678115864,48.834658062638404,281.32880766678153,110.59894123716867,74.98299839629478,0.5069694041453726,144.12940822620234,0.6597420555401237,1.9421674947896364,13.971389691999637,0.24872082990327724,0.13938910609874072,0.5004795690453541,2.0015968005562392,1.0008484997136844,0.5003737958891189,0.5004795690453541,1.0009591380907081,2.5023978452267697,1.0009591380907081,5.5052752594988945,0.8028748370677359,4.05381580653996,2.006069423077677,101.35536134379983,31.39396496120475,1.5060512568050235,4.504316121408186,38.23468486917443,0.20124350085741805,24165.618576236327,810.8110102480865,3907.4302151800225,528.7430801784523,146.55798192993808,6.456031449956811,68.97913515132673,1.0058808377299484,23.96021267674786,28.37074791383904,109.83637643085927,32.8486971887688,0.8175347573552267,0.701777702041233,15.845346381811058,52.325546989369805,28.37577707921065,114.66095955245149,14.249519849521718,0.26616935578972495,0.9511685501143103,37.24345153555977,13.764682343302237,17.327640280368826,27.18908326355914,110.25337463011574,7.391890380731548,1.4150432338806973,81.45824531984422,23.070506252620362,6.894149444933395,12.04858221775852,3.447748142312438,0.6005754828544247,0.2001918276181416,2.806203472612581,4.2056391560726105,3.808161721154355,1.669729248283947,1.6676832886761015,2.4293692983196595,1.3592056265259334,382.05793762201665,0.48448073600724334,1.668225126639003,0.33363299427414733
2020-02-27 20:00:00,0.15266374929230106,35.89435580766969,104.2903940709771,35.89435580766969,104.29039407097709,35.89435580766969,104.29039407097707,35.89435580766969,104.29039407097707,35.89435580766969,104.29039407097707,35.89435580766969,104.29039407097707,35.89435580766968,104.2903940709771,35.894355807669676,104.29039407097713,35.89435580766969,104.29039407097709,0.0,35.894355807669676,104.29039407097709,35.8943558076697,104.29039407097707,35.89435580766968,104.29039407097707,35.89435580766968,104.29039407097706,35.89435580766969,104.2903940709771,35.89435580766968,104.2903940709771,35.8943558076697,104.2903940709771,35.89435580766969,104.2903940709771,35.89435580766969,104.2903940709771,35.89435580766969,104.29039407097707,0.0,35.894355807669676,104.29039407097707,35.89435580766969,104.2903940709771,0.0,35.89435580766969,104.2903940709771,0.0,35.89435580766969,104.29039407097707,-0.00017577152703926457,35.89435580766968,104.2903940709771,0.0,35.89435580766968,104.29039407097709,0.0,37.12405592914167,-95.80015439705538,1.073101670235106,0.005729241742930172,0.00019685056336493038,37.12405592914167,-95.80015439705538,1.0009117204186777,0.0,0.0,37.12405592914166,-95.80015439705538,0.0,0.0003916343261712212,37.12405592914167,-95.80015439705538,2.0410242121903,0.0006739047226124398,0.0004463661975456345,37.124055929141655,-95.80015439705537,1.0018027621175465,0.0,0.00011013584109855314,56.181541200790036,-106.44372952258112,0.0,0.00042522160531261767,-25.297441184726388,133.89710152300262,4.00740587071609,0.00010549919256464153,-25.297441184726388,133.89710152300262,0.0,51.212339805220466,10.461054869660543,0.0,0.0,56.181541200790036,-106.44372952258112,-2.834726152980147e-06,0.03384429807639908,-25.297441184726388,133.89710152300262,0.0,-25.297441184726388,133.89710152300262,0.0,37.12405592914166,-95.80015439705537,2.0017123246730746,0.0,37.12405592914167,-95.80015439705537,1.0009117204186777,0.0,0.0026633084212077905,37.12405592914167,-95.80015439705538,0.9995394686071273,-0.00021167535000793554,37.12405592914167,-95.80015439705538,1.0009117204186777,0.0,37.12405592914167,-95.80015439705537,1.000042392538134,0.0,0.0,37.12405592914167,-95.80015439705538,1.0009117204186777,0.0,0.0,37.12405592914166,-95.80015439705534,0.0,37.12405592914167,-95.80015439705538,2.0018234408373554,0.0,0.0,56.18154120079005,-106.44372952258117,1.0009117204186777,0.0,56.18154120079003,-106.44372952258115,0.0,37.12405592914167,-95.80015439705537,1.0009117204186777,0.0,-7.254205630618463e-05,0.0,0.0,61.05561494553933,0.0,0.0,0.0,0.0,37.12405592914167,-95.80015439705535,0.0,37.12405592914167,-95.80015439705538,1.0009117204186777,0.0,0.0,37.12405592914167,-95.80015439705538,1.0009117204186777,0.0,0.0,0.0,0.0,0.0,0.0,37.12405592914167,-95.80015439705538,1.0400086744650432,0.0,0.0,37.12405592914167,-95.80015439705538,11.010028924605457,0.0,0.0,37.12405592914167,-95.80015439705538,5.004558602093389,0.0,0.0,37.12405592914167,-95.80015439705538,2.0018234408373554,0.0,0.0,37.12405592914167,-95.80015439705538,0.0,0.0,37.12405592914167,-95.80015439705538,0.0,0.0,37.12405592914167,-95.80015439705538,0.0,0.0,37.12405592914166,-95.80015439705537,36.08396652638328,0.0,0.0,1.5893242946259476e+38,5.14706922845255e+38,-1.759704740563116e+38,6.147094280378258e+38,-7.374844386460016e+35,-4.7099214165496604e+36,-8.232269802757057e+36,1.2760646963180466e+38,1.4305910375921396e+37,2.3204726255195273e+38,7.371589545475349e+29,2.8961547062554208e+29,-6.741602750576323,0.15474951835584128,22.121510289011432,5.3969233987604836e+47,-1.3550105703215905e+50,3.4670998949890894e+45,-6.269599282113349e+49,7.823723683425803e+40,1.3598106691542828e+41,0.6685193266374845,0.33426947970084575,175.80471364583502,104.58584055132684,2.5887376370392756,0.22906317401992357,218.8586532029987,27.521055678508773,1.1107862371246238,2.0110879857567645,149.43797028558458,59.43584240536183,324.02895388123045,1.0266345158149153,38.7530266751029,92.59940300672088,13.710569188295224,146.58909742000094,216.8103566388229,45.07698049465709,6.327973192604489,2.0841315000828176,51.79649238133045,0.7451806343219672,41.86780948927568,1.2610206285108605,160.16794703587158,200.05971841657626,1.7755458924667624,208.9674038126177,0.38580634910401773,536.5437812241096,1.1542410026766345,63.68890720634189,212.80574416175872,344.95365758854194,19.442458104625498,37.269278475745296,73.4328803932035,4.94091577040073,15.03398823621503,38.78447918960693,0.4008318496638722,53.24887500164873,45.5801033588959,2.142928839427987,70.55930992482179,1.1271962540022744,186.0103572425249,48.730477388925706,281.2955843379252,110.60203786511278,74.8968905590348,0.5068861195275803,144.07968259423183,0.6591782397042086,1.9413646897592292,13.833013425377576,0.24874281476059135,0.13914923415881789,0.5004558602093389,2.001497415222899,1.0008006042543964,0.5003500225343349,0.5004558602093389,1.0009117204186777,2.5022793010466944,1.0009117204186777,5.505014462302729,0.803457135630406,4.046520547049137,2.006010472163054,101.30487327779156,31.392477758902864,1.5060272982090783,4.504102741884049,38.23287360667798,0.2013923483446098,24133.293854909694,809.4383653205408,3897.489007547064,529.019762502378,147.07724647951596,6.462566889677323,69.05343115114646,1.0081351772641063,23.989891274676,28.377548509248236,109.82519106910962,32.77099673364997,0.8158793055623221,0.7002360463719148,15.732904947509322,52.31817743309665,28.364514370655957,114.66921766301442,14.291625841121778,0.26772280159235,0.9622322613326986,37.16719712918929,13.647860587643331,17.441762907373974,27.19819718297741,110.24105088653462,7.386068368306518,1.4011957613719177,81.52722190842826,23.190247923959696,7.021936432172998,12.048011449484083,3.447584814775445,0.6005470322512065,0.20018234408373556,2.8068913403651052,4.200928296404146,3.809000777833652,1.6699146049018339,1.667899101055791,2.431687422967053,1.359761610877556,382.04137137648377,0.48561954944387387,1.668145507501265,0.3336168935412936
2020-02-27 21:00:00,0.15258373706981776,35.89265549733834,104.28545385041849,35.89265549733834,104.28545385041848,35.892655497338346,104.28545385041846,35.892655497338346,104.28545385041848,35.89265549733834,104.28545385041846,35.89265549733834,104.28545385041846,35.89265549733834,104.28545385041849,35.89265549733833,104.28545385041849,35.89265549733834,104.28545385041849,0.0,35.89265549733833,104.28545385041848,35.892655497338346,104.28545385041846,35.89265549733834,104.28545385041846,35.89265549733834,104.28545385041846,35.892655497338346,104.28545385041849,35.89265549733834,104.28545385041849,35.89265549733835,104.28545385041849,35.892655497338346,104.28545385041849,35.892655497338346,104.28545385041849,35.89265549733834,104.28545385041848,0.0,35.89265549733833,104.28545385041846,35.89265549733834,104.28545385041849,0.0,35.89265549733834,104.28545385041849,0.0,35.892655497338346,104.28545385041848,-0.00017817523096787073,35.89265549733834,104.2854538504185,0.0,35.89265549733834,104.28545385041849,0.0,37.12229736809726,-95.79561635789572,1.0737784184627,0.005786553652139023,0.00019880197511856117,37.12229736809726,-95.79561635789572,1.0008643073783625,0.0,0.0,37.12229736809725,-95.79561635789572,0.0,0.00039551205769854363,37.12229736809725,-95.79561635789572,2.04132468488685,0.0006807382412018937,0.00045083442553846883,37.122297368097236,-95.79561635789571,1.0017638125071953,0.0,0.0001111458475539953,56.17887988948397,-106.43868729884034,0.0,0.00042873685426474866,-25.296242848675075,133.89075883708628,4.007231909505135,0.000105315383841207,-25.29624284867507,133.89075883708628,0.0,51.209913884250334,10.46055933103695,0.0,0.0,56.17887988948398,-106.43868729884032,-3.0416504333689084e-06,0.029528456431715033,-25.296242848675078,133.89075883708628,0.0,-25.296242848675075,133.89075883708628,0.0,37.12229736809724,-95.79561635789571,2.0016171606881583,0.0,37.12229736809726,-95.79561635789571,1.0008643073783625,0.0,0.0032369924008534942,37.12229736809726,-95.79561635789572,0.9994912499425812,-0.00021128112378434455,37.12229736809726,-95.79561635789572,1.0008643073783625,0.0,37.12229736809725,-95.79561635789571,0.9999808275343196,0.0,0.0,37.12229736809726,-95.79561635789572,1.0008643073783625,0.0,0.0,37.12229736809724,-95.79561635789568,0.0,37.12229736809726,-95.79561635789572,2.001728614756725,0.0,0.0,56.178879889484,-106.43868729884036,1.0008643073783625,0.0,56.17887988948397,-106.43868729884036,0.0,37.12229736809726,-95.79561635789571,1.0008643073783625,0.0,-7.333294278081236e-05,0.0,0.0,61.05272275008011,0.0,0.0,0.0,0.0,37.12229736809726,-95.7956163578957,0.0,37.12229736809726,-95.79561635789572,1.0008643073783625,0.0,0.0,37.12229736809726,-95.79561635789572,1.0008643073783625,0.0,0.0,0.0,0.0,0.0,0.0,37.12229736809726,-95.79561635789572,1.0398204460957006,0.0,0.0,37.12229736809726,-95.79561635789572,11.009507381161992,0.0,0.0,37.12229736809726,-95.79561635789572,5.004321536891814,0.0,0.0,37.12229736809726,-95.79561635789572,2.001728614756725,0.0,0.0,37.12229736809726,-95.79561635789572,0.0,0.0,37.12229736809726,-95.79561635789572,0.0,0.0,37.12229736809726,-95.79561635789572,0.0,0.0,37.12229736809725,-95.79561635789571,36.084211766660715,0.0,0.0,1.6056448395305583e+38,5.199923749555724e+38,-1.7777552908807323e+38,6.2101494236971254e+38,-7.449039139859983e+35,-4.7573056649109725e+36,-8.316058728357172e+36,1.289052619753802e+38,1.4453457475302633e+37,2.3444053215935312e+38,7.447132578327547e+29,2.925834100200221e+29,-6.718778027063642,0.15461180208902076,22.118046755575243,5.452343636766043e+47,-1.3689098830396162e+50,3.5019807152805436e+45,-6.333411936506112e+49,7.903900124557952e+40,1.3736514949646634e+41,0.6688039572067559,0.3344432092580263,175.77922132247411,104.74466984066993,2.57768056519326,0.22755919961729584,218.9814954406459,27.504660009640446,1.1101856106745263,2.012072507352868,149.6789666292266,59.45032718096664,324.0613407398018,1.0271353055286885,38.73953883387387,92.58548884295108,13.78707616880251,146.5736905922212,216.77555932916982,45.083207072108486,6.347122112645321,2.083975651673054,51.79839313894365,0.7471846675021625,41.970709596985756,1.2607913114943927,160.24034834243108,200.03268435164847,1.7818593762167265,208.92032230688983,0.3862128994075579,536.6431483947877,1.1540439202883168,63.760729196788475,213.21666976682255,345.02692548779163,19.431995636085517,37.26384563280402,73.3371656708744,4.940012661146058,15.042660113816662,38.779916626152755,0.40294080715240205,53.30773659812431,45.739151729560795,2.1446626760868184,70.73685721335772,1.1268765014273945,186.00076126881422,48.67313664884054,281.2715197572931,110.60442949328137,74.82046216136533,0.506819686869082,144.04636279707933,0.6588180913269541,1.9408857283502754,13.679062291115736,0.2505619026044821,0.13901868418489904,0.5004321536891813,2.0013979941301145,1.0007528533097956,0.5003265131272892,0.5004321536891813,1.0008643073783625,2.502160768445907,1.0008643073783625,5.504753690580996,0.8041735225450019,4.0396370605315965,2.005951466522543,101.26054512661256,31.39099070186955,1.5060034671900209,4.503889383202631,38.231062521104,0.20157467295014825,24086.369876514396,807.4130055754463,3879.7892043631537,529.2768296653703,147.5616626436246,6.467474526594359,69.10815681693231,1.009808396924024,24.018031201770647,28.38257817367665,109.81531052848516,32.71104979703836,0.8145763674651736,0.6988712447827993,15.63355736702883,52.31219853608533,28.352836486826128,114.67804911168594,14.335521437934538,0.2693418123652871,0.9737674834596233,37.09203834983151,13.532720840269775,17.546000137812484,27.2077950684564,110.2283969352765,7.379991471488578,1.3867062664115022,81.58505175125565,23.29207101992488,7.141374198491524,12.047440736961772,3.4474215031921376,0.6005185844270174,0.20017286147567254,2.8077551992519703,4.19662910225565,3.8100577768927852,1.6701558544382524,1.668180531276247,2.4330904636902373,1.3600884170840675,382.0843989074761,0.48760246531842943,1.668065889675864,0.3336007911487505
2020-02-27 22:00:00,0.1525420238955005,35.890960600036216,104.28052935731723,35.890960600036216,104.28052935731722,35.89096060003622,104.28052935731719,35.890960600036216,104.28052935731722,35.890960600036216,104.2805293573172,35.890960600036216,104.28052935731722,35.89096060003621,104.28052935731725,35.8909606000362,104.28052935731723,35.89096060003621,104.28052935731722,0.0,35.89096060003621,104.28052935731722,35.89096060003622,104.2805293573172,35.89096060003621,104.28052935731722,35.890960600036216,104.2805293573172,35.890960600036216,104.28052935731723,35.89096060003621,104.28052935731723,35.89096060003622,104.28052935731725,35.890960600036216,104.28052935731722,35.89096060003622,104.28052935731722,35.890960600036216,104.2805293573172,0.0,35.89096060003621,104.28052935731722,35.890960600036216,104.28052935731722,0.0,35.890960600036216,104.28052935731723,0.0,35.890960600036216,104.28052935731722,-0.0001806053811662829,35.89096060003621,104.28052935731725,0.0,35.89096060003621,104.28052935731722,0.0,37.120544405526324,-95.79109276582734,1.074456591385626,0.0058439608976739305,0.00020075602384141134,37.120544405526324,-95.79109276582734,1.0008170452800065,0.0,0.0,37.12054440552632,-95.79109276582734,0.0,0.0003993948474169985,37.12054440552633,-95.79109276582734,2.0416261729377743,0.0006875853941388788,0.00045530958871521643,37.12054440552631,-95.79109276582733,1.0017250157503466,0.0,0.00011215479192331831,56.17622705060533,-106.4336611272895,0.0,0.00043223420125790323,-25.295048327590912,133.88443634345106,4.007057846153342,0.00010508933299903031,-25.29504832759091,133.88443634345106,0.0,51.207495686329835,10.46006536998717,0.0,0.0,56.17622705060534,-106.43366112728947,-3.255025436254416e-06,0.025648518251235597,-25.295048327590912,133.88443634345106,0.0,-25.295048327590912,133.88443634345106,0.0,37.12054440552632,-95.79109276582733,2.001522483400055,0.0,37.120544405526324,-95.79109276582733,1.0008170452800065,0.0,0.0039082346721610066,37.120544405526324,-95.79109276582733,0.9994465916115902,-0.00021020697409663332,37.120544405526324,-95.79109276582734,1.0008170452800065,0.0,37.120544405526324,-95.79109276582733,0.9999192010796153,0.0,0.0,37.120544405526324,-95.79109276582734,1.0008170452800065,0.0,0.0,37.12054440552632,-95.7910927658273,0.0,37.120544405526324,-95.79109276582734,2.001634090560013,0.0,0.0,56.17622705060535,-106.43366112728953,1.0008170452800065,0.0,56.17622705060532,-106.43366112728953,0.0,37.120544405526324,-95.79109276582732,1.0008170452800065,0.0,-7.412752537816134e-05,0.0,0.0,61.04983976208039,0.0,0.0,0.0,0.0,37.120544405526324,-95.79109276582732,0.0,37.120544405526324,-95.79109276582734,1.0008170452800065,0.0,0.0,37.120544405526324,-95.79109276582734,1.0008170452800065,0.0,0.0,0.0,0.0,0.0,0.0,37.120544405526324,-95.79109276582734,1.039269890350908,0.0,0.0,37.120544405526324,-95.79109276582734,11.008987498080074,0.0,0.0,37.120544405526324,-95.79109276582734,5.004085226400034,0.0,0.0,37.120544405526324,-95.79109276582734,2.001634090560013,0.0,0.0,37.120544405526324,-95.79109276582734,0.0,0.0,37.120544405526324,-95.79109276582734,0.0,0.0,37.120544405526324,-95.79109276582734,0.0,0.0,37.12054440552632,-95.79109276582734,36.08584279894945,0.0,0.0,1.6220080712558936e+38,5.252916513069327e+38,-1.79585255877336e+38,6.2733677633361334e+38,-7.523388576483908e+35,-4.804788701231907e+36,-8.400046671411049e+36,1.3020713924149778e+38,1.4601405571026783e+37,2.368403060786944e+38,7.522869340669365e+29,2.9555896067079594e+29,-6.699597809972168,0.15454913209894938,22.114928391507725,5.50790882788308e+47,-1.3828451692971382e+50,3.536934256047413e+45,-6.397376160237082e+49,7.984282177517424e+40,1.3875252154658998e+41,0.6691544322728066,0.33465534872777386,175.77016077525883,104.87719074147313,2.5737048626155943,0.22594350854005651,219.09377996794126,27.509679563266324,1.1098782523142405,2.012052673097349,149.75536763201123,59.48020740697628,324.07491139270195,1.027419160355436,38.75232811627914,92.57965886926385,13.834866545212199,146.5627566070112,216.6956426295368,45.048867362978925,6.366017082698292,2.083881368991261,51.803705394844066,0.7489271025869397,42.06349493022856,1.261346933249768,160.4141898680474,200.0750778669978,1.7876430048384606,208.89315448282616,0.3865636371233472,536.6284518924103,1.1539468127972148,63.819640216418954,213.5453708415667,345.08047958517716,19.433509170914807,37.26577003239366,73.23455912018883,4.937710731968427,15.053972177805777,38.77526448681179,0.4050549531222401,53.35872599367947,45.88577774245419,2.1457908701984887,70.86215254607228,1.1267014325220663,186.02401507537513,48.65044413522105,281.2614448924794,110.60575797449374,74.75313237352034,0.5067756233545522,144.0302727811555,0.6586716743041947,1.9407342377333618,13.51365033122675,0.2541845984911681,0.13900575814320576,0.5004085226400032,2.0012988221748254,1.0007054381200482,0.500303419152955,0.5004085226400032,1.0008170452800065,2.502042613200017,1.0008170452800065,5.504493749040037,0.8050477382750796,4.033135958939753,2.0058926298664277,101.22263182604617,31.38950837896213,1.505979964292479,4.503676703760029,38.22925720121817,0.20179639159232593,24025.109145098184,804.745638812099,3854.371025037102,529.4968890606054,147.98401623585517,6.471018273941238,69.14114741820957,1.0108358185218331,24.04365284651618,28.38582064077957,109.80676597267009,32.66903333086557,0.8136301235299166,0.6976725870044403,15.546505341817472,52.30806710561513,28.340938849884687,114.68720712400628,14.380424224419453,0.270996237633768,0.9855826613956917,37.01949406875593,13.421624737562814,17.63674441760089,27.217637553876777,110.2155954699053,7.373789007134247,1.3718979171812364,81.63043847731483,23.37392051974557,7.249700762332981,12.046871841333413,3.447258711520022,0.6004902271680038,0.20016340905600133,2.8088264528791274,4.192742275412183,3.8113716581504438,1.6704630806047365,1.668538792086287,2.4335329681306637,1.3601746514858788,382.1872914322613,0.4904536713408098,1.6679865158643463,0.33358473529216975
2020-02-27 23:00:00,0.15254072038414873,35.8892752069704,104.27563247860071,35.8892752069704,104.2756324786007,35.88927520697041,104.27563247860067,35.88927520697041,104.2756324786007,35.8892752069704,104.27563247860068,35.8892752069704,104.2756324786007,35.8892752069704,104.27563247860073,35.889275206970396,104.2756324786007,35.889275206970396,104.2756324786007,0.0,35.88927520697039,104.2756324786007,35.88927520697041,104.27563247860068,35.889275206970396,104.2756324786007,35.889275206970396,104.27563247860068,35.8892752069704,104.27563247860071,35.8892752069704,104.27563247860071,35.88927520697041,104.27563247860073,35.8892752069704,104.2756324786007,35.88927520697041,104.2756324786007,35.8892752069704,104.27563247860068,0.0,35.889275206970396,104.27563247860068,35.8892752069704,104.2756324786007,0.0,35.8892752069704,104.27563247860071,0.0,35.88927520697041,104.27563247860067,-0.00018306486132717986,35.889275206970396,104.27563247860073,0.0,35.889275206970396,104.2756324786007,0.0,37.11880127279612,-95.78659454006757,1.0751359823629385,0.005901437096217502,0.00020271169983521664,37.11880127279612,-95.78659454006757,1.0007700482066473,0.0,0.0,37.11880127279611,-95.78659454006757,0.0,0.0004032806643162754,37.11880127279612,-95.78659454006757,2.0419287509663255,0.000694443760775534,0.0004597897486168087,37.118801272796105,-95.78659454006755,1.0016864786457893,0.0,0.00011316156435071099,56.17358908767673,-106.42866314029125,0.0,0.00043570712769646887,-25.293860504853992,133.8781493035708,4.006883989609822,0.0001048132636895481,-25.29386050485399,133.87814930357078,0.0,51.20509104859643,10.459574178853028,0.0,0.0,56.173589087676746,-106.42866314029123,-3.475878494948407e-06,0.022194240490709963,-25.29386050485399,133.8781493035708,0.0,-25.29386050485399,133.8781493035708,0.0,37.11880127279612,-95.78659454006757,2.001428578213206,0.0,37.11880127279612,-95.78659454006755,1.0007700482066473,0.0,0.0046879209564712,37.11880127279612,-95.78659454006755,0.9994066034721169,-0.0002082546702195918,37.11880127279612,-95.78659454006757,1.0007700482066473,0.0,37.11880127279612,-95.78659454006755,0.9998575998941104,0.0,0.0,37.11880127279612,-95.78659454006757,1.0007700482066473,0.0,0.0,37.11880127279611,-95.78659454006753,0.0,37.11880127279612,-95.78659454006757,2.0015400964132946,0.0,0.0,56.17358908767676,-106.42866314029129,1.0007700482066473,0.0,56.17358908767673,-106.4286631402913,0.0,37.11880127279612,-95.78659454006754,1.0007700482066473,0.0,-7.492582377488554e-05,0.0,0.0,61.046972940605464,0.0,0.0,0.0,0.0,37.11880127279612,-95.78659454006754,0.0,37.11880127279612,-95.78659454006757,1.0007700482066473,0.0,0.0,37.11880127279612,-95.78659454006757,1.0007700482066473,0.0,0.0,0.0,0.0,0.0,0.0,37.11880127279612,-95.78659454006757,1.0383738241711273,0.0,0.0,37.11880127279612,-95.78659454006757,11.008470530273119,0.0,0.0,37.11880127279612,-95.78659454006757,5.003850241033236,0.0,0.0,37.11880127279612,-95.78659454006757,2.0015400964132946,0.0,0.0,37.11880127279612,-95.78659454006757,0.0,0.0,37.11880127279612,-95.78659454006757,0.0,0.0,37.11880127279612,-95.78659454006757,0.0,0.0,37.11880127279611,-95.78659454006757,36.08888732163966,0.0,0.0,1.6384089303105058e+38,5.3060311336949686e+38,-1.8139908004070795e+38,6.336729234628765e+38,-7.597858226763642e+35,-4.852348511630056e+36,-8.484202238571767e+36,1.3151161480929807e+38,1.474971394827864e+37,2.392459239003161e+38,7.598775236804629e+29,2.9854115626061367e+29,-6.684150393133633,0.15457654531791362,22.11241755866758,5.563601791421715e+47,-1.3968120062182384e+50,3.571944312278391e+45,-6.461468044504514e+49,8.064843738038585e+40,1.4014266477968672e+41,0.6695818080434519,0.33491197157969077,175.77730536519346,104.98777343117234,2.576426571011508,0.22425633224829133,219.18715019281967,27.53546632155858,1.1097547248362118,2.011038466795759,149.66790614133913,59.527610812261344,324.0756494185358,1.0275546283301487,38.79081509063275,92.58115118812484,13.852143540659952,146.5565555714284,216.56860711648562,44.971708483151495,6.384195598706583,2.0838603952032044,51.81301970037828,0.7503445637381723,42.14388324405932,1.26260348569078,160.67723523124027,200.1992475034672,1.792688632506877,208.87849193194705,0.386835752727542,536.500816015297,1.1539680550057947,63.86957872157571,213.8042100052973,345.1178863038649,19.445792322493688,37.27534391956744,73.12755258782451,4.933951724951414,15.067857153538444,38.77037276809857,0.4071254551674239,53.39993847495871,46.01088000715788,2.1462436502974893,70.92960804473599,1.1266971535741757,186.08497698343686,48.64917294750565,281.26777536357463,110.60521509826654,74.69422245159878,0.5067552060356364,144.03100389114218,0.6587337865817248,1.9408791206962297,13.340910105222068,0.25962039778833435,0.13910866221161902,0.5003850241033236,2.001200121679889,1.0006585300065587,0.5002808967682137,0.5003850241033236,1.0007700482066473,2.501925120516618,1.0007700482066473,5.504235265136559,0.8061062161161646,4.026970457956143,2.0058341331823155,101.19129865595232,31.388034368267608,1.5059569431309807,4.503465216929912,38.22746200476979,0.20206409775266918,23950.05122697113,801.4594696291165,3821.430587334813,529.6648941530522,148.32091177638827,6.473417418773042,69.15102144740477,1.011176110960215,24.064879244804274,28.387341292176416,109.79952422502967,32.64428931305881,0.8130282957823436,0.6966275952522297,15.470820877926446,52.30588971868344,28.32903321262489,114.6964174472253,14.425479818502016,0.27265319597125987,0.9974686964474415,36.95091661897044,13.316674740724109,17.710739524719813,27.227502944089657,110.20281292817619,7.367580279731756,1.3570692201845982,81.66271142286385,23.434763332865494,7.3443964768771846,12.046306135820753,3.447096832711784,0.6004620289239881,0.20015400964132946,2.8101399848933997,4.189258706259919,3.8129856566942673,1.6708474464250822,1.668986134221981,2.432999738758557,1.3600164156666539,382.35040709050764,0.49419787158374734,1.6679075753095123,0.33356876355143233
2020-02-28 00:00:00,0.1525743146087745,35.88760249527476,104.27077244537321,35.88760249527476,104.27077244537318,35.88760249527477,104.27077244537315,35.88760249527477,104.27077244537318,35.88760249527476,104.27077244537318,35.88760249527476,104.2707724453732,35.88760249527476,104.27077244537321,35.887602495274756,104.27077244537321,35.88760249527476,104.27077244537318,0.0,35.88760249527475,104.27077244537321,35.88760249527478,104.27077244537317,35.88760249527476,104.2707724453732,35.887602495274756,104.27077244537318,35.88760249527476,104.2707724453732,35.88760249527476,104.27077244537321,35.88760249527477,104.27077244537321,35.88760249527476,104.2707724453732,35.88760249527477,104.2707724453732,35.88760249527476,104.27077244537317,0.0,35.887602495274756,104.2707724453732,35.88760249527476,104.2707724453732,0.0,35.88760249527476,104.2707724453732,0.0,35.88760249527476,104.27077244537318,-0.0001855558846556131,35.88760249527476,104.27077244537321,0.0,35.88760249527476,104.27077244537318,0.0,37.11707125588552,-95.78213016022013,1.075816385500034,0.005958958132924977,0.00020466809203240023,37.11707125588552,-95.78213016022013,1.00072340475245,0.0,0.0,37.11707125588552,-95.78213016022013,0.0,0.0004071676780009791,37.11707125588553,-95.78213016022013,2.0422324528059006,0.0007013110517239945,0.00046427312089759344,37.11707125588551,-95.78213016022013,1.001648283493328,0.0,0.0001141652193127657,56.17097097352115,-106.4237027595491,0.0,0.000439150197074929,-25.29268161962852,133.87190956914208,4.00671057462206,0.00010448090215972768,-25.292681619628517,133.87190956914208,0.0,51.20270450403181,10.459086683578759,0.0,0.0,56.170970973521165,-106.42370275954909,-3.705029479791986e-06,0.019147400193747735,-25.292681619628517,133.8719095691421,0.0,-25.29268161962852,133.87190956914208,0.0,37.11707125588552,-95.78213016022013,2.001335695528377,0.0,37.11707125588552,-95.78213016022013,1.00072340475245,0.0,0.005586662537168872,37.11707125588552,-95.78213016022012,0.999372632135722,-0.00020517349247920532,37.11707125588552,-95.78213016022013,1.00072340475245,0.0,37.11707125588553,-95.78213016022013,0.999796091149944,0.0,0.0,37.11707125588552,-95.78213016022013,1.00072340475245,0.0,0.0,37.11707125588552,-95.7821301602201,0.0,37.11707125588552,-95.78213016022013,2.0014468095049,0.0,0.0,56.17097097352118,-106.42370275954913,1.00072340475245,0.0,56.17097097352115,-106.42370275954914,0.0,37.11707125588552,-95.7821301602201,1.00072340475245,0.0,-7.572781554201049e-05,0.0,0.0,61.04412768989944,0.0,0.0,0.0,0.0,37.11707125588552,-95.7821301602201,0.0,37.11707125588552,-95.78213016022013,1.00072340475245,0.0,0.0,37.11707125588552,-95.78213016022013,1.00072340475245,0.0,0.0,0.0,0.0,0.0,0.0,37.11707125588552,-95.78213016022013,1.0371593546286362,0.0,0.0,37.11707125588552,-95.78213016022013,11.007957452276951,0.0,0.0,37.11707125588552,-95.78213016022013,5.00361702376225,0.0,0.0,37.11707125588552,-95.78213016022013,2.0014468095049,0.0,0.0,37.11707125588552,-95.78213016022013,0.0,0.0,37.11707125588552,-95.78213016022013,0.0,0.0,37.11707125588552,-95.78213016022013,0.0,0.0,37.11707125588552,-95.78213016022013,36.093369616785715,0.0,0.0,1.6548425340833077e+38,5.359251798966095e+38,-1.832164496256529e+38,6.4002145564752964e+38,-7.672416643967265e+35,-4.8999650127478326e+36,-8.568495993692718e+36,1.3281823239602942e+38,1.4898342517721878e+37,2.4165673536005718e+38,7.674826717862011e+29,3.015290715999483e+29,-6.672488463893334,0.15470016770751874,22.11088503222967,5.619405947330756e+47,-1.4108061436494596e+50,3.6069961000736515e+45,-6.525665171087534e+49,8.145559812887549e+40,1.4153509318463743e+41,0.6700982121724006,0.33521963395159415,175.79900595321334,105.07833191343515,2.585136715914726,0.22253651469197253,219.25436184716256,27.579806182730035,1.1097038790753535,2.009046306602255,149.4184566233032,59.591869598814526,324.0663828439499,1.0275740136818063,38.85214696958889,92.58837268551463,13.838235798581481,146.55445796244362,216.39192965780214,44.84906193825552,6.400871027869874,2.083886812225476,51.82477144244692,0.7513833582196674,42.20990628631088,1.2644138740540205,161.00899266294013,200.4095612203333,1.7968233116148615,208.86880671795961,0.387011644559801,536.2620905153536,1.1541069605072605,63.9120215993898,214.0008865079929,345.1409755718876,19.466402246827133,37.291424263034415,73.01855070750318,4.928660874159179,15.083752190890916,38.764796727565255,0.40908733375028283,53.42976010460259,46.106620100382386,2.1459972621707903,70.93759411963336,1.1268596869545404,186.18187848192656,48.655908574565395,281.29028870559193,110.60164558837704,74.64299665608277,0.5067552619138125,144.0469148637726,0.6589839524739272,1.9412556267715018,13.164832641880238,0.26687852516353994,0.1393154624534683,0.500361702376225,2.001102065536946,1.000612290775927,0.5002591156299855,0.500361702376225,1.00072340475245,2.501808511881125,1.00072340475245,5.503978726138476,0.8073779836739547,4.021079592102386,2.0057761057307024,101.16664607726177,31.386571448443007,1.505934520139903,4.503255321386025,38.22568031588303,0.20238503612570868,23862.026833570384,797.5908656276226,3781.331411857135,529.7692372003678,148.5544720325055,6.47482099966774,69.13725030129868,1.0108133533407007,24.079152159524465,28.387284450077093,109.79349064537459,32.635353526062325,0.8127427301372072,0.6957227673674091,15.405501063080736,52.30540547042797,28.317341870748116,114.70538736656499,14.469787862671211,0.27427802060285444,1.0092057205673788,36.88747566816224,13.219688751498628,17.7652270312723,27.237193912221294,110.19019578041272,7.36147119849781,1.3424853843699611,81.6818669288929,23.47465390017767,7.423275567910047,12.045744686835048,3.4469361719251053,0.60043404285147,0.20014468095049004,2.811734041062384,4.186161698073013,3.8149471595171804,1.6713211620812278,1.6695357511453397,2.4315068629050165,1.35961755855922,382.5740853740466,0.49885816898857566,1.6678292149735934,0.33355290511057145
2020-02-28 01:00:00,0.1526300424728107,35.885944921728594,104.26595639576198,35.88594492172859,104.26595639576195,35.885944921728594,104.26595639576195,35.885944921728594,104.26595639576196,35.88594492172859,104.26595639576198,35.88594492172859,104.26595639576198,35.88594492172859,104.26595639576198,35.88594492172858,104.26595639576199,35.88594492172858,104.26595639576198,0.0,35.88594492172857,104.265956395762,35.885944921728594,104.26595639576196,35.88594492172858,104.26595639576198,35.88594492172858,104.26595639576196,35.885944921728594,104.26595639576198,35.885944921728594,104.26595639576199,35.885944921728594,104.26595639576198,35.88594492172859,104.26595639576196,35.885944921728594,104.26595639576198,35.885944921728594,104.26595639576198,0.0,35.88594492172858,104.26595639576196,35.88594492172859,104.26595639576196,0.0,35.88594492172859,104.26595639576199,0.0,35.88594492172859,104.26595639576196,-0.0001880801335385103,35.88594492172858,104.26595639576198,0.0,35.88594492172858,104.26595639576198,0.0,37.115356895740305,-95.77770618330023,1.0764975945745727,0.0060165016080994255,0.00020662436461330123,37.115356895740305,-95.77770618330023,1.0006771834245423,0.0,0.0,37.115356895740305,-95.77770618330023,0.0,0.00041105421123306327,37.115356895740305,-95.77770618330023,2.0425372795748613,0.0007081850712209858,0.000468758036196934,37.11535689574029,-95.77770618330023,1.0016104932785326,0.0,0.00011516493992073549,56.16837655346868,-106.41878727057478,0.0,0.00044255882262671025,-25.291513403390894,133.8657263047151,4.006537777526567,0.00010408715915665757,-25.291513403390887,133.8657263047151,0.0,51.20033955785047,10.458603600168377,0.0,0.0,56.168376553468704,-106.41878727057477,-3.943134579749213e-06,0.0164839873330156,-25.291513403390887,133.86572630471514,0.0,-25.29151340339089,133.8657263047151,0.0,37.115356895740305,-95.77770618330023,2.0012440661203414,0.0,37.115356895740305,-95.77770618330023,1.0006771834245423,0.0,0.006614324780585424,37.115356895740305,-95.77770618330021,0.9993463331589423,-0.0002006469230513726,37.115356895740305,-95.77770618330023,1.0006771834245423,0.0,37.115356895740305,-95.77770618330023,0.9997347266278955,0.0,0.0,37.115356895740305,-95.77770618330023,1.0006771834245423,0.0,0.0,37.11535689574029,-95.7777061833002,0.0,37.115356895740305,-95.77770618330023,2.0013543668490845,0.0,0.0,56.168376553468704,-106.41878727057481,1.0006771834245423,0.0,56.16837655346868,-106.41878727057482,0.0,37.115356895740305,-95.77770618330021,1.0006771834245423,0.0,-7.653344424100568e-05,0.0,0.0,61.04130818889706,0.0,0.0,0.0,0.0,37.115356895740305,-95.77770618330021,0.0,37.115356895740305,-95.77770618330023,1.0006771834245423,0.0,0.0,37.115356895740305,-95.77770618330023,1.0006771834245423,0.0,0.0,0.0,0.0,0.0,0.0,37.115356895740305,-95.77770618330023,1.0356623374973208,0.0,0.0,37.115356895740305,-95.77770618330023,11.007449017669966,0.0,0.0,37.115356895740305,-95.77770618330023,5.003385917122712,0.0,0.0,37.115356895740305,-95.77770618330023,2.0013543668490845,0.0,0.0,37.115356895740305,-95.77770618330023,0.0,0.0,37.115356895740305,-95.77770618330023,0.0,0.0,37.115356895740305,-95.77770618330023,0.0,0.0,37.115356895740305,-95.77770618330023,36.09930705601167,0.0,0.0,1.671304119960143e+38,5.412563085029395e+38,-1.8503682822754012e+38,6.463804990903531e+38,-7.747034687774036e+35,-4.947619594210163e+36,-8.652899948016228e+36,1.3412655815456698e+38,1.5047251500863556e+37,2.4407209523576198e+38,7.751000971469685e+29,3.0452181043490947e+29,-6.664641175074596,0.15491684469799835,22.11076531663829,5.675305123036964e+47,-1.4248234511595513e+50,3.642075919835244e+45,-6.589946224079374e+49,8.226406190502722e+40,1.429293446158287e+41,0.6707167415252352,0.3355852846111775,175.83228385011623,105.14817729198862,2.598827575424675,0.2208202208995219,219.28980612400724,27.639032444063723,1.1096198170735336,2.0061016501565967,149.01052725087362,59.6695318334378,324.04639811677305,1.0274689200299756,38.931349641285635,92.59898763115714,13.793629962435466,146.55498838914548,216.16296969706505,44.6782239040519,6.4149804533658425,2.0838986122723515,51.83533470643823,0.7520019831029231,42.25998178228003,1.266576647875026,161.38189011626798,200.70211568597423,1.7999221828056677,208.85692443957527,0.3870802066608189,535.9151503084174,1.1543437451400684,63.94571152580356,214.13743261012297,345.1497178427327,19.491792869418134,37.31150786456115,72.9097914498441,4.921759405421243,15.100629924185498,38.75782857871332,0.4108625547106143,53.44694335342793,46.16699324664582,2.1450758226923945,70.88858551736496,1.1271548588916813,186.30632499554798,48.65789202887929,281.3261238520649,110.59368923050577,74.59869638720086,0.506768385907856,144.0752180456813,0.6593874869322205,1.9417689344806806,12.989134926408026,0.27596317771974077,0.13960474270255746,0.5003385917122711,2.00100478776069,1.0005668826957987,0.5002382682507455,0.5003385917122711,1.0006771834245423,2.501692958561356,1.0006771834245423,5.503724508834983,0.8088944127544966,4.015391435441276,2.005718643857329,101.14873141849213,31.385121768137807,1.5059127823934397,4.5030473254104395,38.22391475139639,0.2027670395086948,23762.165107155004,793.1897088994253,3734.6111762445635,529.8026019302749,148.6736606779456,6.475291355144076,69.10018274075352,1.0097577545832084,24.083527394520505,28.385867013763825,109.7885145234336,32.64002115256183,0.8127306977902559,0.6949441969124444,15.34951378205993,52.30600401724973,28.306089988043645,114.71381711630269,14.512435826486591,0.27583549652198636,1.020571859945277,36.8301547338167,13.132194496470804,17.79807517639364,27.24654202571507,110.17786813078827,7.355552009634824,1.3283725168083431,81.68856968939113,23.494734616327705,7.484568081832897,12.045188318999124,3.4467769651289784,0.6004063100547253,0.20013543668490852,2.8136499101490346,4.183429068443928,3.8173073124680394,1.6718973878234134,1.6702016037788845,2.429100927338602,1.358989471048876,382.8584914509728,0.5044532182289025,1.6677515484993277,0.3335371825373925
2020-02-28 02:00:00,0.15268896539172216,35.88430437733274,104.26118982403545,35.88430437733273,104.26118982403544,35.88430437733274,104.26118982403544,35.88430437733274,104.26118982403544,35.88430437733274,104.26118982403544,35.88430437733273,104.26118982403547,35.88430437733273,104.26118982403547,35.88430437733273,104.26118982403547,35.884304377332725,104.26118982403545,0.0,35.884304377332725,104.26118982403547,35.88430437733274,104.26118982403544,35.88430437733273,104.26118982403545,35.884304377332725,104.26118982403544,35.88430437733274,104.26118982403547,35.88430437733274,104.26118982403547,35.88430437733274,104.26118982403547,35.88430437733274,104.26118982403545,35.88430437733274,104.26118982403545,35.88430437733274,104.26118982403544,0.0,35.88430437733273,104.26118982403545,35.88430437733273,104.26118982403545,0.0,35.88430437733274,104.26118982403545,0.0,35.88430437733273,104.26118982403544,-0.0001906388709800276,35.88430437733273,104.26118982403547,0.0,35.88430437733273,104.26118982403545,0.0,37.11366014814489,-95.77332765629002,1.077179402224694,0.00607404639927521,0.00020857973847315456,37.11366014814489,-95.77332765629002,1.0006314369533569,0.0,0.0,37.11366014814489,-95.77332765629002,0.0,0.0004149387023158887,37.11366014814489,-95.77332765629002,2.0428432061624333,0.0007150636878264591,0.0004732429094064681,37.113660148144874,-95.77332765629002,1.0015731558094703,0.0,0.00011616000938887024,56.165808787297834,-106.41392228107958,0.0,0.00044592908175442123,-25.29035718887106,133.85960656431078,4.006365728871236,0.0001036278760578567,-25.29035718887105,133.85960656431072,0.0,51.19799890804146,10.458125479735374,0.0,0.0,56.16580878729785,-106.41392228107958,-4.190721231434871e-06,0.014176193659762443,-25.29035718887105,133.85960656431078,0.0,-25.290357188871056,133.85960656431078,0.0,37.11366014814488,-95.77332765629001,2.0011539154562272,0.0,37.11366014814489,-95.77332765629002,1.0006314369533569,0.0,0.007779461223214695,37.11366014814489,-95.77332765629001,0.999329756329516,-0.0001942765026822018,37.11366014814489,-95.77332765629002,1.0006314369533569,0.0,37.11366014814489,-95.77332765629002,0.9996735460342946,0.0,0.0,37.11366014814489,-95.77332765629002,1.0006314369533569,0.0,0.0,37.11366014814488,-95.77332765629,0.0,37.11366014814489,-95.77332765629002,2.0012628739067138,0.0,0.0,56.16580878729785,-106.4139222810796,1.0006314369533569,0.0,56.165808787297834,-106.41392228107962,0.0,37.11366014814489,-95.77332765629001,1.0006314369533569,0.0,-7.734262588662529e-05,0.0,0.0,61.03851765415476,0.0,0.0,0.0,0.0,37.11366014814489,-95.77332765629001,0.0,37.11366014814489,-95.77332765629002,1.0006314369533569,0.0,0.0,37.11366014814489,-95.77332765629002,1.0006314369533569,0.0,0.0,0.0,0.0,0.0,0.0,37.11366014814489,-95.77332765629002,1.0339254101410034,0.0,0.0,37.11366014814489,-95.77332765629002,11.006945806486929,0.0,0.0,37.11366014814489,-95.77332765629002,5.003157184766785,0.0,0.0,37.11366014814489,-95.77332765629002,2.0012628739067138,0.0,0.0,37.11366014814489,-95.77332765629002,0.0,0.0,37.11366014814489,-95.77332765629002,0.0,0.0,37.11366014814489,-95.77332765629002,0.0,0.0,37.11366014814488,-95.77332765629002,36.10670551842683,0.0,0.0,1.6877890006131526e+38,5.465949811848272e+38,-1.868596895681513e+38,6.5274821536825645e+38,-7.82168495236387e+35,-4.9952947533753003e+36,-8.737387155610757e+36,1.3543617440239466e+38,1.5196401186939518e+37,2.4649135940385587e+38,7.827275676920165e+29,3.075184958281457e+29,-6.660623791578459,0.15521449200777862,22.1125038845451,5.731283401619133e+47,-1.4388598762928275e+50,3.6771708873976127e+45,-6.654290681777424e+49,8.307359181142992e+40,1.4432497411978577e+41,0.6714512813103578,0.3360161279723465,175.87301624604441,105.1942033370289,2.6162339684367133,0.2191399640165998,219.28992218657547,27.708243520854275,1.1094084062245586,2.002242865015103,148.4499517478136,59.75460904754367,324.0114271204225,1.0271900893001304,39.021628477414765,92.61006210148307,13.719940981304351,146.55595146038553,215.8794704755513,44.45691594150172,6.425264351737731,2.0838026144397093,51.839307181840624,0.7521730774493827,42.2929725011898,1.2688486076848153,161.7629620180961,201.06508685031213,1.801918486244742,208.83646668880755,0.3870376528416156,535.4643383655358,1.1546411045152936,63.966671572186556,214.20991453094038,345.1423378205741,19.51753160988074,37.33193977570679,72.80328627839671,4.913179938798436,15.11707538306054,38.74855812654771,0.4123647222782745,53.45066600464166,46.18827719034978,2.1435496959669047,70.78900942088949,1.1275207031956231,186.44384930850384,48.643808993194526,281.37000330661266,110.57994831775864,74.56056754589102,0.5067835703007255,144.1121472740918,0.6598975748607278,1.9422999987669112,12.817160114294918,0.2868674494521647,0.13994692531198757,0.5003157184766784,2.000908391935085,1.0005224785028701,0.5002185802253374,0.5003157184766784,1.0006314369533569,2.5015785923833924,1.0006314369533569,5.503472903243464,0.8106887815190902,4.009826270219,2.0056618180232277,101.13758620469545,31.383686981183132,1.5058917938483778,4.502841466290105,38.222167325509474,0.20321841886765418,23651.889648877423,788.3192330488417,3681.9813296604107,529.7625092806387,148.67512213044552,6.474798516956466,69.04102200566354,1.0080449662519455,24.075020954928306,28.383368587532843,109.78439691247857,32.65544787271064,0.8129368878761273,0.6942780702171527,15.301834361226312,52.3067775634614,28.295496348373973,114.72141329081578,14.552539286968361,0.2772913407374521,1.0313536358766786,36.77975793177289,13.055439919348558,17.807879248260363,27.255410169141285,110.16593061662846,7.349896113221995,1.3149145688268578,81.68411225207599,23.497167902420166,7.526988565220808,12.04463766703115,3.446619393950451,0.6003788621720142,0.20012628739067145,2.8159313565540884,4.181035056490454,3.8201203193808757,1.6725900572055874,1.6709981503775455,2.4258565044835096,1.3581504445605845,383.20341635167586,0.5109937267264792,1.6676746633603723,0.33352161320350754
2020-02-28 03:00:00,0.15272766465714555,35.882682310108855,104.25647693739403,35.88268231010885,104.25647693739403,35.882682310108855,104.25647693739403,35.882682310108855,104.25647693739403,35.88268231010885,104.25647693739403,35.88268231010885,104.25647693739404,35.88268231010885,104.25647693739404,35.88268231010885,104.25647693739405,35.88268231010885,104.25647693739404,0.0,35.88268231010884,104.25647693739405,35.882682310108855,104.25647693739403,35.88268231010885,104.25647693739404,35.88268231010885,104.25647693739401,35.88268231010886,104.25647693739405,35.882682310108855,104.25647693739407,35.882682310108855,104.25647693739404,35.88268231010885,104.25647693739404,35.882682310108855,104.25647693739404,35.882682310108855,104.25647693739403,0.0,35.88268231010885,104.25647693739404,35.88268231010885,104.25647693739403,0.0,35.882682310108855,104.25647693739404,0.0,35.88268231010885,104.25647693739404,-0.00019323302910917613,35.88268231010885,104.25647693739404,0.0,35.88268231010885,104.25647693739404,0.0,37.111982510728495,-95.76899844388339,1.0778615993381622,0.006131572316038197,0.0002105334765933782,37.111982510728495,-95.76899844388339,1.000586205716881,0.0,0.0,37.111982510728495,-95.76899844388339,0.0,0.00041881967540167726,37.111982510728495,-95.76899844388339,2.043150186413608,0.0007219448116980633,0.0004777262156265656,37.11198251072848,-95.76899844388339,1.00153630700274,0.0,0.00011714978833382008,56.16326994143981,-106.40911208513202,0.0,0.00044925756849226086,-25.289213996598328,133.85355574949972,4.006194523474424,0.0001030996231721204,-25.289213996598324,133.8535557494997,0.0,51.19568462057238,10.457652744291334,0.0,0.0,56.163269941439815,-106.40911208513202,-4.4482158602806e-06,0.01219415156263598,-25.28921399659832,133.85355574949975,0.0,-25.289213996598328,133.85355574949972,0.0,37.111982510728495,-95.76899844388338,2.0010654776191408,0.0,37.111982510728495,-95.76899844388339,1.000586205716881,0.0,0.009088660077428368,37.111982510728495,-95.76899844388338,0.9993254466944486,-0.00018556236852259114,37.111982510728495,-95.76899844388339,1.000586205716881,0.0,37.111982510728495,-95.76899844388339,0.9996125796362867,0.0,0.0,37.111982510728495,-95.76899844388339,1.000586205716881,0.0,0.0,37.11198251072848,-95.76899844388336,0.0,37.111982510728495,-95.76899844388339,2.001172411433762,0.0,0.0,56.163269941439815,-106.40911208513204,1.000586205716881,0.0,56.16326994143981,-106.40911208513207,0.0,37.111982510728495,-95.76899844388339,1.000586205716881,0.0,-7.815525408215668e-05,0.0,0.0,61.035758548729724,0.0,0.0,0.0,0.0,37.111982510728495,-95.76899844388339,0.0,37.111982510728495,-95.76899844388339,1.000586205716881,0.0,0.0,37.111982510728495,-95.76899844388339,1.000586205716881,0.0,0.0,0.0,0.0,0.0,0.0,37.111982510728495,-95.76899844388339,1.0319957667566941,0.0,0.0,37.111982510728495,-95.76899844388339,11.00644826288569,0.0,0.0,37.111982510728495,-95.76899844388339,5.002931028584404,0.0,0.0,37.111982510728495,-95.76899844388339,2.001172411433762,0.0,0.0,37.111982510728495,-95.76899844388339,0.0,0.0,37.111982510728495,-95.76899844388339,0.0,0.0,37.111982510728495,-95.76899844388339,0.0,0.0,37.11198251072849,-95.76899844388339,36.11555391986106,0.0,0.0,1.704292528987193e+38,5.519396929810355e+38,-1.8868451324137448e+38,6.591227865709102e+38,-7.896341311876618e+35,-5.042973805044004e+36,-8.821931393644328e+36,1.3674667466558658e+38,1.5345751745708378e+37,2.4891388180279694e+38,7.90362881274125e+29,3.1051826259868326e+29,-6.660444402749707,0.15557314024318825,22.11650152475421,5.787325002911666e+47,-1.4529114118100876e+50,3.712268720336598e+45,-6.718678573183066e+49,8.38839541265621e+40,1.4572154866118648e+41,0.6723162304690298,0.336519433155158,175.9162028791905,105.21138432033034,2.635888544032303,0.21752396927137693,219.2534675731794,27.78161243751218,1.108992942736573,1.9975256729573903,147.74566357324113,59.83904250101838,323.95400868580424,1.0266515525597424,39.11480002295189,92.6182541383194,13.619823058566295,146.55462924620974,215.54009455825175,44.1837718932278,6.430371675716588,2.0834823107867404,51.82996232358883,0.75188464419969,42.30822992224688,1.2709604948746132,162.1159439324016,201.4796989208,1.8028098398300796,208.80223568552555,0.38688781096375185,534.915973181695,1.1549472850692524,63.96850769485589,214.20887315361597,345.11565128728023,19.538584546453563,37.34823783360189,72.70078106532245,4.902882936428587,15.131402769859687,38.73595685846973,0.41350502894595464,53.44056804419875,46.16932436811926,2.141530533703186,70.64880749400129,1.127872197541677,186.5749775709687,48.60447599273236,281.41466141544197,110.55916406884185,74.52788149361359,0.5067871929707397,144.15319755426478,0.6604582427635044,1.9427132542884786,12.651812367232296,0.2995661932561071,0.14030617413743202,0.5002931028584405,2.000812957956184,1.0004792719022597,0.500200321674179,0.5002931028584405,1.000586205716881,2.501465514292202,1.000586205716881,5.503224131442845,0.8127956124734041,4.004299686997106,2.0056056783883722,101.13322825339694,31.38226835398943,1.505871600305693,4.502637925725963,38.22043958058254,0.20374779744912314,23532.900193312387,783.0552078926487,3624.317993529823,529.6515125930018,148.5634692567513,6.473226021567178,68.96175782583575,1.0057340550709457,24.050972472561078,28.380118410559447,109.78090070144268,32.67828345483462,0.8132960309255521,0.6937110470582656,15.261473629526161,52.30660244525278,28.285763052434806,114.72790357336036,14.589286476071281,0.2786138448686646,1.0413574249935011,36.73692413967743,12.990415184136626,17.794024426664915,27.263693071535037,110.15446049012365,7.344559859718523,1.3022527645639574,81.67033433738588,23.48500258044706,7.549788514213491,12.044093216962455,3.446463597469256,0.6003517234301285,0.20011724114337626,2.8186237572617103,4.1789519935780675,3.823442374685399,1.6734136057359268,1.671939967698746,2.4218721571690214,1.3571246549727582,383.60804159063605,0.5184784276185781,1.6675986265417833,0.333506210412451
2020-02-28 04:00:00,0.15272040656205776,35.881079822242604,104.25182093821797,35.8810798222426,104.25182093821797,35.881079822242604,104.25182093821796,35.881079822242604,104.25182093821797,35.8810798222426,104.25182093821797,35.8810798222426,104.25182093821799,35.8810798222426,104.25182093821797,35.8810798222426,104.251820938218,35.88107982224259,104.25182093821799,0.0,35.88107982224258,104.251820938218,35.881079822242604,104.25182093821797,35.88107982224259,104.25182093821799,35.88107982224259,104.25182093821796,35.881079822242604,104.251820938218,35.8810798222426,104.251820938218,35.881079822242604,104.25182093821797,35.8810798222426,104.25182093821797,35.8810798222426,104.25182093821797,35.8810798222426,104.25182093821797,0.0,35.8810798222426,104.25182093821797,35.8810798222426,104.25182093821796,0.0,35.8810798222426,104.25182093821799,0.0,35.88107982224259,104.25182093821797,-0.0001958632791744276,35.8810798222426,104.25182093821797,0.0,35.8810798222426,104.25182093821799,0.0,37.110325123436425,-95.76472148775609,1.0785439745948453,0.0061890598290140625,0.00021248487254074255,37.110325123436425,-95.76472148775609,1.000541520449488,0.0,0.0,37.11032512343643,-95.76472148775609,0.0,0.0004226957171469016,37.11032512343643,-95.76472148775609,2.0434581572552903,0.000728826377031833,0.00048220647142799104,37.11032512343641,-95.76472148775609,1.0014999734827577,0.0,0.00011813369679226156,56.16076174102622,-106.40435995123352,0.0,0.00045254127671470225,-25.288084603365505,133.84757797177704,4.00602422842566,0.00010249954018039069,-25.2880846033655,133.847577971777,0.0,51.1933982679887,10.457185715057358,0.0,0.0,56.16076174102624,-106.40435995123352,-4.7159658182287494e-06,0.010507403201172917,-25.288084603365498,133.84757797177704,0.0,-25.288084603365505,133.84757797177704,0.0,37.110325123436425,-95.76472148775609,2.0009790094747775,0.0,37.110325123436425,-95.76472148775609,1.000541520449488,0.0,0.01054581874541213,37.110325123436425,-95.76472148775609,0.9993365641096423,-0.0001738799554093849,37.110325123436425,-95.76472148775609,1.000541520449488,0.0,37.110325123436425,-95.76472148775609,0.9995518503467495,0.0,0.0,37.110325123436425,-95.76472148775609,1.000541520449488,0.0,0.0,37.11032512343642,-95.76472148775608,0.0,37.110325123436425,-95.76472148775609,2.001083040898976,0.0,0.0,56.16076174102625,-106.40435995123353,1.000541520449488,0.0,56.160761741026235,-106.40435995123354,0.0,37.110325123436425,-95.76472148775609,1.000541520449488,0.0,-7.897120408208993e-05,0.0,0.0,61.03303274741875,0.0,0.0,0.0,0.0,37.110325123436425,-95.76472148775609,0.0,37.110325123436425,-95.76472148775609,1.000541520449488,0.0,0.0,37.110325123436425,-95.76472148775609,1.000541520449488,0.0,0.0,0.0,0.0,0.0,0.0,37.110325123436425,-95.76472148775609,1.0299228528919069,0.0,0.0,37.110325123436425,-95.76472148775609,11.005956724944367,0.0,0.0,37.110325123436425,-95.76472148775609,5.00270760224744,0.0,0.0,37.110325123436425,-95.76472148775609,2.001083040898976,0.0,0.0,37.110325123436425,-95.76472148775609,0.0,0.0,37.110325123436425,-95.76472148775609,0.0,0.0,37.110325123436425,-95.76472148775609,0.0,0.0,37.110325123436425,-95.7647214877561,36.12581812978965,0.0,0.0,1.7208100709818794e+38,5.572889431257654e+38,-1.9051078138736437e+38,6.655024036827313e+38,-7.970978560702335e+35,-5.0906406517319383e+36,-8.906506910722886e+36,1.3805765977786577e+38,1.549526308381035e+37,2.513390121031676e+38,7.98003850603289e+29,3.1352025140265828e+29,-6.6641073701711875,0.15596659762196916,22.12306128789892,5.84341419073978e+47,-1.4669740700789215e+50,3.747357568860794e+45,-6.783090286339329e+49,8.4694916705746995e+40,1.4711864297163672e+41,0.6733261192770158,0.33710228338979087,175.95629726145947,105.1935320097853,2.656189183225054,0.21599586510489516,219.1816258013378,27.85276916019712,1.1083186013933597,1.9920273572916727,146.910415959922,59.91335339007628,323.8641913487852,1.0257387096660477,39.201827834407936,92.62003606871023,13.496829508674464,146.5480333872941,215.14492983655197,43.85879407771142,6.428981359990102,2.082807977293642,51.79983073100699,0.751140425752235,42.30562075042557,1.2726347437086585,162.40364045871135,201.92174475812106,1.8026602096973317,208.75051648584366,0.38664186431135134,534.2788286559284,1.1552004118732955,63.94297303589366,214.12046445384038,345.0655878875208,19.54964973069745,37.35550565338379,72.60373717391735,4.8908722411467105,15.141802466384316,38.718977759456266,0.414198983495344,53.416763049368015,46.11167434260215,2.139163392139962,70.4807469958159,1.1281079693969742,186.6767281275649,48.53337926087928,281.45144606402295,110.53038471119294,74.4999502292391,0.5067642794937623,144.1934216572151,0.6610080378442785,1.9428656239123927,12.495525306590158,0.31400816720746855,0.14064276022865313,0.500270760224744,2.0007185474101976,1.0004374890252892,0.5001838202470392,0.500270760224744,1.000541520449488,2.50135380112372,1.000541520449488,5.5029783624721835,0.8152497524331409,3.9987256312864834,2.005550259227932,101.13566797256252,31.380866850505996,1.50585223333717,4.5024368420226955,38.21873269060867,0.20436388045323073,23407.138788737146,777.484422092559,3562.643680703669,529.477027010505,148.3509943744862,6.470387551649168,68.86505962638925,1.0029043223038667,24.009390336675423,28.376479580985787,109.77776258544047,32.70483293798141,0.8137360562403018,0.6932305361543323,15.22749821767153,52.304243306782794,28.277064860014853,114.73305184311542,14.621984097901944,0.2797755702949904,1.0504211981287959,36.702145629154685,12.937881695147059,17.75670511257313,27.27131624107798,110.14351269731651,7.339583170211396,1.2904871164535223,81.64950706725224,23.461982805031532,7.552790354105742,12.043555338743836,3.4463096815482355,0.6003249122696928,0.20010830408989766,2.821772898943201,4.177151720016943,3.8273301748926545,1.6743825910576144,1.6730412522235862,2.4172653353612406,1.3559408647581093,384.070679785135,0.5268897017518482,1.6675234890337003,0.3334909842921059
2020-02-28 05:00:00,0.15264158874914807,35.879497746623116,104.24722424645144,35.87949774662311,104.24722424645144,35.879497746623116,104.24722424645145,35.879497746623116,104.24722424645145,35.879497746623116,104.24722424645144,35.87949774662311,104.24722424645147,35.87949774662311,104.24722424645145,35.87949774662311,104.24722424645147,35.87949774662311,104.24722424645147,0.0,35.8794977466231,104.24722424645145,35.879497746623116,104.24722424645145,35.8794977466231,104.24722424645145,35.87949774662311,104.24722424645144,35.87949774662312,104.24722424645145,35.879497746623116,104.24722424645147,35.879497746623116,104.24722424645145,35.87949774662311,104.24722424645145,35.879497746623116,104.24722424645144,35.879497746623116,104.24722424645142,0.0,35.879497746623116,104.24722424645145,35.87949774662311,104.24722424645144,0.0,35.879497746623116,104.24722424645145,0.0,35.8794977466231,104.24722424645144,-0.00019853008666653738,35.87949774662311,104.24722424645145,0.0,35.87949774662311,104.24722424645145,0.0,37.10868884769167,-95.76049901084562,1.0792263141255865,0.0062464898578826755,0.00021443324146003424,37.10868884769167,-95.76049901084562,1.0004974043762362,0.0,0.0,37.10868884769167,-95.76049901084562,0.0,0.0004265654584283702,37.10868884769167,-95.76049901084562,2.043767041965824,0.0007357063285424788,0.0004866822203013002,37.108688847691646,-95.76049901084562,1.0014641746295874,0.0,0.00011911120003560991,56.158285489688126,-106.39966834929402,0.0,0.0004557775080691114,-25.286969596171947,133.84167633807803,4.005854889447786,0.00010182521043738783,-25.286969596171943,133.841676338078,0.0,51.19114103861657,10.456724634770751,0.0,0.0,56.15828548968813,-106.39966834929399,-4.994256660027785e-06,0.009086101057330515,-25.286969596171936,133.841676338078,0.0,-25.286969596171943,133.84167633807803,0.0,37.10868884769167,-95.7604990108456,2.0008948057047564,0.0,37.10868884769167,-95.76049901084562,1.0004974043762362,0.0,0.012151372237777524,37.10868884769167,-95.7604990108456,0.9993670241509169,-0.00015845232582045472,37.10868884769167,-95.76049901084562,1.0004974043762362,0.0,37.10868884769166,-95.7604990108456,0.9994913753672606,0.0,0.0,37.10868884769167,-95.76049901084562,1.0004974043762362,0.0,0.0,37.10868884769166,-95.76049901084559,0.0,37.10868884769167,-95.76049901084562,2.0009948087524725,0.0,0.0,56.15828548968814,-106.39966834929402,1.0004974043762362,0.0,56.158285489688126,-106.39966834929402,0.0,37.10868884769167,-95.76049901084562,1.0004974043762362,0.0,-7.979033599239682e-05,0.0,0.0,61.03034166695039,0.0,0.0,0.0,0.0,37.10868884769167,-95.76049901084562,0.0,37.10868884769167,-95.76049901084562,1.0004974043762362,0.0,0.0,37.10868884769167,-95.76049901084562,1.0004974043762362,0.0,0.0,0.0,0.0,0.0,0.0,37.10868884769167,-95.76049901084562,1.02775614569637,0.0,0.0,37.10868884769167,-95.76049901084562,11.0054714481386,0.0,0.0,37.10868884769167,-95.76049901084562,5.002487021881182,0.0,0.0,37.10868884769167,-95.76049901084562,2.0009948087524725,0.0,0.0,37.10868884769167,-95.76049901084562,0.0,0.0,37.10868884769167,-95.76049901084562,0.0,0.0,37.10868884769167,-95.76049901084562,0.0,0.0,37.10868884769166,-95.76049901084562,36.13743463555095,0.0,0.0,1.7373369842092836e+38,5.626412281692669e+38,-1.9233797610144636e+38,6.718852575315376e+38,-8.045572129965174e+35,-5.138279602602941e+36,-8.991088229548015e+36,1.3936873482164767e+38,1.564489473489199e+37,2.5376609392545256e+38,8.056482914916122e+29,3.1652360411496425e+29,-6.671613347596165,0.15636460933493052,22.132343274460872,5.899535200786495e+47,-1.4810438631217287e+50,3.782425882523499e+45,-6.84750641803712e+49,8.550624773354757e+40,1.4851583629444206e+41,0.6744951077370088,0.3377712623444848,175.9875809857254,105.13423075794977,2.675475680457648,0.21457466941938996,219.077943584534,27.915231082545493,1.1073553827470377,1.9858499240557306,145.96131241300574,59.96742719550749,323.7305124489637,1.0243195904566558,39.27342790652104,92.61193276176596,13.35523398970801,146.53318983106,214.6959070917418,43.483726458442206,6.419929532360152,2.081648189672065,51.741361511369725,0.7499593935053022,42.28553518666192,1.2736040979370677,162.5904075366894,202.36354916723124,1.8015973459425285,208.6792771879529,0.3863175626111308,533.5644944372211,1.1553337351260886,63.880743522875456,213.92818793630727,344.9878428644556,19.54551437768029,37.34889813172934,72.51333073683001,4.877207902009824,15.14650572322108,38.69666161541219,0.41437334568903184,53.37982288365751,46.019477913014875,2.136616560534338,70.29953529586662,1.1281184524785488,186.72442871048892,48.427030960127325,281.47104707075283,110.49310868713373,74.47613654305735,0.506699928788434,144.22776433376796,0.6614841747482068,1.9426161743836738,12.350260790783214,0.33010791052828264,0.14091573644398114,0.5002487021881181,2.0006252078695326,1.0003974013285197,0.5001694760252079,0.5002487021881181,1.0004974043762362,2.501243510940591,1.0004974043762362,5.5027357240693,0.8180851669415944,3.9930194313338956,2.005495582411329,101.14490858637674,31.379483199160816,1.505833713380424,4.502238319693063,38.21704754273974,0.20507515336954474,23276.741484919672,771.7025102293563,3498.100545939483,529.2508080287456,148.05682671073015,6.4660527147144276,68.75414041672347,0.9996512520672944,23.949244544477473,28.372831260443352,109.77470644791995,32.7312384834601,0.8141816475174006,0.6928248792690352,15.19904411162318,52.298470765696514,28.26953901182484,114.73667253264341,14.65010084247562,0.28075496487558854,1.0584256081267358,36.67578832536537,12.898403704890836,17.69689869646615,27.278233660808446,110.13312173057177,7.3349907970862525,1.2796795635145617,81.6241900586083,23.43231250591768,7.536401366084191,12.043024311936179,3.446157726184813,0.6002984426257418,0.20009948087524732,2.8254233993369233,4.175606749834844,3.8318389645624364,1.6755111933732751,1.674315194714532,2.4121666166505937,1.35463095576549,384.5885060930461,0.5361890841198352,1.6674492893719437,0.3334759424978535
2020-02-28 06:00:00,0.15246825065458156,35.877936706916785,104.24268867414568,35.87793670691678,104.2426886741457,35.877936706916785,104.2426886741457,35.877936706916785,104.24268867414571,35.877936706916785,104.2426886741457,35.87793670691678,104.24268867414571,35.87793670691678,104.24268867414571,35.87793670691678,104.24268867414573,35.87793670691678,104.24268867414571,0.0,35.87793670691677,104.24268867414571,35.877936706916785,104.24268867414571,35.87793670691677,104.24268867414571,35.87793670691678,104.24268867414568,35.87793670691679,104.24268867414571,35.877936706916785,104.24268867414573,35.877936706916785,104.2426886741457,35.877936706916785,104.24268867414571,35.877936706916785,104.24268867414568,35.877936706916785,104.24268867414568,0.0,35.877936706916785,104.2426886741457,35.877936706916785,104.2426886741457,0.0,35.877936706916785,104.2426886741457,0.0,35.87793670691677,104.24268867414568,-0.00020123375455571857,35.87793670691678,104.2426886741457,0.0,35.87793670691678,104.24268867414571,0.0,37.1070743285267,-95.75633267768482,1.0799084012591584,0.006303843606172518,0.00021637791304589867,37.1070743285267,-95.75633267768482,1.0004538748880216,0.0,0.0,37.10707432852671,-95.75633267768482,0.0,0.00043042756007635047,37.10707432852671,-95.75633267768482,2.0440767527551778,0.000742582611090602,0.0004911520213985417,37.10707432852669,-95.75633267768484,1.0014289241861274,0.0,0.00012008179742530609,56.15584216358283,-106.3950391287791,0.0,0.0004589637996902864,-25.285869414562068,133.83585317487208,4.005686535968386,0.00010107456234418818,-25.285869414562065,133.83585317487206,0.0,51.188913822273186,10.456269685192908,0.0,0.0,56.15584216358285,-106.39503912877908,-5.283325694307919e-06,0.007901956461409398,-25.285869414562058,133.83585317487206,0.0,-25.285869414562065,133.83585317487208,0.0,37.10707432852671,-95.75633267768484,2.0008132153265334,0.0,37.1070743285267,-95.75633267768482,1.0004538748880216,0.0,0.013901512751996706,37.1070743285267,-95.75633267768481,0.9994216631704032,-0.00013831760097777535,37.1070743285267,-95.75633267768482,1.0004538748880216,0.0,37.10707432852669,-95.75633267768484,0.9994311674778695,0.0,0.0,37.1070743285267,-95.75633267768482,1.0004538748880216,0.0,0.0,37.1070743285267,-95.75633267768482,0.0,37.1070743285267,-95.75633267768482,2.0009077497760432,0.0,0.0,56.155842163582854,-106.3950391287791,1.0004538748880216,0.0,56.15584216358284,-106.39503912877909,0.0,37.1070743285267,-95.75633267768484,1.0004538748880216,0.0,-8.061249728130628e-05,0.0,0.0,61.0276863681693,0.0,0.0,0.0,0.0,37.1070743285267,-95.75633267768481,0.0,37.1070743285267,-95.75633267768482,1.0004538748880216,0.0,0.0,37.1070743285267,-95.75633267768482,1.0004538748880216,0.0,0.0,0.0,0.0,0.0,0.0,37.1070743285267,-95.75633267768482,1.0255431602863605,0.0,0.0,37.1070743285267,-95.75633267768482,11.004992623768237,0.0,0.0,37.1070743285267,-95.75633267768482,5.0022693744401066,0.0,0.0,37.1070743285267,-95.75633267768482,2.0009077497760432,0.0,0.0,37.1070743285267,-95.75633267768482,0.0,0.0,37.1070743285267,-95.75633267768482,0.0,0.0,37.1070743285267,-95.75633267768482,0.0,0.0,37.10707432852669,-95.75633267768482,36.15030439717726,0.0,0.0,1.7538686015334667e+38,5.679950366470981e+38,-1.9416557742256725e+38,6.782695317617069e+38,-8.120097864950838e+35,-5.1858752313239383e+36,-9.075649992752099e+36,1.4067950673836706e+38,1.5794605775840323e+37,2.5619446348131993e+38,8.132940137144813e+29,3.195274602387876e+29,-6.682955870093975,0.15673535224171137,22.144331729261822,5.955672184697181e+47,-1.4951167871263573e+50,3.817462305585829e+45,-6.911907656405283e+49,8.631771475382754e+40,1.4991270984161588e+41,0.6758363579032309,0.33853207735907576,176.0045559311825,105.0278498498625,2.692111939245952,0.21327502347618038,218.94810399446996,27.962852455195076,1.1060993744916732,1.9791215272184215,144.92003287494603,59.991370638017315,323.54116299440716,1.0222582548725168,39.320703034667204,92.5907581039713,13.199828120869283,146.50743096170083,214.1970822992798,43.06230340004482,6.402331015396497,2.07988176190465,51.647607387507506,0.7483743940440641,42.2488764281836,1.27362979407733,162.64457631288317,202.77623018111177,1.799805830551855,208.58825472007396,0.385937968254381,532.7875383606154,1.155281379116923,63.772334364917,213.6150306080808,344.87858669977754,19.521409399145803,37.32409825759491,72.4304672047673,4.862014853434219,15.143952621087344,38.66823997518734,0.41397265845592773,53.330736986573754,45.8992396952324,2.13406988957506,70.12080543993187,1.1277948545539946,186.6937107233552,48.28512026095986,281.4642936916462,110.44738890199501,74.45585996614672,0.5065807758973507,144.25141139338103,0.6618268673626297,1.9418357006028248,12.217533138062588,0.347737894623848,0.14108574070132163,0.5002269374440108,2.0005329763425297,1.0003593404385118,0.5001577786435218,0.5002269374440108,1.0004538748880216,2.5011346872200533,1.0004538748880216,5.502496311884118,0.8213334325896406,3.9871008483407278,2.0054416601325653,101.1609402940086,31.378117945399907,1.5058160521690196,4.502042436996097,38.21538480127401,0.20588950482274163,23143.978455318076,765.8112571327028,3431.916921738095,528.9881225774458,147.70560449311543,6.459979331066267,68.63260278352362,0.9960819280984076,23.870678354563108,28.369549734724735,109.77145752480776,32.75367299559917,0.8145580231727017,0.6924834587962776,15.175324557406185,52.28818213825969,28.263276422786276,114.73864302429317,14.67330476924863,0.2815377610081907,1.0653034305716396,36.65811113416538,12.87237852093201,17.616295956903503,27.284424610910694,110.12330401932327,7.330794034992603,1.2698582516178818,81.59707133545852,23.400391594334316,7.501606573973669,12.042500345874334,3.4460077912809624,0.600272324932813,0.20009077497760436,2.829616731386573,4.174291200207035,3.8370200901249194,1.676812589364384,1.6757732281757076,2.406713766135722,1.3532284109794803,385.1572985970888,0.5463129493744734,1.6673760564169438,0.33346109076446084
2020-02-28 07:00:00,0.15218242282646396,35.876397164545445,104.23821556195345,35.87639716454544,104.23821556195347,35.876397164545445,104.23821556195345,35.876397164545445,104.23821556195347,35.87639716454544,104.23821556195347,35.876397164545445,104.23821556195347,35.87639716454544,104.23821556195347,35.87639716454544,104.23821556195348,35.87639716454544,104.23821556195347,0.0,35.87639716454543,104.23821556195348,35.876397164545445,104.23821556195347,35.87639716454544,104.23821556195347,35.87639716454544,104.23821556195345,35.876397164545445,104.23821556195347,35.876397164545445,104.23821556195347,35.87639716454545,104.23821556195347,35.87639716454544,104.23821556195348,35.876397164545445,104.23821556195345,35.87639716454544,104.23821556195345,0.0,35.876397164545445,104.23821556195347,35.87639716454544,104.23821556195347,0.0,35.876397164545445,104.23821556195347,0.0,35.87639716454542,104.23821556195345,-0.00020397445707303133,35.87639716454544,104.23821556195347,0.0,35.87639716454544,104.23821556195345,0.0,37.105482043171165,-95.75222371978444,1.080590016335555,0.0063611024329646715,0.00021831822607861363,37.105482043171165,-95.75222371978444,1.0004109448515608,0.0,0.0,37.105482043171165,-95.75222371978444,0.0,0.0004342807017820409,37.105482043171165,-95.75222371978444,2.0443871927932857,0.0007494531617508737,0.000495614440852229,37.10548204317115,-95.75222371978444,1.0013942315148752,0.0,0.00012104501369106149,56.1534324849239,-106.39047365802259,0.0,0.0004620978676671613,-25.284784383734404,133.83011020340604,4.005519185189204,0.0001002457922623691,-25.2847843837344,133.830110203406,0.0,51.18671727729301,10.455821000800658,0.0,0.0,56.15343248492391,-106.39047365802256,-5.583372571445894e-06,0.006928962972897239,-25.284784383734397,133.83011020340604,0.0,-25.284784383734404,133.83011020340604,0.0,37.105482043171165,-95.75222371978442,2.000734660323092,0.0,37.105482043171165,-95.75222371978444,1.0004109448515608,0.0,0.01578744922713502,37.105482043171165,-95.75222371978442,0.9995064300565122,-0.00011229100799469913,37.105482043171165,-95.75222371978444,1.0004109448515608,0.0,37.10548204317115,-95.75222371978442,0.9993712360459821,0.0,0.0,37.105482043171165,-95.75222371978444,1.0004109448515608,0.0,0.0,37.105482043171165,-95.75222371978444,0.0,37.105482043171165,-95.75222371978444,2.0008218897031216,0.0,0.0,56.153432484923925,-106.39047365802259,1.0004109448515608,0.0,56.153432484923904,-106.39047365802257,0.0,37.105482043171165,-95.75222371978444,1.0004109448515608,0.0,-8.143752474111922e-05,0.0,0.0,61.02506763594519,0.0,0.0,0.0,0.0,37.105482043171165,-95.75222371978442,0.0,37.105482043171165,-95.75222371978444,1.0004109448515608,0.0,0.0,37.105482043171165,-95.75222371978444,1.0004109448515608,0.0,0.0,0.0,0.0,0.0,0.0,37.105482043171165,-95.75222371978444,1.0233277862340762,0.0,0.0,37.105482043171165,-95.75222371978444,11.004520393367168,0.0,0.0,37.105482043171165,-95.75222371978444,5.002054724257803,0.0,0.0,37.105482043171165,-95.75222371978444,2.0008218897031216,0.0,0.0,37.105482043171165,-95.75222371978444,0.0,0.0,37.105482043171165,-95.75222371978444,0.0,0.0,37.105482043171165,-95.75222371978444,0.0,0.0,37.10548204317116,-95.75222371978444,36.164287411618865,0.0,0.0,1.7704002183556252e+38,5.733488449623433e+38,-1.959930617767035e+38,6.846533973965721e+38,-8.194531851034158e+35,-5.233412264894e+36,-9.160166842887511e+36,1.4198958246821806e+38,1.5944354763104195e+37,2.586234485407397e+38,8.209388139289793e+29,3.225309541233831e+29,-6.698114670024857,0.15704807316311897,22.15881766919042,6.011809166903094e+47,-1.509188810459993e+50,3.8524555951807725e+45,-6.976274689511764e+49,8.71290839181614e+40,1.5130884481425915e+41,0.6773612800860018,0.3393891241815574,176.00232706816792,104.87052304936657,2.7045691165386723,0.21210761732980227,218.7995549437665,27.990260877832736,1.1045722707285304,1.9719956815569302,143.81267700576967,59.97637259911029,323.2852306182819,1.0194290926960206,39.335761942161895,92.55383191903002,13.035711162747848,146.46866894755408,213.65475413829427,42.60034815378328,6.3756841637723785,2.0774090920799484,51.5128753836861,0.7464300715500654,42.19703141691156,1.2725180120256452,162.54064499553525,203.1320853809861,1.7975162389921908,208.4789224047081,0.3855298386859245,531.9654168933776,1.1549841307160094,63.609073747353506,213.16581075371403,344.7351550415524,19.473334647191646,37.27776246194591,72.35580770523651,4.845486544003441,15.13294832213871,38.633225346338385,0.41296479334392866,53.270849861223546,45.759400403347954,2.131702482837224,69.96004704830503,1.1270382261440939,186.56252329227965,48.11045223663287,281.42295713455735,110.39388783805535,74.43859932798725,0.506396360774757,144.2601288898924,0.6619835382108687,1.9404155177388223,12.09845302675053,0.36672158508455355,0.14111773247048623,0.5002054724257804,2.0004418820743184,1.0003237154715312,0.5001493269217829,0.5002054724257804,1.0004109448515608,2.5010273621289016,1.0004109448515608,5.502260196683584,0.825021927047288,3.980897183621738,2.0053884970452343,101.18372864660738,31.37677149277348,1.5057992546335361,4.501849251832023,38.21374495769494,0.2068137738660049,23011.186868494486,759.915574347729,3365.369628099813,528.7066794246755,147.32576700906225,6.451948938023119,68.50427891976847,0.9923102737217924,23.775117879420556,28.36698936631428,109.76775660040221,32.76853493949453,0.8147947358317877,0.6921967436168405,15.155633408882533,52.272514404395835,28.258315102324595,114.7389129208637,14.691490882566473,0.2821180204304811,1.0710463985052985,36.6492821824657,12.86006195524928,17.517194236728567,27.289889964021476,110.11406063420164,7.326992701581361,1.261022499464226,81.57080101010112,23.370541863069615,7.449940206623065,12.041983595435454,3.445859921155375,0.6002465669109366,0.2000821889703122,2.8343888500570174,4.173181511788169,3.842918061451465,1.6782981996429585,1.6774241584944494,2.4010460634424478,1.3517668566086423,385.7712087557673,0.557168724841703,1.6673038115268932,0.3334464333376661
2020-02-28 08:00:00,0.15177310317248857,35.87487945529431,104.2338058854925,35.874879455294305,104.23380588549253,35.87487945529431,104.23380588549252,35.87487945529431,104.23380588549252,35.874879455294305,104.23380588549252,35.87487945529431,104.23380588549253,35.874879455294305,104.23380588549253,35.874879455294305,104.23380588549253,35.874879455294305,104.23380588549252,0.0,35.8748794552943,104.23380588549253,35.87487945529431,104.23380588549253,35.874879455294305,104.23380588549253,35.874879455294305,104.23380588549252,35.87487945529431,104.23380588549253,35.874879455294305,104.23380588549253,35.87487945529431,104.23380588549253,35.874879455294305,104.23380588549254,35.87487945529431,104.23380588549252,35.87487945529431,104.23380588549252,0.0,35.87487945529431,104.23380588549252,35.874879455294305,104.23380588549252,0.0,35.874879455294305,104.23380588549252,0.0,35.8748794552943,104.23380588549252,-0.00020675226600493958,35.874879455294305,104.23380588549253,0.0,35.874879455294305,104.23380588549252,0.0,37.10391233891389,-95.7481730333376,1.0812709365691946,0.00641824775361699,0.00022025352419108475,37.10391233891389,-95.7481730333376,1.0003686236302027,0.0,0.0,37.1039123389139,-95.7481730333376,0.0,0.0004381235735041594,37.1039123389139,-95.7481730333376,2.044698257798749,0.000756315903768243,0.0005000680451050267,37.10391233891389,-95.74817303333758,1.0013601025772256,0.0,0.00012200039213139282,56.151056979279495,-106.38597293278634,0.0,0.0004651775629964817,-25.283714740341953,133.82444867626316,4.005352845393951,9.933730449046378e-05,-25.28371474034195,133.82444867626316,0.0,51.18455188275825,10.45537867945528,0.0,0.0,56.15105697927952,-106.38597293278634,-5.894567525265276e-06,0.006143927383534038,-25.283714740341942,133.82444867626316,0.0,-25.28371474034195,133.82444867626316,0.0,37.1039123389139,-95.74817303333758,2.000659657011283,0.0,37.10391233891389,-95.7481730333376,1.0003686236302027,0.0,0.017794766254611655,37.10391233891389,-95.74817303333758,0.9996286067936557,-7.892114877939204e-05,37.10391233891389,-95.7481730333376,1.0003686236302027,0.0,37.10391233891389,-95.74817303333758,0.9993115878127945,0.0,0.0,37.10391233891389,-95.7481730333376,1.0003686236302027,0.0,0.0,37.1039123389139,-95.7481730333376,0.0,37.10391233891389,-95.7481730333376,2.0007372472604055,0.0,0.0,56.15105697927951,-106.38597293278636,1.0003686236302027,0.0,56.1510569792795,-106.38597293278636,0.0,37.10391233891389,-95.7481730333376,1.0003686236302027,0.0,-8.226524601541961e-05,0.0,0.0,61.022486041442335,0.0,0.0,0.0,0.0,37.10391233891389,-95.74817303333758,0.0,37.10391233891389,-95.7481730333376,1.0003686236302027,0.0,0.0,37.10391233891389,-95.7481730333376,1.0003686236302027,0.0,0.0,0.0,0.0,0.0,0.0,37.10391233891389,-95.7481730333376,1.0211490173527908,0.0,0.0,37.10391233891389,-95.7481730333376,11.004054859932229,0.0,0.0,37.10391233891389,-95.7481730333376,5.001843118151013,0.0,0.0,37.10391233891389,-95.7481730333376,2.0007372472604055,0.0,0.0,37.10391233891389,-95.7481730333376,0.0,0.0,37.10391233891389,-95.7481730333376,0.0,0.0,37.10391233891389,-95.7481730333376,0.0,0.0,37.103912338913894,-95.7481730333376,36.17919856077167,0.0,0.0,1.786927082827952e+38,5.7870111421638745e+38,-1.978199007766929e+38,6.910350086459697e+38,-8.268850278063397e+35,-5.2808754970337365e+36,-9.244613329352691e+36,1.4329856750743896e+38,1.6094099684468818e+37,2.6105236764973986e+38,8.285804702065227e+29,3.255332128160648e+29,-6.71704604504007,0.15727566166500628,22.175398721017046,6.0679300113905415e+47,-1.523255864427622e+50,3.8873945575569674e+45,-7.040588134479442e+49,8.79401194055603e+40,1.5270382086727393e+41,0.6790786621181855,0.34034500362447967,175.97694852142885,104.66098789699947,2.7115046273389654,0.21107974799998216,218.64102302050105,27.993248728096106,1.1028192264607628,1.9646480574992022,142.66919168745022,59.91549896113587,322.95390639389893,1.0157307081525573,39.31227885064486,92.499161116278,12.868086330960192,146.4156256705766,213.07740690971673,42.10571289901804,6.339949683986204,2.0741619635694044,51.33328854661667,0.7441802469231651,42.13182344640448,1.2701334063807246,162.2610797763773,203.40691402218792,1.7949912103977625,208.35434455548653,0.3851217703105501,531.1181102881347,1.1543947960942087,63.38404489683485,212.56948502407795,344.55664309310254,19.398330558846112,37.2078942331913,72.28980358397314,4.827883215430384,15.112793488689068,38.59148057540917,0.4113450125389221,53.201782196160536,45.609791899647774,2.1296806135112867,69.83155701005535,1.1257679079654037,186.31300692188455,47.908683813684256,281.34049278638804,110.33387825094218,74.4238926850226,0.5061402796751509,144.25056752833729,0.6619125964041195,1.9382748036012694,11.993785026844016,0.38682811733160183,0.1409834668272954,0.5001843118151014,2.000351948865548,1.0002910333810802,0.5001448512407115,0.5001843118151014,1.0003686236302027,2.5009215590755063,1.0003686236302027,5.502027429966114,0.8291717387991377,3.974346457395455,2.005336091926262,101.21319772050916,31.37544413495248,1.505783320383515,4.501658806335911,38.21212836966419,0.20785322720639754,22880.701492799708,754.1203733728004,3299.744880639397,528.4254018188234,146.94759766504336,6.441801897409763,68.37307578657567,0.9884524449363109,23.665268852403425,28.365464574841837,109.76337340852236,32.77263272676002,0.8148292653663993,0.691956287111587,15.139344943768826,52.25093923008718,28.254636520576916,114.73750921139344,14.704795799639244,0.2824987126492064,1.075708620058394,36.64939030250015,12.861586415608432,17.402362678028787,27.29464825902928,110.10538010535123,7.323577228688265,1.2531480476993697,81.54782970498658,23.346740603911712,7.38343605022008,12.041474173326513,3.4457141480595856,0.6002211741781216,0.20007372472604057,2.8397674508354456,4.1722569916406,3.8495671570637264,1.6799768189898208,1.6792731986655394,2.395299274778441,1.3502787584301204,386.422585248846,0.5686320196652297,1.6672325702511972,0.33343197331049723
2020-02-28 09:00:00,0.1512376823912216,35.87338381774583,104.22946033795981,35.87338381774583,104.22946033795981,35.87338381774584,104.22946033795981,35.87338381774583,104.22946033795982,35.87338381774583,104.22946033795981,35.87338381774583,104.22946033795984,35.87338381774583,104.22946033795982,35.87338381774583,104.22946033795984,35.87338381774583,104.22946033795982,0.0,35.873383817745825,104.22946033795982,35.87338381774583,104.22946033795981,35.87338381774583,104.22946033795982,35.873383817745825,104.22946033795981,35.87338381774583,104.22946033795981,35.87338381774583,104.22946033795984,35.87338381774583,104.22946033795984,35.87338381774583,104.22946033795984,35.87338381774583,104.22946033795981,35.87338381774583,104.2294603379598,0.0,35.87338381774583,104.22946033795982,35.873383817745825,104.22946033795982,0.0,35.87338381774583,104.22946033795982,0.0,35.87338381774582,104.22946033795981,-0.00020956717108156116,35.87338381774583,104.22946033795981,0.0,35.87338381774583,104.22946033795981,0.0,37.102365462510896,-95.74418125510834,1.081950935949339,0.0064752609631943125,0.00022218315260061046,37.102365462510896,-95.74418125510834,1.0003269178768026,0.0,0.0,37.10236546251091,-95.74418125510834,0.0,0.000441954868833928,37.10236546251091,-95.74418125510834,2.045009837278941,0.0007631687419667067,0.0005045113958009042,37.102365462510896,-95.74418125510833,1.0013265406940879,0.0,0.00012294748933215941,56.14871602007685,-106.38153766058014,0.0,0.00046820083739186093,-25.282660652531632,133.8188694834301,4.005187518697472,9.83476647005016e-05,-25.282660652531625,133.8188694834301,0.0,51.18241797906686,10.45494279068927,0.0,0.0,56.14871602007687,-106.38153766058014,-6.217057764539881e-06,0.0055268433376963536,-25.282660652531618,133.8188694834301,0.0,-25.282660652531625,133.8188694834301,0.0,37.10236546251091,-95.74418125510833,2.0005888407803196,0.0,37.102365462510896,-95.74418125510834,1.0003269178768026,0.0,0.01990294976702308,37.102365462510896,-95.74418125510832,0.9997970591418213,-3.644025123380806e-05,37.102365462510896,-95.74418125510834,1.0003269178768026,0.0,37.102365462510896,-95.74418125510833,0.999252227504417,0.0,0.0,37.102365462510896,-95.74418125510834,1.0003269178768026,0.0,0.0,37.10236546251091,-95.74418125510834,0.0,37.102365462510896,-95.74418125510834,2.0006538357536052,0.0,0.0,56.148716020076854,-106.38153766058014,1.0003269178768026,0.0,56.148716020076854,-106.38153766058015,0.0,37.102365462510896,-95.74418125510834,1.0003269178768026,0.0,-8.309548078289705e-05,0.0,0.0,61.01994199048494,0.0,0.0,0.0,0.0,37.102365462510896,-95.74418125510833,0.0,37.102365462510896,-95.74418125510834,1.0003269178768026,0.0,0.0,37.102365462510896,-95.74418125510834,1.0003269178768026,0.0,0.0,0.0,0.0,0.0,0.0,37.102365462510896,-95.74418125510834,1.0190400979275924,0.0,0.0,37.102365462510896,-95.74418125510834,11.003596096644827,0.0,0.0,37.102365462510896,-95.74418125510834,5.001634589384013,0.0,0.0,37.102365462510896,-95.74418125510834,2.0006538357536052,0.0,0.0,37.102365462510896,-95.74418125510834,0.0,0.0,37.102365462510896,-95.74418125510834,0.0,0.0,37.102365462510896,-95.74418125510834,0.0,0.0,37.1023654625109,-95.74418125510834,36.19480533995247,0.0,0.0,1.8034443883409834e+38,5.8405028777590114e+38,-1.9964556029934183e+38,6.974124996823349e+38,-8.343029335061632e+35,-5.328249720936969e+36,-9.328963836430633e+36,1.4460606479284852e+38,1.6243797922602806e+37,2.634805295391304e+38,8.362167378232814e+29,3.285333544083337e+29,-6.739670782753095,0.15739694728417514,22.19349617328298,6.124018396189784e+47,-1.537313836165566e+50,3.9222679985751005e+45,-7.104828482681409e+49,8.875058297569852e+40,1.5409721492233212e+41,0.6809937025065264,0.3414000074245148,175.9257079004509,104.40119169017626,2.7118318124187484,0.21019595361006277,218.48194993774342,27.96908997614352,1.1009052486016608,1.9572709363131182,141.52239767410316,59.80435625276737,322.5415462430583,1.0110981318364132,39.245952916894495,92.42557201061088,12.702075777007426,146.3479985775532,212.4754882913544,41.58806935219684,6.295596653446047,2.0701110070723256,51.10721317396989,0.7416849717212604,42.05544793802615,1.2664087599858345,161.7975961458394,203.58208439671384,1.792509425072768,208.21893176878586,0.3847422411551916,530.267491444813,1.1534826884045328,63.09291153067579,211.82118680501867,344.3443387124072,19.294676621367795,37.114112203285295,72.23273562606525,4.809525120794209,15.083377018052397,38.543261554908895,0.4091381918925898,53.125342189950594,45.46100616221493,2.128146664408991,69.7474792000292,1.123928688788233,185.93307836156518,47.68788113572496,281.21266154612704,110.26918944694584,74.41133530420478,0.5058110156489689,144.2205094513205,0.6615865005129624,1.9353659617929224,11.904012922148835,0.4077693149043242,0.1406635272143994,0.5001634589384013,2.000263197052524,1.0002619229035166,0.5001452388127843,0.5001634589384013,1.0003269178768026,2.5008172946920064,1.0003269178768026,5.501798048322414,0.8337953465347663,3.9674006421899715,2.0052844389682796,101.24920897850772,31.37413608059632,1.5057682448589058,4.50147113044561,38.21053529130784,0.20901097883595787,22754.787940085716,748.5275564967275,3236.3005484471796,528.1631331426264,146.6011617561353,6.429468558651556,68.24283458532702,0.9846226494732175,23.545000713739025,28.365233993054744,109.75811840199744,32.76334690028558,0.814610177464433,0.6917546897886006,15.125911068027584,52.22333150754969,28.252165412106486,114.73453666397103,14.71359738020849,0.2826917496929944,1.079406016915372,36.65845062264265,12.87696986647774,17.274890732269235,27.298731804943273,110.0972411907155,7.320530732719176,1.246192259571742,81.53026188401738,23.332378720486712,7.3045578583215995,12.04097215962818,3.445570494908986,0.6001961507260816,0.20006538357536055,2.8457689256007246,4.1715002124100815,3.8569876542550148,1.6818536502607586,1.681320941219536,2.389601550288615,1.3487943420083903,387.1018754122689,0.5805450757451097,1.6671623436458025,0.33341771288449984
2020-02-28 10:00:00,0.15058269277709752,35.871910415293286,104.22517939409151,35.871910415293286,104.22517939409151,35.87191041529329,104.22517939409151,35.871910415293286,104.22517939409153,35.871910415293286,104.22517939409151,35.871910415293286,104.22517939409154,35.871910415293286,104.22517939409153,35.871910415293286,104.22517939409154,35.871910415293286,104.22517939409153,0.0,35.871910415293286,104.22517939409153,35.871910415293286,104.22517939409151,35.871910415293286,104.22517939409153,35.87191041529328,104.2251793940915,35.871910415293286,104.22517939409151,35.871910415293286,104.22517939409153,35.871910415293286,104.22517939409153,35.871910415293286,104.22517939409153,35.87191041529329,104.22517939409153,35.871910415293286,104.2251793940915,0.0,35.871910415293286,104.22517939409153,35.871910415293286,104.22517939409153,0.0,35.871910415293286,104.22517939409153,0.0,35.87191041529327,104.2251793940915,-0.000212419095728179,35.871910415293286,104.22517939409151,0.0,35.871910415293286,104.22517939409153,0.0,37.10084158295313,-95.74024882118476,1.0826297851684619,0.006532123377630275,0.00022410645559479015,37.10084158295313,-95.74024882118476,1.0002858321475714,0.0,0.0,37.100841582953144,-95.74024882118476,0.0,0.00044577327989091427,37.100841582953144,-95.74024882118476,2.0453218154949178,0.0007700095592752809,0.0005089430458865883,37.10084158295313,-95.74024882118476,1.0012935471347573,0.0,0.00012388587107950173,56.14640986305771,-106.3771683259422,0.0,0.0004711657168402145,-25.28162223545892,133.81337323441448,4.005023203410017,9.727556394539469e-05,-25.28162223545891,133.8133732344145,0.0,51.180315799340505,10.454513382121979,0.0,0.0,56.14640986305773,-106.3771683259422,-6.550972411989604e-06,0.0050611419269675495,-25.281622235458908,133.81337323441454,0.0,-25.28162223545891,133.81337323441448,0.0,37.100841582953144,-95.74024882118476,2.000522994823185,0.0,37.10084158295313,-95.74024882118476,1.0002858321475714,0.0,0.022085150699712525,37.10084158295313,-95.74024882118476,1.000022517576861,1.7291600080821304e-05,37.10084158295313,-95.74024882118476,1.0002858321475714,0.0,37.10084158295313,-95.74024882118476,0.9991931583052747,0.0,0.0,37.10084158295313,-95.74024882118476,1.0002858321475714,0.0,0.0,37.100841582953144,-95.74024882118478,0.0,37.10084158295313,-95.74024882118476,2.0005716642951428,0.0,0.0,56.14640986305773,-106.37716832594221,1.0002858321475714,0.0,56.14640986305773,-106.37716832594221,0.0,37.10084158295313,-95.74024882118476,1.0002858321475714,0.0,-8.392804167185308e-05,0.0,0.0,61.01743576100183,0.0,0.0,0.0,0.0,37.10084158295313,-95.74024882118475,0.0,37.10084158295313,-95.74024882118476,1.0002858321475714,0.0,0.0,37.10084158295313,-95.74024882118476,1.0002858321475714,0.0,0.0,0.0,0.0,0.0,0.0,37.10084158295313,-95.74024882118476,1.017028073463497,0.0,0.0,37.10084158295313,-95.74024882118476,11.003144153623285,0.0,0.0,37.10084158295313,-95.74024882118476,5.001429160737855,0.0,0.0,37.10084158295313,-95.74024882118476,2.0005716642951428,0.0,0.0,37.10084158295313,-95.74024882118476,0.0,0.0,37.10084158295313,-95.74024882118476,0.0,0.0,37.10084158295313,-95.74024882118476,0.0,0.0,37.10084158295314,-95.74024882118478,36.21082803815504,0.0,0.0,1.819947267780883e+38,5.893947894130543e+38,-2.014694997787506e+38,7.037839821720894e+38,-8.417045128792898e+35,-5.375519677262834e+36,-9.413192527875275e+36,1.4591167384290229e+38,1.6393406227645026e+37,2.6590723267984845e+38,8.438453460325977e+29,3.315304867678204e+29,-6.765860338901347,0.15739852879405178,22.212387652833083,6.180057793874256e+47,-1.551358563199922e+50,3.957064685423763e+45,-7.168976057538348e+49,8.95602336263566e+40,1.5548860025381056e+41,0.6831069820256691,0.3425515981570795,175.8473286759722,104.09659561413095,2.7047754755945226,0.20945867205052665,218.33189225393733,27.916758279533852,1.0989104244601848,1.950065660719801,140.40667346985066,59.64157018124372,322.0464938457893,1.0055122885678476,39.1348346541261,92.33278526782394,12.542562802395423,146.2665478301562,211.86104742267008,41.058573275926115,6.243612174483665,2.0652702649720656,50.83551954179356,0.7390074863143407,41.97039350404582,1.2613501280600914,161.15183554931625,203.6461715231276,1.7903485902931333,208.07811733234993,0.38441768938533927,529.4364666684531,1.152236884888501,62.73455429751859,210.9237931903303,344.1019456905731,19.162003841393183,36.99778877077978,72.18475478232179,4.790781463014017,15.045222717445363,38.489230130996056,0.406399026707855,53.04343398651427,45.323723188546474,2.127209778909114,69.71699323776447,1.1214961234618879,185.4176044065117,47.45793487546186,281.03798014155166,110.20210417095925,74.40057629170778,0.5054123748934907,144.16903881489145,0.6609938755143044,1.9316776590720737,11.829407526057992,0.4291997477990691,0.140148772193898,0.5001429160737857,2.0001756452752306,1.0002371626756137,0.5001515618738259,0.5001429160737857,1.0002858321475714,2.5007145803689275,1.0002858321475714,5.501572076811643,0.8388941511282326,3.960028892304588,2.005233528780393,101.29153704748357,31.372847472605436,1.5057540202218427,4.50128624466407,38.208965896664246,0.21028737278715492,22635.582730855043,743.2333133339183,3176.2320907700023,527.9373662588237,146.31428278901205,6.414993374837525,68.11721109153056,0.9809295865930625,23.419128556292844,28.36648784764767,109.7518521243065,32.738759341554804,0.814099639197801,0.6915855372751502,15.114856702865678,52.19000536900761,28.250773215919494,114.73017317911516,14.718498439927624,0.28271744604259696,1.082311545137706,36.676403684171675,12.90611475271391,17.13803174328647,27.302183007334964,110.08961546889653,7.317830963855769,1.2400990194782227,81.51973285606202,23.33005788163436,7.216111985134753,12.040477609183727,3.4454289773971887,0.6001714992885429,0.2000571664295143,2.8523951248189623,4.17089730059308,3.865181818950575,1.6839292765649594,1.6835623186027509,2.3840704169111957,1.3473407790703569,387.79762740538536,0.5927169301377352,1.667093139291543,0.3334036535719857
2020-02-28 11:00:00,0.1498238184372388,35.87045935313453,104.22096335953808,35.87045935313453,104.22096335953809,35.870459353134535,104.22096335953809,35.87045935313453,104.2209633595381,35.87045935313453,104.22096335953808,35.87045935313453,104.2209633595381,35.87045935313453,104.2209633595381,35.87045935313453,104.2209633595381,35.87045935313453,104.22096335953809,0.0,35.87045935313452,104.2209633595381,35.87045935313452,104.22096335953809,35.87045935313452,104.2209633595381,35.87045935313452,104.22096335953808,35.87045935313453,104.22096335953809,35.87045935313452,104.2209633595381,35.87045935313453,104.22096335953809,35.87045935313453,104.2209633595381,35.87045935313453,104.2209633595381,35.87045935313453,104.22096335953808,0.0,35.87045935313453,104.2209633595381,35.87045935313453,104.2209633595381,0.0,35.87045935313453,104.2209633595381,0.0,35.870459353134514,104.22096335953808,-0.0002153079091865573,35.870459353134535,104.22096335953809,0.0,35.870459353134535,104.22096335953809,0.0,37.09934080904241,-95.73637601233443,1.0833072515713262,0.006588816188663124,0.00022602277460404647,37.09934080904241,-95.73637601233443,1.000245369375944,0.0,0.0,37.09934080904242,-95.73637601233443,0.0,0.0004495774934097259,37.09934080904242,-95.73637601233443,2.0456340722100084,0.0007768362141077675,0.0005133615366464195,37.0993408090424,-95.73637601233445,1.0012611215715168,0.0,0.00012481510920837077,56.144138672876906,-106.37286524083393,0.0,0.0004740702812239657,-25.280599563264627,133.8079603216371,4.004859896170574,9.611979093951395e-05,-25.280599563264623,133.80796032163713,0.0,51.17824549367042,10.454090484412284,0.0,0.0,56.14413867287692,-106.37286524083393,-6.896426306855427e-06,0.004733850842837596,-25.280599563264616,133.80796032163715,0.0,-25.280599563264623,133.8079603216371,0.0,37.09934080904242,-95.73637601233443,2.0004630834550428,0.0,37.09934080904241,-95.73637601233443,1.000245369375944,0.0,0.02430825552573581,37.09934080904241,-95.73637601233443,1.0003178869537657,8.484791882070294e-05,37.09934080904241,-95.73637601233443,1.000245369375944,0.0,37.09934080904241,-95.73637601233445,0.999134382223851,0.0,0.0,37.09934080904241,-95.73637601233443,1.000245369375944,0.0,0.0,37.09934080904242,-95.73637601233446,0.0,37.09934080904241,-95.73637601233443,2.000490738751888,0.0,0.0,56.144138672876906,-106.37286524083393,1.000245369375944,0.0,56.14413867287691,-106.37286524083393,0.0,37.09934080904241,-95.73637601233443,1.000245369375944,0.0,-8.476273496343641e-05,0.0,0.0,61.01496753193257,0.0,0.0,0.0,0.0,37.09934080904241,-95.73637601233442,0.0,37.09934080904241,-95.73637601233443,1.000245369375944,0.0,0.0,37.09934080904241,-95.73637601233443,1.000245369375944,0.0,0.0,0.0,0.0,0.0,0.0,37.09934080904241,-95.73637601233443,1.0151337065299648,0.0,0.0,37.09934080904241,-95.73637601233443,11.002699063135385,0.0,0.0,37.09934080904241,-95.73637601233443,5.001226846879719,0.0,0.0,37.09934080904241,-95.73637601233443,2.000490738751888,0.0,0.0,37.09934080904241,-95.73637601233443,0.0,0.0,37.09934080904241,-95.73637601233443,0.0,0.0,37.09934080904241,-95.73637601233443,0.0,0.0,37.09934080904241,-95.73637601233446,36.22694285602911,0.0,0.0,1.8364307891510675e+38,5.947330218875647e+38,-2.0329117166664365e+38,7.101475433904425e+38,-8.490873620990245e+35,-5.422670014046919e+36,-9.497273304370476e+36,1.4721499009826289e+38,1.6542880696632382e+37,2.683317649492734e+38,8.514639955971398e+29,3.345237065687232e+29,-6.795422165929535,0.1572759794601517,22.231252501077417,6.236031456692791e+47,-1.5653858292909566e+50,3.99177331710888e+45,-7.233010982119777e+49,9.03688273315014e+40,1.5687754578705044e+41,0.6854134234515079,0.34379391576229734,175.7420772268057,103.75614017112824,2.6899094401147727,0.2088688800033532,218.19992477608176,27.837030185112653,1.096924354172097,1.9432336145910303,139.35638791847867,59.42904164078476,321.47159752452706,0.999005944002794,38.97949753981191,92.22143030816487,12.394066018878455,146.1730975539536,211.2472698511067,40.52943601398012,6.185474542752662,2.0596985860385226,50.52166055314126,0.7362112979323996,41.879351259660396,1.255037232254196,160.33540466965758,203.59602307916717,1.7887685409504774,207.9379796153108,0.3841707545615466,528.6479490835452,1.1506680028479341,62.31146576390857,209.8888685235343,343.8355709086697,19.001316471055866,36.8620474678563,72.14592167538723,4.77205617247996,14.999485832806291,38.43043700074834,0.4032102320582846,52.95796971602394,45.208042728095094,2.126938771718984,69.74570060714929,1.118479632819581,184.76908054268412,47.22987806035897,280.8179656952672,110.13521535167332,74.3913143583073,0.5049534928878712,144.0966237218797,0.6601405294302469,1.927235408447065,11.77009243765638,0.45072042328095635,0.1394411004546368,0.500122684687972,2.0000893121493424,1.0002177140790982,0.5001651086473823,0.500122684687972,1.000245369375944,2.5006134234398596,1.000245369375944,5.501349531567692,0.8444559794940465,3.9522206625076257,2.0051833491610265,101.33984399128727,31.37157840298375,1.5057406360453185,4.501104162191747,38.2074202977849,0.21167935881789565,22525.043185787807,738.3258580914304,3120.643836278585,527.7630804710685,146.11069080834213,6.398549638029447,67.99958048257695,0.9774736155812462,23.293112187110488,28.369339400497683,109.74449157329632,32.697740908464844,0.8132751255402393,0.6914433226287678,15.105774015916456,52.15171469791818,28.2502850292028,114.72466027869655,14.720295051260752,0.282603423273066,1.0846463188755842,36.703108071398184,12.94879686138561,16.995052695755234,27.30505105175428,110.0824696696746,7.315452064103839,1.2348031524856529,81.51731643214308,23.341438403542895,7.121145459643973,12.039990557303028,3.44528960562825,0.6001472216255666,0.20004907387518883,2.8596300827271186,4.170438143843474,3.874129849164631,1.6861986214495344,1.6859856166565925,2.3788109284295276,1.3459416554770673,388.49661276845177,0.6049256207802269,1.6670249620802762,0.33338979635216603
2020-02-28 12:00:00,0.14898517303943756,35.86903069135262,104.21681240886974,35.86903069135262,104.21681240886976,35.86903069135262,104.21681240886974,35.86903069135262,104.21681240886977,35.86903069135262,104.21681240886974,35.86903069135262,104.21681240886976,35.86903069135262,104.21681240886977,35.86903069135262,104.21681240886977,35.86903069135262,104.21681240886976,0.0,35.86903069135261,104.21681240886976,35.86903069135262,104.21681240886976,35.86903069135262,104.21681240886976,35.86903069135261,104.21681240886974,35.86903069135262,104.21681240886976,35.86903069135261,104.21681240886976,35.86903069135262,104.21681240886974,35.86903069135262,104.21681240886977,35.86903069135262,104.21681240886977,35.86903069135262,104.21681240886974,0.0,35.86903069135262,104.21681240886977,35.86903069135262,104.21681240886977,0.0,35.86903069135262,104.21681240886977,0.0,35.869030691352606,104.21681240886973,-0.00021823343580729127,35.86903069135263,104.21681240886976,0.0,35.86903069135263,104.21681240886976,0.0,37.097863202920166,-95.7325629889159,1.0839830991195907,0.006645320429459034,0.00022793144672965697,37.097863202920166,-95.7325629889159,1.0002055312373328,0.0,0.0,37.09786320292017,-95.7325629889159,0.0,0.0004533661877513919,37.097863202920166,-95.7325629889159,2.045946483269065,0.0007836465383956933,0.0005177653954563455,37.097863202920166,-95.7325629889159,1.001229262429581,0.0,0.00012573477918160548,56.1419025435759,-106.36862858342998,0.0,0.00047691264867515733,-25.279592678293785,133.8026309692264,4.00469759399016,9.487921078650541e-05,-25.27959267829378,133.8026309692264,0.0,51.17620714778022,10.453674115070797,0.0,0.0,56.14190254357591,-106.36862858342997,-7.253522922207739e-06,0.004535689388202327,-25.279592678293774,133.8026309692264,0.0,-25.27959267829378,133.8026309692264,0.0,37.09786320292018,-95.73256298891587,2.00041029055156,0.0,37.097863202920166,-95.7325629889159,1.0002055312373328,0.0,0.026533322621539082,37.097863202920166,-95.73256298891589,1.0006985810776485,0.0001693021633421312,37.097863202920166,-95.7325629889159,1.0002055312373328,0.0,37.097863202920166,-95.7325629889159,0.9990759003744855,0.0,0.0,37.097863202920166,-95.7325629889159,1.0002055312373328,0.0,0.0,37.09786320292018,-95.73256298891592,0.0,37.097863202920166,-95.7325629889159,2.0004110624746656,0.0,0.0,56.1419025435759,-106.36862858342998,1.0002055312373328,0.0,56.14190254357591,-106.36862858342997,0.0,37.097863202920166,-95.7325629889159,1.0002055312373328,0.0,-8.559936113037084e-05,0.0,0.0,61.01253740547728,0.0,0.0,0.0,0.0,37.097863202920166,-95.73256298891587,0.0,37.097863202920166,-95.7325629889159,1.0002055312373328,0.0,0.0,37.097863202920166,-95.7325629889159,1.0002055312373328,0.0,0.0,0.0,0.0,0.0,0.0,37.097863202920166,-95.7325629889159,1.013371699535603,0.0,0.0,37.097863202920166,-95.7325629889159,11.00226084361066,0.0,0.0,37.097863202920166,-95.7325629889159,5.001027656186663,0.0,0.0,37.097863202920166,-95.7325629889159,2.0004110624746656,0.0,0.0,37.097863202920166,-95.7325629889159,0.0,0.0,37.097863202920166,-95.7325629889159,0.0,0.0,37.097863202920166,-95.7325629889159,0.0,0.0,37.097863202920166,-95.73256298891592,36.24278829377775,0.0,0.0,1.8528899522513175e+38,6.000633658712196e+38,-2.051100210223006e+38,7.165012447889228e+38,-8.564490580172447e+35,-5.469685255929202e+36,-9.581179771016013e+36,1.485156044178182e+38,1.669217675816943e+37,2.70753403382557e+38,8.59070356911139e+29,3.3751209855407696e+29,-6.828085285319438,0.1570343247762392,22.249225971703524,6.291922405292831e+47,-1.5793913612755284e+50,4.0263825018014525e+45,-7.296913154382046e+49,9.117611684199163e+40,1.5826361556203623e+41,0.6879013045404486,0.3451173502780863,175.61176937766515,103.39186987016173,2.6671736921813416,0.20842667623067235,218.0940848507681,27.73246685885595,1.0950401812158872,1.9369663894726281,138.4041939231615,59.17196280287689,320.8243853279811,0.991665718226729,38.78304630991933,92.09300159228664,12.260646432234568,146.0704519018952,210.647951052105,40.013440706898756,6.1230930280112394,2.0534978794881553,50.171569990441355,0.7333575603673994,41.785116108259864,1.24761927119732,159.36929923062036,203.43715922756363,1.7879954878876534,207.80483717995327,0.3840187909772545,527.9237395647332,1.1488083780481784,61.82987630616279,208.73689772391376,343.55347349684564,18.814926635501116,36.71162023961092,72.11624265800326,4.753771801334957,14.947899932037414,38.36827710800022,0.3996789269652805,52.870790614655206,45.122861352249636,2.1273576956294056,69.83524346873227,1.1149232138394027,183.99777632464895,47.01515441509487,280.5571584171644,110.07125496078706,74.38329311680006,0.5044484138880141,144.00510450783085,0.6590493074904694,1.9220997962296318,11.726104009498215,0.471886512980204,0.13855349698181335,0.5001027656186664,2.0000042179533732,1.0002047593142271,0.5001874167003374,0.5001027656186664,1.0002055312373328,2.5005138280933314,1.0002055312373328,5.50113042180533,0.8504527166120799,3.9439885584826664,2.0051338856931267,101.393654001996,31.370328924278688,1.505728079843494,4.500924890567997,38.20589855866728,0.21317990007990426,22424.908746329544,733.8836795036226,3070.526486357506,527.6517584190019,146.00845809313603,6.380443491134209,67.8929674596667,0.974344676693427,23.17269778160993,28.37382097041402,109.73601317807994,32.63999214456726,0.8121302135161821,0.6913233601708701,15.098316028854516,52.10961843303492,28.250489643654934,114.71828932937348,14.719931271503116,0.28238302760585604,1.0866671076250518,36.73832711273077,13.00464498150697,16.849099477537653,27.307389025729876,110.07576769033656,7.313366091848451,1.2302342576735845,81.52346824960252,23.36714636564497,7.022833679043812,12.039511024153077,3.4451523853730337,0.6001233187423998,0.20004110624746657,2.8674369107306825,4.170116542846652,3.8837860260022072,1.6886499622261038,1.6885716204157688,2.3739149383146185,1.3446167126187376,389.184082771466,0.6169226620371224,1.6669578148200077,0.33337614179133734
2020-02-28 13:00:00,0.1480979153222346,35.86762445496005,104.21272661475982,35.867624454960044,104.21272661475984,35.86762445496005,104.21272661475984,35.867624454960044,104.21272661475984,35.86762445496005,104.21272661475984,35.867624454960044,104.21272661475984,35.867624454960044,104.21272661475984,35.867624454960044,104.21272661475984,35.867624454960044,104.21272661475984,0.0,35.867624454960044,104.21272661475986,35.867624454960044,104.21272661475984,35.867624454960044,104.21272661475984,35.86762445496004,104.21272661475983,35.86762445496005,104.21272661475984,35.867624454960044,104.21272661475984,35.86762445496005,104.21272661475984,35.86762445496005,104.21272661475986,35.86762445496005,104.21272661475984,35.867624454960044,104.21272661475983,0.0,35.86762445496005,104.21272661475984,35.867624454960044,104.21272661475984,0.0,35.867624454960044,104.21272661475984,0.0,35.86762445496004,104.21272661475982,-0.0002211954621404756,35.86762445496005,104.21272661475984,0.0,35.86762445496005,104.21272661475984,0.0,37.09640879045579,-95.72880981768616,1.0846570883678528,0.006701616948480593,0.0002298318036236648,37.09640879045579,-95.72880981768616,1.0001663184292091,0.0,0.0,37.09640879045579,-95.72880981768616,0.0,0.00045713803062915736,37.09640879045579,-95.72880981768616,2.046258921045667,0.0007904383361172183,0.0005221531340889535,37.09640879045578,-95.72880981768617,1.0011979671558415,0.0,0.0001266444582370069,56.139701514304036,-106.3644584279042,0.0,0.0004796909636075221,-25.278601598174568,133.79738527048673,4.00453629634125,9.355274871742508e-05,-25.278601598174568,133.79738527048673,0.0,51.17420079735652,10.45326428138716,0.0,0.0,56.13970151430404,-106.36445842790417,-7.622356594491446e-06,0.004461121353651093,-25.27860159817456,133.79738527048676,0.0,-25.27860159817457,133.79738527048673,0.0,37.0964087904558,-95.72880981768614,2.0003660635332783,0.0,37.09640879045579,-95.72880981768616,1.0001663184292091,0.0,0.02871642479438049,37.09640879045579,-95.72880981768614,1.0011828753975978,0.00027429758196283616,37.09640879045579,-95.72880981768616,1.0001663184292091,0.0,37.09640879045579,-95.72880981768617,0.9990177131940616,0.0,0.0,37.09640879045579,-95.72880981768616,1.0001663184292091,0.0,0.0,37.0964087904558,-95.72880981768618,0.0,37.09640879045579,-95.72880981768616,2.0003326368584182,0.0,0.0,56.139701514304036,-106.3644584279042,1.0001663184292091,0.0,56.13970151430404,-106.36445842790418,0.0,37.09640879045579,-95.72880981768617,1.0001663184292091,0.0,-8.643771524714837e-05,0.0,0.0,61.010145424181744,0.0,0.0,0.0,0.0,37.09640879045579,-95.72880981768614,0.0,37.09640879045579,-95.72880981768616,1.0001663184292091,0.0,0.0,37.09640879045579,-95.72880981768616,1.0001663184292091,0.0,0.0,0.0,0.0,0.0,0.0,37.09640879045579,-95.72880981768616,1.0117511561739845,0.0,0.0,37.09640879045579,-95.72880981768616,11.0018295027213,0.0,0.0,37.09640879045579,-95.72880981768616,5.000831592146044,0.0,0.0,37.09640879045579,-95.72880981768616,2.0003326368584182,0.0,0.0,37.09640879045579,-95.72880981768616,0.0,0.0,37.09640879045579,-95.72880981768616,0.0,0.0,37.09640879045579,-95.72880981768616,0.0,0.0,37.09640879045579,-95.72880981768617,36.257974918100075,0.0,0.0,1.869319686165776e+38,6.053841791343603e+38,-2.0692548520183036e+38,7.228431209099395e+38,-8.637871544779552e+35,-5.51654978061051e+36,-9.664885212554539e+36,1.4981310269467572e+38,1.6841249161031674e+37,2.7317141398777145e+38,8.666620685757104e+29,3.404947349760128e+29,-6.863487370652586,0.15668775274637692,22.265457854692393,6.347713420190279e+47,-1.5933708266744544e+50,4.0608807395067264e+45,-7.360662228301293e+49,9.198185153437344e+40,1.5964636832474854e+41,0.6905514034413396,0.3465082257355518,175.45967979820983,103.01824878126979,2.636870417976785,0.208131781015365,218.02088950017492,27.607277874962588,1.0933486075281882,1.9314358435102048,137.57930391119024,58.87859700296295,320.11689632155117,0.9836301433226979,38.550967325042095,91.94976430756982,12.145845209023602,145.9622341018772,210.07694976111858,39.523440302681976,6.058719965909555,2.0468085342394464,49.79339793127695,0.7305028898817452,41.69048427538526,1.2393066854426764,158.28278406460345,203.18346994631895,1.7882083177949188,207.68484283750536,0.38397274035101653,527.2833954711941,1.1467106702722667,61.29960967482164,207.49679372691952,343.26559771344114,18.606313150700572,36.552578025426286,72.0957006886622,4.736352797356015,14.892678970885779,38.30442224404685,0.3959315347248453,52.783601274985756,45.07533073294835,2.128444303316907,69.98317799620165,1.1109038043464476,183.12135746554893,46.82488437703444,280.2629258955777,110.01290887458421,74.37629621826935,0.5039152846925659,143.89759118669488,0.6577588186403447,1.916362657800721,11.697442614714664,0.49221924657733845,0.137509384464249,0.5000831592146046,1.9999203864434087,1.000199745104069,0.5002203080055859,0.5000831592146046,1.0001663184292091,2.500415796073022,1.0001663184292091,5.50091475136065,0.8568382558296261,3.9353707140141836,2.0050851222015846,101.45233073711445,31.369099058365673,1.5057163374790785,4.500748432931441,38.204400705953425,0.21477746027451788,22336.673923090217,729.9743122524746,3026.7409462688315,527.6106406303109,146.0188147169826,6.3611069539088465,67.8000000218641,0.9716209156772688,23.06353097678278,28.37988467216822,109.72645229162444,32.56603563503133,0.8106744369178267,0.6912216964323977,15.09219001443713,52.06521404153307,28.25115197519972,114.71138445423253,14.71844326812965,0.2820933692754103,1.0886509785023026,36.781710773262475,13.07311309376761,16.70308457659917,27.309251516148816,110.0694722757969,7.311544294057024,1.2263199073809083,81.53800774457711,23.40674514675348,6.924362614868606,12.039039018129369,3.4450173190339415,0.6000997910575256,0.20003326368584184,2.8757551086248028,4.169930327798027,3.8940753810597,1.6912640756494737,1.6912929821581504,2.3694613841528183,1.3433818354229003,389.84416288416367,0.6284398629495276,1.6668916986995568,0.33336269013517367
2020-02-28 14:00:00,0.14719832554680623,35.86624064159122,104.20870597033512,35.86624064159121,104.20870597033515,35.86624064159122,104.20870597033515,35.86624064159121,104.20870597033515,35.86624064159121,104.20870597033515,35.86624064159121,104.20870597033515,35.86624064159122,104.20870597033513,35.86624064159121,104.20870597033515,35.86624064159121,104.20870597033515,0.0,35.866240641591205,104.20870597033515,35.86624064159121,104.20870597033515,35.86624064159121,104.20870597033516,35.866240641591205,104.20870597033513,35.86624064159122,104.20870597033515,35.86624064159121,104.20870597033515,35.86624064159121,104.20870597033515,35.86624064159121,104.20870597033516,35.86624064159122,104.20870597033515,35.86624064159121,104.20870597033513,0.0,35.86624064159121,104.20870597033513,35.866240641591205,104.20870597033515,0.0,35.866240641591205,104.20870597033513,0.0,35.866240641591205,104.20870597033512,-0.0002241937423214293,35.86624064159122,104.20870597033515,0.0,35.86624064159122,104.20870597033515,0.0,37.09497756920264,-95.72511649233158,1.08532897644838,0.006757686389727041,0.000231723170640749,37.09497756920264,-95.72511649233158,1.0001277308856087,0.0,0.0,37.09497756920264,-95.72511649233158,0.0,0.00046089167738631257,37.09497756920264,-95.72511649233158,2.0465712547867536,0.0007972093822048998,0.0005265232474414329,37.094977569202634,-95.72511649233158,1.0011672324247238,0.0,0.00012754372397507253,56.137535581358705,-106.36035476724147,0.0,0.0004824033875980262,-25.277626321239772,133.79222321659367,4.004376007430655,9.213937770449938e-05,-25.277626321239765,133.79222321659367,0.0,51.17222643902421,10.452860982671945,0.0,0.0,56.137535581358705,-106.36035476724146,-8.003014221296366e-06,0.004508381832535158,-25.27762632123976,133.7922232165937,0.0,-25.27762632123977,133.79222321659367,0.0,37.09497756920264,-95.72511649233157,2.00033216315246,0.0,37.09497756920264,-95.72511649233158,1.0001277308856087,0.0,0.030809910878358937,37.09497756920264,-95.72511649233157,1.001792267300841,0.0004041184100348022,37.09497756920264,-95.72511649233158,1.0001277308856087,0.0,37.09497756920264,-95.72511649233158,0.998959820608233,0.0,0.0,37.09497756920264,-95.72511649233158,1.0001277308856087,0.0,0.0,37.09497756920264,-95.72511649233158,0.0,37.09497756920264,-95.72511649233158,2.0002554617712174,0.0,0.0,56.13753558135871,-106.36035476724147,1.0001277308856087,0.0,56.137535581358705,-106.36035476724146,0.0,37.09497756920264,-95.7251164923316,1.0001277308856087,0.0,-8.727758730082275e-05,0.0,0.0,61.007791584022115,0.0,0.0,0.0,0.0,37.09497756920264,-95.72511649233158,0.0,37.09497756920264,-95.72511649233158,1.0001277308856087,0.0,0.0,37.09497756920264,-95.72511649233158,1.0001277308856087,0.0,0.0,0.0,0.0,0.0,0.0,37.09497756920264,-95.72511649233158,1.0102762108250056,0.0,0.0,37.09497756920264,-95.72511649233158,11.001405039741696,0.0,0.0,37.09497756920264,-95.72511649233158,5.000638654428043,0.0,0.0,37.09497756920264,-95.72511649233158,2.0002554617712174,0.0,0.0,37.09497756920264,-95.72511649233158,0.0,0.0,37.09497756920264,-95.72511649233158,0.0,0.0,37.09497756920264,-95.72511649233158,0.0,0.0,37.09497756920264,-95.7251164923316,36.27209833394823,0.0,0.0,1.885714847379326e+38,6.106937959358596e+38,-2.087369936246519e+38,7.291711785710352e+38,-8.710991795120588e+35,-5.563247800937141e+36,-9.748362574616664e+36,1.5110706556544523e+38,1.6990051965812886e+37,2.7558505161041823e+38,8.742367363263313e+29,3.434706751743869e+29,-6.901164733461383,0.15625858427346323,22.279171037498354,6.403387035373211e+47,-1.6073198318943037e+50,4.095256408876031e+45,-7.424237599589804e+49,9.278577729704686e+40,1.6102535721779271e+41,0.6933363664462655,0.3479486426851263,175.2903654469648,102.65122718369216,2.5996400750990007,0.20798393097746087,217.98495100762776,27.467079968870827,1.0919322441123775,1.9267847398969669,136.90586479196787,58.55984574573938,319.36519750642475,0.9750841034285167,38.29083909316888,91.79462094169395,12.052647452796212,145.85266281417813,209.54765727097413,39.07186981685459,5.994842579039307,2.0398025283535586,49.39711345609968,0.7276976989041907,41.59815160960868,1.23035970417519,157.11184007115827,202.856235170329,1.789527688371608,207.58360045319316,0.3840364268659275,526.7431653607325,1.1444450516535434,60.73369156283426,206.20473105983461,342.9829313293584,18.379921774356614,36.39195814501572,72.08427974278302,4.720209264663035,14.836382949815942,38.24073701411392,0.3921076251404437,52.69791948382395,45.0704261289089,2.1301314859821283,70.18311038736276,1.1065275444576448,182.16403873029446,46.66917169574742,279.945070636982,109.96263192217994,74.37014255587857,0.5033752344259813,143.77828009414634,0.6563211589899999,1.9101416677622454,11.684113051543786,0.5112217550172006,0.13634135991568158,0.5000638654428043,1.999837846914437,1.0002044322668515,0.5002659246478217,0.5000638654428043,1.0001277308856087,2.5003193272140214,1.0001277308856087,5.500702519870848,0.8635469833021591,3.9264324522000598,2.005037041103959,101.51505974949004,31.367888803175795,1.5057053934755025,4.500574788985238,38.20292673712364,0.21645562423333747,22261.571849982523,726.6535838457135,2990.007915680273,527.6422593936088,146.14541118198093,6.341080729277927,67.72288339899977,0.9693679079499694,22.970770855761426,28.387407606836838,109.71589939735543,32.47716272093544,0.8089322546494574,0.6911350223770738,15.08715099074882,52.02024508181813,28.252027017017937,114.70428333476605,14.716896623156089,0.2817731211361293,1.090878077375676,36.832774401137044,13.153447660765945,16.55960140896,27.310692683175258,110.06354636418473,7.309958125934083,1.2229882115335053,81.56013971351145,23.458773195903497,6.828810778967049,12.038574538437883,3.4448844063837623,0.6000766385313653,0.20002554617712176,2.8844985770542118,4.169881453291634,3.9048912308783543,1.6940136058727684,1.6941139066609987,2.3655174179082166,1.3422492472671976,390.4603781772701,0.6391983654727005,1.6668266136444365,0.3333494413794137
2020-02-28 15:00:00,0.14632550294722985,35.86487922738346,104.20475040626312,35.864879227383454,104.20475040626314,35.86487922738346,104.20475040626314,35.864879227383454,104.20475040626314,35.864879227383454,104.20475040626314,35.864879227383454,104.20475040626314,35.86487922738346,104.20475040626313,35.864879227383454,104.20475040626314,35.864879227383454,104.20475040626314,0.0,35.86487922738345,104.20475040626314,35.864879227383454,104.20475040626314,35.864879227383454,104.20475040626316,35.86487922738345,104.20475040626313,35.86487922738346,104.20475040626314,35.864879227383454,104.20475040626314,35.864879227383454,104.20475040626314,35.86487922738346,104.20475040626317,35.864879227383454,104.20475040626314,35.864879227383454,104.20475040626313,0.0,35.864879227383454,104.20475040626313,35.864879227383454,104.20475040626314,0.0,35.864879227383454,104.20475040626313,0.0,35.86487922738345,104.20475040626312,-0.0002272280021334283,35.86487922738346,104.20475040626314,0.0,35.86487922738346,104.20475040626314,0.0,37.09356951448055,-95.72148294916396,1.0859985170621806,0.006813509177855337,0.00023360486619872006,37.09356951448055,-95.72148294916396,1.0000897679411227,0.0,0.0,37.09356951448055,-95.72148294916396,0.0,0.0004646257696976552,37.09356951448055,-95.72148294916396,2.046883350877886,0.000803957421739096,0.0005308742125855331,37.09356951448054,-95.72148294916396,1.001137054295616,0.0,0.0001284321532869124,56.13540470739027,-106.35631753067773,0.0,0.0004850480924684234,-25.276666830671584,133.78714471853212,4.004216738802699,9.063810906803464e-05,-25.27666683067158,133.7871447185321,0.0,51.170284038737194,10.452464211970614,0.0,0.0,56.135404707390265,-106.35631753067771,-8.395576548549371e-06,0.004679487744728664,-25.27666683067157,133.78714471853212,0.0,-25.27666683067158,133.78714471853212,0.0,37.09356951448055,-95.72148294916394,2.000310719088927,0.0,37.09356951448055,-95.72148294916394,1.0000897679411227,0.0,0.032764064228565544,37.09356951448055,-95.72148294916394,1.0025518289377275,0.0005637593539735226,37.09356951448055,-95.72148294916396,1.0000897679411227,0.0,37.09356951448055,-95.72148294916396,0.9989022221588117,0.0,0.0,37.09356951448055,-95.72148294916396,1.0000897679411227,0.0,0.0,37.09356951448055,-95.72148294916396,0.0,37.09356951448055,-95.72148294916396,2.0001795358822454,0.0,0.0,56.13540470739028,-106.35631753067773,1.0000897679411227,0.0,56.13540470739027,-106.35631753067773,0.0,37.09356951448055,-95.72148294916396,1.0000897679411227,0.0,-8.811876242388042e-05,0.0,0.0,61.00547584440847,0.0,0.0,0.0,0.0,37.09356951448055,-95.72148294916394,0.0,37.09356951448055,-95.72148294916396,1.0000897679411227,0.0,0.0,37.09356951448055,-95.72148294916396,1.0000897679411227,0.0,0.0,0.0,0.0,0.0,0.0,37.09356951448055,-95.72148294916396,1.0089467588092376,0.0,0.0,37.09356951448055,-95.72148294916396,11.000987447352351,0.0,0.0,37.09356951448055,-95.72148294916396,5.000448839705614,0.0,0.0,37.09356951448055,-95.72148294916396,2.0001795358822454,0.0,0.0,37.09356951448055,-95.72148294916396,0.0,0.0,37.09356951448055,-95.72148294916396,0.0,0.0,37.09356951448055,-95.72148294916396,0.0,0.0,37.09356951448055,-95.72148294916397,36.28475486412252,0.0,0.0,1.9020702183697912e+38,6.159905265672114e+38,-2.105439675985622e+38,7.354833962537958e+38,-8.783826332100716e+35,-5.609763351314979e+36,-9.831584449569762e+36,1.5239706819088647e+38,1.7138538538827383e+37,2.7799355983452543e+38,8.817919322280484e+29,3.464389652605974e+29,-6.940546649564441,0.1557755948231165,22.289715777769242,6.458925533521352e+47,-1.6212339208803978e+50,4.1294977572058996e+45,-7.487618394918854e+49,9.358763644485442e+40,1.6240012954697468e+41,0.6962203930137072,0.349416525291119,175.10942036173464,102.30714039623346,2.556420321059228,0.20798315491149272,217.98870986293295,27.31857118941297,1.0908605942486114,1.9231185840574696,136.4015390325198,58.228641990654964,318.58864102035466,0.966250286152458,38.01193098335826,91.63095264735352,11.98346580203071,145.74628441208515,209.0725107141505,38.670297930297096,5.934062688641579,2.0326748927106655,48.994012749708176,0.7249850772222146,41.51061706684477,1.221074677744404,155.89731244507578,202.48255134058311,1.7920084902305113,207.50582465675254,0.38420631256507204,526.3150601259133,1.1420952389962948,60.147754231075965,204.9024137343697,342.71674591907185,18.140927753047674,36.23731906054731,72.08198187399228,4.705722069418196,14.781758068427877,38.17918496143733,0.38835316282416893,52.615042542386824,45.11064679325789,2.1323116136833247,70.425089856443,1.1019243331408188,181.15535654168494,46.55648707703982,279.61527716673345,109.92247647158547,74.3646816985712,0.5028510335594447,143.6522055636251,0.6547988287743893,1.9035739081477379,11.686152581071424,0.5283982505472518,0.1350894402571185,0.5000448839705613,1.9997566366404715,1.0002209511478037,0.5003267636475481,0.5000448839705613,1.0000897679411227,2.500224419852807,1.0000897679411227,5.5004937236761755,0.870493024530709,3.917266967512817,2.0049896236790548,101.58083853651576,31.366698137839258,1.5056952312557137,4.5004039557350515,38.201476626760595,0.2181929088789057,22200.566513592945,723.9652501494561,2960.902173014012,527.7442770917949,146.38406917816474,6.320988410316401,67.66338949005618,0.9676383440167211,22.89873254528809,28.396200869394004,109.7044934985978,32.37534106586452,0.8069412589943976,0.6910605898590974,15.082995531088116,51.97659054868249,28.25287435436968,114.69731723075802,14.716321037699199,0.2814602283534321,1.0936136727046628,36.89087648732537,13.244653357430732,16.420866806447325,27.31176478551817,110.0579541170798,7.308580031629358,1.2201697810497132,81.58851436083049,23.52084643075761,6.739036146025029,12.03811757706907,3.444753645130533,0.6000538607646737,0.20001795358822458,2.893554630513992,4.16997607868933,3.9160939487071005,1.6968627496268678,1.6969902455534926,2.362140183611139,1.3412278648552363,391.0162893450308,0.6489195569096089,1.6667625585889392,0.3333363953239081
2020-02-28 16:00:00,0.14551886307384654,35.86354017146375,104.20085980378794,35.86354017146374,104.20085980378795,35.86354017146374,104.20085980378795,35.86354017146374,104.20085980378795,35.86354017146374,104.20085980378796,35.86354017146374,104.20085980378796,35.86354017146375,104.20085980378795,35.86354017146374,104.20085980378796,35.86354017146374,104.20085980378796,0.0,35.86354017146373,104.20085980378796,35.86354017146374,104.20085980378796,35.86354017146374,104.20085980378798,35.86354017146373,104.20085980378795,35.86354017146374,104.20085980378796,35.86354017146374,104.20085980378796,35.86354017146374,104.20085980378796,35.86354017146375,104.20085980378799,35.86354017146374,104.20085980378796,35.86354017146374,104.20085980378795,0.0,35.86354017146374,104.20085980378795,35.86354017146374,104.20085980378795,0.0,35.86354017146374,104.20085980378795,0.0,35.86354017146373,104.20085980378794,-0.00023029794204768028,35.86354017146375,104.20085980378796,0.0,35.86354017146375,104.20085980378796,0.0,37.09218458401621,-95.71790907909529,1.08666546047498,0.006869065507059013,0.00023547620129958256,37.09218458401621,-95.71790907909529,1.000052428456009,0.0,0.0,37.09218458401621,-95.71790907909529,0.0,0.00046833893459685867,37.09218458401621,-95.71790907909529,2.0471950730473036,0.0008106801693593324,0.0005352044880638611,37.0921845840162,-95.71790907909529,1.0011074283330192,0.0,0.00012930932154452883,56.133308828424596,-106.3523465970051,0.0,0.00048762325506066764,-25.275723097663708,133.78214962383288,4.004058512434947,8.904798538332884e-05,-25.275723097663708,133.78214962383288,0.0,51.16837353817978,10.452073957371121,0.0,0.0,56.13330882842459,-106.35234659700508,-8.800119142353749e-06,0.004980235343879855,-25.275723097663697,133.78214962383288,0.0,-25.275723097663708,133.78214962383288,0.0,37.09218458401621,-95.71790907909526,2.0003042910099866,0.0,37.09218458401621,-95.71790907909528,1.000052428456009,0.0,0.03452909584040588,37.09218458401621,-95.71790907909526,1.0034905321650411,0.0007589892182826517,37.09218458401621,-95.71790907909529,1.000052428456009,0.0,37.09218458401621,-95.71790907909528,0.9988449171012395,0.0,0.0,37.09218458401621,-95.71790907909529,1.000052428456009,0.0,0.0,37.092184584016216,-95.71790907909528,0.0,37.09218458401621,-95.71790907909529,2.000104856912018,0.0,0.0,56.133308828424596,-106.3523465970051,1.000052428456009,0.0,56.133308828424596,-106.3523465970051,0.0,37.09218458401621,-95.71790907909528,1.000052428456009,0.0,-8.896102106662916e-05,0.0,0.0,61.00319813581655,0.0,0.0,0.0,0.0,37.09218458401621,-95.71790907909528,0.0,37.09218458401621,-95.71790907909529,1.000052428456009,0.0,0.0,37.09218458401621,-95.71790907909529,1.000052428456009,0.0,0.0,0.0,0.0,0.0,0.0,37.09218458401621,-95.71790907909529,1.0077592282891359,0.0,0.0,37.09218458401621,-95.71790907909529,11.000576713016102,0.0,0.0,37.09218458401621,-95.71790907909529,5.000262142280045,0.0,0.0,37.09218458401621,-95.71790907909529,2.000104856912018,0.0,0.0,37.09218458401621,-95.71790907909529,0.0,0.0,37.09218458401621,-95.71790907909529,0.0,0.0,37.09218458401621,-95.71790907909529,0.0,0.0,37.09218458401621,-95.7179090790953,36.29555911035401,0.0,0.0,1.9183805065703565e+38,6.2127265701649814e+38,-2.1234582019037263e+38,7.417777236519567e+38,-8.85634986120497e+35,-5.656080277480787e+36,-9.914523065938569e+36,1.5368268009192347e+38,1.7286661547773201e+37,2.803961709122985e+38,8.893251940788633e+29,3.4939863788318324e+29,-6.980955397392133,0.15527183123506536,22.29661598985673,6.514310942482781e+47,-1.6351085741207136e+50,4.1635928929084765e+45,-7.550783463861488e+49,9.43871676557565e+40,1.6377022660678892e+41,0.6991593299362817,0.35088591230221794,174.9231828777377,102.0015326423606,2.5083919270906243,0.2081299217865346,218.03229741826246,27.16914582930317,1.0901859044605537,1.9204991799639135,136.07638215971718,57.89921943347014,317.8089327574995,0.9573784639192185,37.724724316945476,91.46245000473728,11.940137084453294,145.64768198908433,208.66256890087675,38.32903450889556,5.878972314957787,2.0256342439132573,48.596173615459925,0.7224002049485119,41.430095380277706,1.211769253220968,154.68290171546445,202.09329640941735,1.7956360739137573,207.45505941158402,0.384471726105278,526.0061197468979,1.1397537014688008,59.55929311425475,203.63492476095126,342.47778369588787,17.894982570733298,36.096256735347914,72.08883637945856,4.693229859359016,14.731563565284215,38.121731504099024,0.3848136128165409,52.53602959581054,45.19586282187747,2.134843544710627,70.69623882755806,1.0972411768532038,180.12867219070424,46.49315788655977,279.28644474850785,109.89394623660806,74.35978966271362,0.5023656363595905,143.524946260765,0.65326108645703,1.8968090068613397,11.703645658588702,0.5432755271300779,0.13379896764966537,0.5000262142280045,1.9996768038445767,1.0002518625539771,0.500405708837146,0.5000262142280045,1.000052428456009,2.5001310711400224,1.000052428456009,5.500288356508051,0.8775704736432095,3.9079947697739623,2.0049428502722804,101.64847661862939,31.365527026609325,1.5056858333245127,4.5002359280520405,38.20005033132838,0.21996281968491058,22154.351200951824,721.9409091940724,2939.850204055299,527.9096375964403,146.72303516626224,6.301504304599582,67.62285669671063,0.9664720241308147,22.850582688165307,28.406021454458084,109.69241336908361,32.26309249870054,0.8047498068083144,0.6909961342815002,15.079556034734368,51.93614459860632,28.253472275213902,114.69079155127567,14.717646732879288,0.2811896817112224,1.0970906245791383,36.955198017224355,13.345461228487626,16.28869085653338,27.3125171140887,110.05266166529425,7.307384008890512,1.2177991477755528,81.62132267104178,23.589820164779226,6.657572811335502,12.037668120303813,3.4446250313484748,0.6000314570736056,0.20001048569120186,2.9027843006133236,4.170224633960867,3.927511331888569,1.6997673505074287,1.69987007939253,2.3593790305191584,1.3403237638625498,391.49620565058325,0.6573372829272193,1.666699531683723,0.3333235516138567
2020-02-28 17:00:00,0.14481561562461637,35.86222341936764,104.19703400466416,35.86222341936763,104.19703400466418,35.86222341936762,104.19703400466418,35.86222341936763,104.1970340046642,35.86222341936764,104.1970340046642,35.86222341936763,104.19703400466418,35.86222341936763,104.19703400466416,35.86222341936762,104.19703400466418,35.86222341936763,104.19703400466419,0.0,35.86222341936762,104.19703400466419,35.86222341936762,104.19703400466418,35.86222341936763,104.1970340046642,35.86222341936762,104.19703400466416,35.86222341936762,104.19703400466419,35.86222341936762,104.19703400466419,35.86222341936762,104.19703400466418,35.86222341936763,104.19703400466422,35.86222341936762,104.19703400466418,35.86222341936763,104.19703400466418,0.0,35.86222341936762,104.19703400466418,35.86222341936762,104.19703400466418,0.0,35.86222341936763,104.19703400466418,0.0,35.86222341936762,104.19703400466416,-0.000233403239467668,35.86222341936762,104.19703400466418,0.0,35.86222341936762,104.19703400466419,0.0,37.0908227214793,-95.71439473676287,1.087329553516847,0.006924335332817569,0.000237336479173335,37.0908227214793,-95.71439473676287,1.000015710911531,0.0,0.0,37.0908227214793,-95.71439473676287,0.0,0.00047202978375304044,37.090822721479306,-95.71439473676287,2.0475062825229724,0.0008173753088401535,0.0005395125133732916,37.0908227214793,-95.71439473676287,1.0010783496981608,0.0,0.00013017480199253536,56.13124785921441,-106.3484418047108,0.0,0.0004901270533125234,-25.27479508383098,133.77723772932674,4.003901364512614,8.736807515276682e-05,-25.27479508383098,133.7772377293267,0.0,51.16649485964472,10.45169020300035,0.0,0.0,56.131247859214405,-106.34844180471077,-9.216713118894056e-06,0.005420181425642059,-25.27479508383097,133.77723772932674,0.0,-25.27479508383098,133.77723772932674,0.0,37.090822721479306,-95.71439473676284,2.0003159342772436,0.0,37.0908227214793,-95.71439473676286,1.000015710911531,0.0,0.036057368810095324,37.0908227214793,-95.71439473676284,1.004641519151284,0.0009964033100167682,37.0908227214793,-95.71439473676287,1.000015710911531,0.0,37.0908227214793,-95.71439473676286,0.99878790447916,0.0,0.0,37.0908227214793,-95.71439473676287,1.000015710911531,0.0,0.0,37.090822721479306,-95.71439473676286,0.0,37.0908227214793,-95.71439473676287,2.000031421823062,0.0,0.0,56.13124785921441,-106.3484418047108,1.000015710911531,0.0,56.13124785921442,-106.3484418047108,0.0,37.0908227214793,-95.71439473676286,1.000015710911531,0.0,-8.980413912153262e-05,0.0,0.0,61.00095836560337,0.0,0.0,0.0,0.0,37.0908227214793,-95.71439473676284,0.0,37.0908227214793,-95.71439473676287,1.000015710911531,0.0,0.0,37.0908227214793,-95.71439473676287,1.000015710911531,0.0,0.0,0.0,0.0,0.0,0.0,37.0908227214793,-95.71439473676287,1.0067073450501458,0.0,0.0,37.0908227214793,-95.71439473676287,11.000172820026842,0.0,0.0,37.0908227214793,-95.71439473676287,5.000078554557655,0.0,0.0,37.0908227214793,-95.71439473676287,2.000031421823062,0.0,0.0,37.0908227214793,-95.71439473676287,0.0,0.0,37.0908227214793,-95.71439473676287,0.0,0.0,37.0908227214793,-95.71439473676287,0.0,0.0,37.0908227214793,-95.71439473676287,36.30416227578407,0.0,0.0,1.934640343613331e+38,6.265384487234813e+38,-2.1414195613121923e+38,7.480520813406341e+38,-8.928536780513958e+35,-5.702182228848405e+36,-9.99715028055566e+36,1.5496346502796407e+38,1.7434372958715261e+37,2.8279210571519493e+38,8.968340249716424e+29,3.5234871205571454e+29,-7.021613172880353,0.1547821043783665,22.299604543255704,6.56952503270586e+47,-1.648939207916719e+50,4.197529779877288e+45,-7.613711372914338e+49,9.518410592433866e+40,1.651351835509376e+41,0.70210125326548,0.3523275187870725,174.73841757285496,101.7480015328304,2.45691658069964,0.20842515681397977,218.11353434832853,27.02647760469349,1.0899400564747999,1.9189403121778843,135.93208809768115,57.58631222650028,317.04909033828903,0.9487335020012224,37.44039201456508,91.29294687984387,11.923925550415422,145.5611820933626,208.32716012547343,38.056802434955664,5.8320322937629925,2.0188930704847157,48.215895642317136,0.7199702459688093,41.35844227763919,1.2027673890512518,153.5131309656906,201.72079939226012,1.8003264691530798,207.43346719513968,0.3848155529181938,525.8179219055022,1.1375164062261693,58.98683660676832,202.44832450215247,342.27545743271713,17.647965421593995,35.97591720803696,72.10490081735101,4.683018285574901,14.68839755503433,38.070249598875364,0.38162730160269076,52.46169842795727,45.32331601932127,2.1375619137161976,70.98158628299325,1.0926348627392202,179.11952445279883,46.48298547685862,278.971956106862,109.87788478888483,74.3553650867789,0.5019407119431689,143.4023073811736,0.6517800032193101,1.890002401684372,11.736724910922847,0.5554254047424837,0.13251833408499303,0.5000078554557655,1.9995984113761116,1.0003002233657123,0.500506057110774,0.5000078554557655,1.000015710911531,2.5000392772788276,1.000015710911531,5.500086410013421,0.8846547942869056,3.898761666558764,2.0048967004526275,101.71660769343531,31.3643754218525,1.5056771814076333,4.500070699101889,38.1986477928142,0.2217341998003824,22123.350580365575,720.6000771952293,2927.129762587557,528.1270228199774,147.14372498855442,6.28331739824469,67.60219523285227,0.9658960158844894,22.828107493575814,28.416585972509083,109.67986746655419,32.14335229039374,0.802414290180439,0.6909398046385086,15.07669554598072,51.90069533451775,28.25363057962651,114.6849682144819,14.72164660686085,0.2809914961656188,1.1014934008502917,37.02472628687682,13.454303714407136,16.164471457204478,27.312995280737272,110.04763760785293,7.306345985951266,1.2158157120437,81.65642187611864,23.662001919277305,6.586541476864957,12.03722614986102,3.4444985598063833,0.6000094265469186,0.20000314218230622,2.9120241776341085,4.170641863685281,3.938940871466256,1.7026754809905822,1.7026948412502623,2.357277951208329,1.339540707847317,391.88592915686525,0.664210584289862,1.6666375304540073,0.33331090977123795
2020-02-28 18:00:00,0.14424839100351167,35.86092890564166,104.19327281871794,35.86092890564165,104.19327281871796,35.86092890564165,104.19327281871796,35.86092890564165,104.19327281871799,35.86092890564166,104.19327281871797,35.86092890564165,104.19327281871796,35.86092890564166,104.19327281871794,35.86092890564164,104.19327281871796,35.86092890564165,104.19327281871797,0.0,35.86092890564164,104.19327281871797,35.86092890564164,104.19327281871796,35.86092890564165,104.19327281871799,35.86092890564164,104.19327281871794,35.86092890564165,104.19327281871797,35.86092890564165,104.19327281871797,35.86092890564165,104.19327281871796,35.86092890564165,104.19327281871799,35.86092890564164,104.19327281871796,35.86092890564166,104.19327281871794,0.0,35.86092890564165,104.19327281871794,35.86092890564164,104.19327281871796,0.0,35.86092890564165,104.19327281871794,0.0,35.86092890564164,104.19327281871793,-0.0002365435503516554,35.86092890564164,104.19327281871796,0.0,35.86092890564164,104.19327281871796,0.0,37.089483859173995,-95.71093974747478,1.0879905395846845,0.006979298365845613,0.00023918499501577326,37.089483859173995,-95.71093974747478,0.9999796134825225,0.0,0.0,37.089483859173995,-95.71093974747478,0.0,0.0004756969129381455,37.089483859173995,-95.71093974747478,2.047816838153645,0.0008240404927921229,0.0005437967085910444,37.089483859173995,-95.71093974747481,1.0010498132187813,0.0,0.0001310281652943245,56.12922169731251,-106.34460295969436,0.0,0.0004925576633284819,-25.273882743043444,133.77240879085187,4.003745350098957,8.55974688266422e-05,-25.273882743043444,133.77240879085184,0.0,51.16464790974618,10.451312929782535,0.0,0.0,56.1292216973125,-106.3446029596943,-9.645425689572967e-06,0.006012598445664187,-25.273882743043437,133.77240879085187,0.0,-25.273882743043444,133.77240879085187,0.0,37.089483859173995,-95.71093974747478,2.0003492688695923,0.0,37.089483859173995,-95.71093974747478,0.9999796134825225,0.0,0.03730571423359242,37.089483859173995,-95.71093974747475,1.0060422856478264,0.0012834579319137797,37.089483859173995,-95.71093974747478,0.9999796134825225,0.0,37.089483859173995,-95.71093974747478,0.9987311831814698,0.0,0.0,37.089483859173995,-95.71093974747478,0.9999796134825225,0.0,0.0,37.089483859174,-95.71093974747478,0.0,37.089483859173995,-95.71093974747478,1.999959226965045,0.0,0.0,56.12922169731251,-106.34460295969434,0.9999796134825225,0.0,56.129221697312516,-106.34460295969434,0.0,37.089483859173995,-95.71093974747478,0.9999796134825225,0.0,-9.064788800895642e-05,0.0,0.0,60.99875642243386,0.0,0.0,0.0,0.0,37.089483859173995,-95.71093974747477,0.0,37.089483859173995,-95.71093974747478,0.9999796134825225,0.0,0.0,37.089483859173995,-95.71093974747478,0.9999796134825225,0.0,0.0,0.0,0.0,0.0,0.0,37.089483859173995,-95.71093974747478,1.005782852857278,0.0,0.0,37.089483859173995,-95.71093974747478,10.999775748307748,0.0,0.0,37.089483859173995,-95.71093974747478,4.999898067412612,0.0,0.0,37.089483859173995,-95.71093974747478,1.999959226965045,0.0,0.0,37.089483859173995,-95.71093974747478,0.0,0.0,37.089483859173995,-95.71093974747478,0.0,0.0,37.089483859173995,-95.71093974747478,0.0,0.0,37.089483859173995,-95.71093974747481,36.310269917081776,0.0,0.0,1.9508442847919217e+38,6.317861384053194e+38,-2.1593177174872935e+38,7.54304360539358e+38,-9.000361171826891e+35,-5.748052652839494e+36,-1.00794375728183e+37,1.5623898090788275e+38,1.758162403409906e+37,2.851805737016963e+38,9.043158929788043e+29,3.552881930328981e+29,-7.061656678809815,0.15434035702512042,22.298645354692134,6.6245493154118e+47,-1.6627211738610523e+50,4.231296233314036e+45,-7.676380401123794e+49,9.597818252834373e+40,1.6649452929760219e+41,0.7049875917690823,0.3537095772406095,174.5619930924387,101.55715357622479,2.4034716645630407,0.20887012584599002,218.22806496621178,26.898098000292535,1.0901326166918348,1.9184058420460475,135.96165396198225,57.304338894779065,316.3323661178049,0.9405829641902579,37.17027112855773,91.12626887166765,11.93552723082275,145.49057875335856,208.07360374847065,37.860475394664306,5.795459732426739,2.012658361212387,47.86515980018869,0.7177146463691055,41.297094855159784,1.194385054798836,152.43140251233987,201.39639807951545,1.8059306501995893,207.44169669547057,0.3852153497816737,525.7463652606652,1.1354774594688453,58.44908842977546,201.38716687933788,342.11712637915474,17.40575659697587,35.88253773107916,72.13025389358573,4.675311482071412,14.65453334896252,38.026432926359014,0.37891935343525784,52.39263444853903,45.487775551200926,2.1402881548380637,71.2650561965062,1.088264466053427,178.16394531228235,46.527004862045814,278.68493183092056,109.87440578369764,74.35132584151876,0.5015952619176871,143.2899994442209,0.6504264752161342,1.8833091957944594,11.785558365841108,0.5644864817158468,0.13129667653872076,0.49998980674126126,1.999521541305755,1.0003696553870696,0.5006315357072182,0.49998980674126126,0.9999796134825225,2.499949033706306,0.9999796134825225,5.499887874153874,0.8916055214422778,3.889735131423862,2.0048511531326536,101.7837152674987,31.36324326632451,1.5056692565577552,4.499908260671351,38.19726894150029,0.22347190410099,22107.72407164037,719.9503217141453,2922.87009419684,528.3815899572696,147.6219209253075,6.267094013372248,67.60189373010004,0.9659248504065568,22.831567932768195,28.42758504971455,109.66708334005372,32.019321426603526,0.7999962708885162,0.6908901015301031,15.074303164856891,51.87181073532251,28.25320131389377,114.68005086430159,14.728887737214734,0.2808890168695294,1.1069446599877293,37.09824617182735,13.56930116484601,16.049209704782914,27.313240804419166,110.04285330452386,7.305444041187742,1.214164294633337,81.69148377049723,23.733402984674356,6.527577036883482,12.036791643771101,3.4443742242175763,0.5999877680895135,0.1999959226965045,2.921089960275845,4.171246834505515,3.950154133745345,1.7055285659596437,1.705400999033682,2.3558780458028394,1.3388806973687224,392.1734760053271,0.6693360339832612,1.6665765519199947,0.33329846921873607
2020-02-28 19:00:00,0.14384316166913536,35.85965655582392,104.1895760296016,35.85965655582392,104.18957602960162,35.85965655582391,104.18957602960162,35.85965655582392,104.18957602960162,35.85965655582392,104.18957602960164,35.85965655582392,104.18957602960162,35.85965655582392,104.18957602960161,35.85965655582391,104.18957602960162,35.85965655582391,104.18957602960164,0.0,35.85965655582391,104.18957602960164,35.8596565558239,104.18957602960162,35.85965655582392,104.18957602960164,35.8596565558239,104.18957602960161,35.85965655582391,104.18957602960164,35.85965655582391,104.18957602960164,35.85965655582392,104.18957602960162,35.85965655582392,104.18957602960164,35.85965655582391,104.18957602960162,35.85965655582392,104.1895760296016,0.0,35.85965655582391,104.1895760296016,35.8596565558239,104.18957602960162,0.0,35.85965655582391,104.18957602960161,0.0,35.8596565558239,104.1895760296016,-0.00023971851034042257,35.85965655582391,104.18957602960162,0.0,35.85965655582391,104.18957602960161,0.0,37.088167920087415,-95.70754391249618,1.0886481586469259,0.00703393406772003,0.00024102103579799966,37.088167920087415,-95.70754391249618,0.9999441340926187,0.0,0.0,37.088167920087415,-95.70754391249618,0.0,0.00047933890163987577,37.088167920087415,-95.70754391249618,2.048126596502482,0.0008306733424575871,0.0005480554741090528,37.088167920087415,-95.7075439124962,1.0010218134423086,0.0,0.0001318689791962686,56.12723022617175,-106.34082984114103,0.0,0.0004949132572108625,-25.272986022822217,133.7676625306423,4.00359054895888,8.37352758534908e-05,-25.272986022822217,133.76766253064227,0.0,51.16283258224549,10.450942116016492,0.0,0.0,56.12723022617175,-106.34082984114099,-1.0086320565174962e-05,0.006774387424912494,-25.27298602282221,133.7676625306423,0.0,-25.272986022822217,133.7676625306423,0.0,37.088167920087415,-95.70754391249616,2.0004085493217465,0.0,37.088167920087415,-95.70754391249618,0.9999441340926187,0.0,0.03823767223996713,37.088167920087415,-95.70754391249615,1.0077347372423473,0.0016284789200235782,37.088167920087415,-95.70754391249618,0.9999441340926187,0.0,37.088167920087415,-95.70754391249618,0.9986747519860355,0.0,0.0,37.088167920087415,-95.70754391249618,0.9999441340926187,0.0,0.0,37.088167920087415,-95.70754391249616,0.0,37.088167920087415,-95.70754391249618,1.9998882681852375,0.0,0.0,56.127230226171754,-106.34082984114103,0.9999441340926187,0.0,56.12723022617176,-106.34082984114103,0.0,37.088167920087415,-95.70754391249616,0.9999441340926187,0.0,-9.14920347305009e-05,0.0,0.0,60.996592179649724,0.0,0.0,0.0,0.0,37.088167920087415,-95.70754391249616,0.0,37.088167920087415,-95.70754391249618,0.9999441340926187,0.0,0.0,37.088167920087415,-95.70754391249618,0.9999441340926187,0.0,0.0,0.0,0.0,0.0,0.0,37.088167920087415,-95.70754391249618,1.0049761633690126,0.0,0.0,37.088167920087415,-95.70754391249618,10.999385475018807,0.0,0.0,37.088167920087415,-95.70754391249618,4.999720670463093,0.0,0.0,37.088167920087415,-95.70754391249618,1.9998882681852375,0.0,0.0,37.088167920087415,-95.70754391249618,0.0,0.0,37.088167920087415,-95.70754391249618,0.0,0.0,37.088167920087415,-95.70754391249618,0.0,0.0,37.088167920087415,-95.70754391249619,36.31365770766741,0.0,0.0,1.9669868086888403e+38,6.3701393793625045e+38,-2.1771465491971392e+38,7.605324229468274e+38,-9.071796794162717e+35,-5.793674790733233e+36,-1.0161356040555938e+37,1.5750877972596151e+38,1.7728365331549304e+37,2.8756077289782505e+38,9.117682309307698e+29,3.58216072223546e+29,-7.100159657888147,0.15397710725057565,22.293940873151026,6.679365041333111e+47,-1.6764497584732647e+50,4.2648799166733344e+45,-7.738768536938745e+49,9.676912500515951e+40,1.6784778646127882e+41,0.707754809130153,0.3549989432814307,174.40057402239077,101.43574978121408,2.3495867268128334,0.20946619271619882,218.3696213888016,26.790994068107473,1.0907501099093464,1.918810388475599,136.14949592775557,57.06661926100921,315.68120155903637,0.9331850793339921,36.925357762523674,90.96610478146287,11.97507155666803,145.4388917792889,207.90700211974533,37.74487869394924,5.7711286779357245,2.0071230292048945,47.55513348195806,0.715645749359742,41.247028964424686,1.1869172576223757,151.47822999385426,201.1480698458731,1.8122427184192365,207.4788335519884,0.3856448217397449,525.7817467611901,1.1337239668585923,57.96409461836081,200.49208974793004,342.0075031399084,17.174045356183044,35.82104468462568,72.16498050356246,4.670265698137059,14.631776255031792,37.991720130257356,0.37679643484091857,52.329209208714026,45.681842211344026,2.1428425762103833,71.5305501011525,1.0842841331688557,177.29683725779,46.623395433342225,278.437515466186,109.88286932528247,74.34760608439954,0.5013444096706983,143.1933323331698,0.6492664251291217,1.8768789466917117,11.85032339660384,0.5701834531167399,0.130181672649809,0.49997206704630937,1.9994463006902947,1.000464415229127,0.5007863065063212,0.49997206704630937,0.9999441340926187,2.4998603352315465,0.9999441340926187,5.499692737509403,0.8982703057697792,3.881099012117904,2.00480618666032,101.84817223930264,31.362130494902484,1.5056620392353304,4.499748603416784,38.19591369807357,0.22513780849099638,22107.368714938668,719.98737187436,2927.0518713386064,528.655948370624,148.12935563493963,6.253441524598325,67.62202412073063,0.9665606673840088,22.859651285093538,28.438697367047805,109.65429730052978,31.89432259114035,0.7975596865339595,0.6908458233054852,15.07229006110681,51.85073874956623,28.252086811661123,114.67617379602964,14.739695191264492,0.28089765018197815,1.1134952737523058,37.17434171493663,13.688264270134459,15.943541565076728,27.313290937372162,110.03828300188607,7.3046584959180665,1.2127953695372626,81.72415678324778,23.80001338411113,6.481775703804056,12.036364577040779,3.44425201743013,0.5999664804555711,0.19998882681852378,2.9297817684076684,4.172062883993709,3.960903320927587,1.7082630649569148,1.7079222669855247,2.35521983131413,1.3383445023314167,392.3497169842709,0.6725586914381966,1.6665165926885313,0.3332862292979562
2020-02-28 20:00:00,0.14361757666409652,35.85840628795167,104.18594339917387,35.85840628795167,104.18594339917391,35.85840628795167,104.1859433991739,35.85840628795167,104.18594339917391,35.858406287951674,104.1859433991739,35.85840628795167,104.1859433991739,35.858406287951674,104.1859433991739,35.85840628795166,104.18594339917391,35.85840628795167,104.18594339917392,0.0,35.85840628795167,104.18594339917391,35.85840628795166,104.1859433991739,35.85840628795167,104.18594339917391,35.85840628795166,104.1859433991739,35.85840628795167,104.1859433991739,35.85840628795167,104.18594339917392,35.858406287951674,104.18594339917388,35.858406287951674,104.18594339917392,35.85840628795167,104.1859433991739,35.858406287951674,104.18594339917388,0.0,35.85840628795167,104.18594339917388,35.85840628795167,104.1859433991739,0.0,35.85840628795167,104.1859433991739,0.0,35.85840628795166,104.18594339917388,-0.00024292773548179568,35.85840628795167,104.18594339917388,0.0,35.85840628795167,104.1859433991739,0.0,37.08687481944886,-95.70420701307276,1.0893021472500255,0.0070882216477923116,0.0002428438801307625,37.08687481944886,-95.70420701307276,0.9999092704562939,0.0,0.0,37.08687481944885,-95.70420701307276,0.0,0.0004829543127859164,37.08687481944885,-95.70420701307276,2.048435411919831,0.0008372714475789805,0.0005522871904509773,37.08687481944885,-95.70420701307279,1.0009943446763954,0.0,0.00013269680828202797,56.12527331750474,-106.33712220599257,0.0,0.0004971920014700049,-25.27210486540202,133.7629986429515,4.003437072841541,8.178062251273585e-05,-25.272104865402014,133.76299864295146,0.0,51.16104876020216,10.450577737814989,0.0,0.0,56.12527331750475,-106.33712220599253,-1.0539458252980215e-05,0.0077259265477021555,-25.27210486540201,133.76299864295152,0.0,-25.272104865402017,133.7629986429515,0.0,37.08687481944886,-95.70420701307276,2.0004987325417494,0.0,37.08687481944886,-95.70420701307276,0.9999092704562939,0.0,0.03882548104042731,37.08687481944886,-95.70420701307275,1.0097650725969802,0.0020406348982583834,37.08687481944886,-95.70420701307276,0.9999092704562939,0.0,37.08687481944886,-95.70420701307276,0.998618609593258,0.0,0.0,37.08687481944886,-95.70420701307276,0.9999092704562939,0.0,0.0,37.08687481944886,-95.70420701307276,0.0,37.08687481944886,-95.70420701307276,1.9998185409125877,0.0,0.0,56.12527331750475,-106.33712220599256,0.9999092704562939,0.0,56.12527331750476,-106.33712220599256,0.0,37.08687481944886,-95.70420701307276,0.9999092704562939,0.0,-9.233634189377777e-05,0.0,0.0,60.994465497833914,0.0,0.0,0.0,0.0,37.08687481944886,-95.70420701307276,0.0,37.08687481944886,-95.70420701307276,0.9999092704562939,0.0,0.0,37.08687481944886,-95.70420701307276,0.9999092704562939,0.0,0.0,0.0,0.0,0.0,0.0,37.08687481944886,-95.70420701307276,1.0042769198494685,0.0,0.0,37.08687481944886,-95.70420701307276,10.999001975019235,0.0,0.0,37.08687481944886,-95.70420701307276,4.99954635228147,0.0,0.0,37.08687481944886,-95.70420701307276,1.9998185409125877,0.0,0.0,37.08687481944886,-95.70420701307276,0.0,0.0,37.08687481944886,-95.70420701307276,0.0,0.0,37.08687481944886,-95.70420701307276,0.0,0.0,37.08687481944885,-95.70420701307278,36.31418386158486,0.0,0.0,1.983062316934916e+38,6.422200342694463e+38,-2.1948998503886472e+38,7.667341006315291e+38,-9.142817079091988e+35,-5.839031674684848e+36,-1.0242876397142688e+37,1.5877240751712966e+38,1.787454670329378e+37,2.8993188988779894e+38,9.191884362674714e+29,3.6113132713222944e+29,-7.136162969717064,0.15371715330279617,22.285924382692425,6.733953199894311e+47,-1.6901201829587339e+50,4.2982683394680536e+45,-7.800853476011403e+49,9.755665713605822e+40,1.691944713051565e+41,0.7103366153258803,0.3561624244254826,174.26034087942293,101.38610474308224,2.2967855391315646,0.2102144588686988,218.53040524491706,26.711246034392587,1.0917565398756686,1.9200226452031326,136.4720273709659,56.88466554194703,315.1162654687511,0.9267776728332746,36.71584724764772,90.81590610020834,12.042118353757752,145.40817310763524,207.83009685752495,37.71264806568177,5.760487020751073,2.0024584357944413,47.29573844994866,0.7137696351334082,41.20873479698938,1.1806268155341404,150.68970224751197,200.99830779716282,1.8190116751039003,207.542435672546,0.3860755749051267,525.909138890617,1.1323313854615855,57.54847633115015,199.79761358104884,341.9482355235572,16.958179662619425,35.794731283937466,72.20914950695534,4.667964900416357,14.621348989961243,37.96723244933089,0.3753424584022795,52.271605688531544,45.89638780514842,2.1450566905920807,71.76305246350289,1.080836485254758,176.55048915208195,46.767546011185004,278.24022710629737,109.90190628924444,74.34415375096029,0.501198430251453,143.11694013449068,0.6483573860957611,1.8708515910802854,11.93116834612233,0.5723423369633851,0.1292175375626099,0.4999546352281469,1.9993728288089652,1.000589462085455,0.5009749526772761,0.4999546352281469,0.9999092704562939,2.499773176140735,0.9999092704562939,5.4995009875096175,0.9044902299233561,3.8730466709763194,2.0047617788894265,101.9082937314122,31.361037035903458,1.505655509370267,4.499591717053322,38.194581975231394,0.22669213671747057,22121.920532236003,720.6951609853853,2939.5063343311267,528.931318931513,148.63559101172058,6.242875168339574,67.6622432248104,0.9677932621115035,22.909522817510283,28.449602474341035,109.64174499168779,31.771668726778984,0.7951683004179597,0.6908060201985471,15.070586081331001,51.838327242455115,28.250244597888763,114.67339520381674,14.754130386972676,0.28102408980423477,1.1211184848217552,37.2514104895139,13.808716207672031,15.847781119854666,27.313178677353786,110.0339038303867,7.303971908866815,1.2116650492972196,81.75223124421626,23.858082304738538,6.449663368183318,12.035944922159091,3.444131931571678,0.5999455622737763,0.19998185409125882,2.937891126458047,4.173117481853792,3.970929895533851,1.7108126836027862,1.7101922633454874,2.355345235318959,1.3379321473108052,392.40888240663264,0.6737807378817685,1.6664576490228835,0.33327418928329466
2020-02-28 21:00:00,0.14357979809547605,35.85717801371064,104.18237467083922,35.85717801371064,104.18237467083927,35.85717801371064,104.18237467083927,35.85717801371064,104.18237467083928,35.857178013710644,104.18237467083927,35.85717801371064,104.18237467083927,35.857178013710644,104.18237467083925,35.85717801371063,104.18237467083927,35.857178013710644,104.1823746708393,0.0,35.857178013710644,104.18237467083927,35.85717801371064,104.18237467083925,35.857178013710644,104.18237467083927,35.85717801371063,104.18237467083925,35.85717801371064,104.18237467083927,35.85717801371064,104.18237467083928,35.85717801371064,104.18237467083924,35.857178013710644,104.18237467083928,35.85717801371064,104.18237467083925,35.857178013710644,104.18237467083925,0.0,35.857178013710644,104.18237467083924,35.85717801371064,104.18237467083925,0.0,35.857178013710644,104.18237467083925,0.0,35.85717801371063,104.18237467083925,-0.0002461708226109468,35.85717801371064,104.18237467083925,0.0,35.85717801371064,104.18237467083925,0.0,37.08560446591849,-95.70092881349835,1.0899522385264149,0.007142140061083185,0.0002446527981706417,37.08560446591849,-95.70092881349835,0.9998750201109102,0.0,0.0,37.08560446591849,-95.70092881349835,0.0,0.00048654169255306834,37.08560446591849,-95.70092881349835,2.0487431366002475,0.000843832366322547,0.0005564902181521827,37.08560446591849,-95.70092881349838,1.0009674010198881,0.0,0.00013351121379549195,56.12335083308273,-106.33347979235539,0.0,0.0004993920558750203,-25.271239208541157,133.75841679833974,4.003285074585792,7.973265034159557e-05,-25.271239208541154,133.75841679833974,0.0,51.15929631761363,10.450219769439702,0.0,0.0,56.12335083308274,-106.33347979235535,-1.1004896272612773e-05,0.008890828010467033,-25.271239208541147,133.75841679833977,0.0,-25.271239208541154,133.75841679833974,0.0,37.08560446591849,-95.70092881349834,2.0006255392713292,0.0,37.08560446591849,-95.70092881349835,0.9998750201109102,0.0,0.0390516454042752,37.08560446591849,-95.70092881349834,1.0121834424534002,0.0025298648549963694,37.08560446591849,-95.70092881349835,0.9998750201109102,0.0,37.08560446591849,-95.70092881349835,0.9985627546519528,0.0,0.0,37.08560446591849,-95.70092881349835,0.9998750201109102,0.0,0.0,37.08560446591849,-95.70092881349834,0.0,37.08560446591849,-95.70092881349835,1.9997500402218205,0.0,0.0,56.12335083308274,-106.33347979235538,0.9998750201109102,0.0,56.12335083308275,-106.33347979235538,0.0,37.08560446591849,-95.70092881349834,0.9998750201109102,0.0,-9.318056770986436e-05,0.0,0.0,60.992376226765515,0.0,0.0,0.0,0.0,37.08560446591849,-95.70092881349834,0.0,37.08560446591849,-95.70092881349835,0.9998750201109102,0.0,0.0,37.08560446591849,-95.70092881349835,0.9998750201109102,0.0,0.0,0.0,0.0,0.0,0.0,37.08560446591849,-95.70092881349835,1.003674467631575,0.0,0.0,37.08560446591849,-95.70092881349835,10.998625221220015,0.0,0.0,37.08560446591849,-95.70092881349835,4.999375100554552,0.0,0.0,37.08560446591849,-95.70092881349835,1.9997500402218205,0.0,0.0,37.08560446591849,-95.70092881349835,0.0,0.0,37.08560446591849,-95.70092881349835,0.0,0.0,37.08560446591849,-95.70092881349835,0.0,0.0,37.08560446591849,-95.70092881349836,36.311797099032546,0.0,0.0,1.9990651340686696e+38,6.474025893915336e+38,-2.2125713299981538e+38,7.729071959656169e+38,-9.213395127470585e+35,-5.884106125639627e+36,-1.0323968969565916e+37,1.6002940432702811e+38,1.8020117296077256e+37,2.922930998126384e+38,9.265738709462071e+29,3.640329213230927e+29,-7.1687110510509875,0.15357769978590474,22.275237376042504,6.7882945187348175e+47,-1.7037276030628883e+50,4.331448855733768e+45,-7.862612619726443e+49,9.834049893641924e+40,1.7053409370926345e+41,0.7126666241542193,0.3571682630805912,174.14674783380687,101.40578422001272,2.2465365313925028,0.2111153000661871,218.70156799135057,26.663720618856523,1.0930951372899944,1.9218712637833537,136.89868897711227,56.76758001650725,314.65561312496203,0.9215684891938051,36.550735250829874,90.67881613243087,12.135650496301603,145.39937151121825,207.8431835287985,37.764141671267836,5.764491587326674,1.9988081780821925,47.09529111738059,0.7120870988686948,41.18221129943123,1.1757350917289435,150.0962080034804,200.9623909656068,1.825956242480964,207.62865181240335,0.38647903644167597,526.1090587841975,1.1313595801233267,57.216757598769576,199.33025616566388,341.9376945418003,16.76306006760306,35.80503251537954,72.2627851498478,4.668418162507251,14.623811836437024,37.95372610268501,0.3746153304785872,52.219847743322546,46.12110836042501,2.1467849410803255,71.9496813046604,1.0780468820031701,175.9532841464202,46.95227233661892,278.1014150582138,109.92948980348747,74.34092846583356,0.5011620725351015,143.06454882748912,0.6477456176214443,1.8653545713038988,12.02816337459051,0.5709002342974273,0.1284432907103374,0.4999375100554551,1.9993013062320588,1.0007505191604187,0.5012024424829534,0.4999375100554551,0.9998750201109102,2.499687550277276,0.9998750201109102,5.499312610610008,0.9101061980204344,3.8657728084297194,2.0047179072338523,101.96240113361812,31.359962812089556,1.505649646409112,4.499437590499095,38.19327367890584,0.22809505487648318,22150.75430012928,722.0457986662427,2959.913657978813,529.18880392518,149.11007583074417,6.235789581973674,67.72179105525285,0.9696000349681808,22.976975932855453,28.45999175793587,109.6296533189942,31.654550543316624,0.7928835188446898,0.690769956137842,15.069136925911245,51.83496806170322,28.247688890653446,114.6716951157141,14.771985470665719,0.28126607988057534,1.1297086915847028,37.32769246315528,13.927937170703228,15.761970926217742,27.31293291751298,110.02969570593461,7.3033689978827105,1.2107348872971277,81.77379641439413,23.904384511786976,6.431186263754871,12.035532649483176,3.4440139581598013,0.599925012066546,0.1999750040221821,2.9452093568026996,4.174441968016195,3.979974944792753,1.7131110311531408,1.7121474764703666,2.3562991335619774,1.3376433262806273,392.34888574078735,0.6729670173831777,1.666399716895945,0.3332623483925173
2020-02-28 22:00:00,0.1437278990340263,35.855971639312976,104.17886957209882,35.855971639312976,104.17886957209885,35.855971639312976,104.17886957209883,35.855971639312976,104.17886957209886,35.85597163931298,104.17886957209886,35.855971639312976,104.17886957209886,35.85597163931298,104.17886957209883,35.85597163931297,104.17886957209885,35.85597163931298,104.17886957209888,0.0,35.85597163931298,104.17886957209885,35.855971639312976,104.17886957209885,35.85597163931298,104.17886957209888,35.85597163931297,104.17886957209883,35.855971639312976,104.17886957209886,35.855971639312976,104.17886957209886,35.855971639312976,104.17886957209885,35.85597163931298,104.17886957209886,35.855971639312976,104.17886957209883,35.85597163931298,104.17886957209883,0.0,35.85597163931298,104.17886957209882,35.855971639312976,104.17886957209885,0.0,35.85597163931298,104.17886957209883,0.0,35.85597163931297,104.17886957209883,-0.000249447349418605,35.855971639312976,104.17886957209885,0.0,35.855971639312976,104.17886957209883,0.0,37.08435676249541,-95.69770906345809,1.0905981622037184,0.007195668006932512,0.00024644705155830874,37.08435676249541,-95.69770906345809,0.9998413804412,0.0,0.0,37.08435676249542,-95.69770906345809,0.0,0.0004900995702414373,37.08435676249542,-95.69770906345809,2.049049620627636,0.0008503536252451368,0.000560662897688074,37.0843567624954,-95.69770906345813,1.0009409763865522,0.0,0.00013431175351596417,56.121462626109775,-106.32990232210419,0.0,0.0005015115726387837,-25.27038898614031,133.75391664694925,4.0031347594795434,7.759051501115763e-05,-25.270388986140304,133.75391664694925,0.0,51.157575120667886,10.449868183557093,0.0,0.0,56.12146262610978,-106.32990232210415,-1.1482689310516811e-05,0.01029557133225896,-25.270388986140304,133.75391664694928,0.0,-25.270388986140308,133.75391664694925,0.0,37.08435676249542,-95.69770906345809,2.000795503707682,0.0,37.08435676249541,-95.6977090634581,0.9998413804412,0.0,0.03890994492471586,37.08435676249541,-95.69770906345808,1.0150433299930213,0.003106748982422914,37.08435676249541,-95.69770906345809,0.9998413804412,0.0,37.08435676249542,-95.69770906345809,0.9985071857794001,0.0,0.0,37.08435676249541,-95.69770906345809,0.9998413804412,0.0,0.0,37.08435676249542,-95.69770906345809,0.0,37.08435676249541,-95.69770906345809,1.9996827608824,0.0,0.0,56.12146262610979,-106.32990232210418,0.9998413804412,0.0,56.12146262610979,-106.32990232210418,0.0,37.08435676249541,-95.69770906345809,0.9998413804412,0.0,-9.402446596238571e-05,0.0,0.0,60.990324206913186,0.0,0.0,0.0,0.0,37.08435676249541,-95.69770906345808,0.0,37.08435676249541,-95.69770906345809,0.9998413804412,0.0,0.0,37.08435676249541,-95.69770906345809,0.9998413804412,0.0,0.0,0.0,0.0,0.0,0.0,37.08435676249541,-95.69770906345809,1.0031582312099603,0.0,0.0,37.08435676249541,-95.69770906345809,10.998255184853202,0.0,0.0,37.08435676249541,-95.69770906345809,4.999206902206,0.0,0.0,37.08435676249541,-95.69770906345809,1.9996827608824,0.0,0.0,37.08435676249541,-95.69770906345809,0.0,0.0,37.08435676249541,-95.69770906345809,0.0,0.0,37.08435676249541,-95.69770906345809,0.0,0.0,37.08435676249542,-95.6977090634581,36.306539411231604,0.0,0.0,2.0149895074761255e+38,6.5255974030309526e+38,-2.2301546118602e+38,7.790494815930273e+38,-9.283503707256197e+35,-5.92888075193849e+36,-1.0404603697240346e+37,1.6127930419362523e+38,1.8165025551482152e+37,2.9464356637535885e+38,9.339218613941302e+29,3.669198044011585e+29,-7.196892823274319,0.1535670309072514,22.26269308529298,6.8423694635047116e+47,-1.7172671090009042e+50,4.364408663002193e+45,-7.924023074297784e+49,9.912036665068004e+40,1.7186615715091563e+41,0.714681319194973,0.3579876804943066,174.06432364604782,101.48762628907839,2.200213165613813,0.2121678213090853,218.87376412192265,26.651831658639566,1.0946912719501494,1.9241531008989015,137.39339727328465,56.721583122885335,314.3139887304922,0.9177271637851673,36.437488829026314,90.55762739929926,12.254064671520377,145.41226259006777,207.94408091605163,37.89740264454839,5.783562664025045,1.9962831903278273,46.96021811402792,0.7105946903894744,41.16697960706677,1.172414739322677,149.72142865670457,201.04716624554408,1.8327819666042353,207.73241912153304,0.3868284152691557,526.3584063008693,1.130849739340968,56.98080576875243,199.1070447241355,341.97098587924256,16.593075532463896,35.851409179058315,72.32583344004084,4.671558725377855,14.639021692980222,37.95156010502661,0.3746447815828003,52.173831406179545,46.34516185127967,2.147914958334332,72.08060602547312,1.0760186860594425,175.52863117113728,47.16817960193089,278.0268271151518,109.96305045645003,74.33789985118344,0.501234208290555,143.03879548060317,0.647463860937282,1.8605011083109506,12.14124275079741,0.5659087114714422,0.12789133174783057,0.4999206902206,1.9992319661505547,1.0009541232664814,0.5014740647118116,0.4999206902206,0.9998413804412,2.499603451103,0.9998413804412,5.499127592426601,0.9149660683206849,3.8594643834096605,2.00467454870954,102.00889395667946,31.358907741435814,1.5056444293512656,4.4992862119854,38.19198870919875,0.22930845098247188,22192.982618887585,723.9995131652862,2987.8011114788305,529.4106838812736,149.52424666127953,6.232436314752025,67.79948743949711,0.9719458908583811,23.0566736302916,28.469577209367365,109.61823399672947,31.545946581188907,0.7907626460384398,0.6907370778229905,15.067901865710258,51.84056807913897,28.244488616089352,114.67097813340143,14.792794358483441,0.28161272844580987,1.1390851249947023,37.40131403522567,14.043032321185871,15.685935556080118,27.31257869210163,110.02564116494004,7.3028365109868085,1.2099715525744965,81.78737782151316,23.936453151387624,6.425724491099778,12.035127727532961,3.443898088186355,0.5999048282647199,0.19996827608824005,2.9515369504529656,4.176071126964809,3.987790747915799,1.7150945864840068,1.7137303528888368,2.358130310360147,1.3374777292902231,392.17143576769405,0.6701469693265074,1.6663427920308902,0.3332507057948451
2020-02-28 23:00:00,0.14404985417947244,35.854787066171276,104.17542781650873,35.854787066171276,104.17542781650874,35.85478706617127,104.17542781650874,35.854787066171276,104.17542781650877,35.85478706617128,104.17542781650876,35.854787066171276,104.17542781650876,35.85478706617128,104.17542781650874,35.85478706617127,104.17542781650876,35.85478706617128,104.17542781650877,0.0,35.85478706617128,104.17542781650874,35.85478706617127,104.17542781650876,35.85478706617128,104.17542781650877,35.85478706617126,104.17542781650873,35.85478706617127,104.17542781650876,35.85478706617127,104.17542781650876,35.85478706617127,104.17542781650874,35.854787066171276,104.17542781650877,35.85478706617127,104.17542781650874,35.85478706617128,104.17542781650872,0.0,35.854787066171276,104.17542781650872,35.85478706617127,104.17542781650873,0.0,35.854787066171276,104.17542781650874,0.0,35.85478706617126,104.17542781650873,-0.00025275687421136284,35.85478706617127,104.17542781650874,0.0,35.85478706617127,104.17542781650874,0.0,37.08313160721472,-95.69454749982737,1.0912396446150237,0.007248783928226393,0.0002482258933812452,37.08313160721472,-95.69454749982737,0.9998083486980597,0.0,0.0,37.083131607214725,-95.69454749982737,0.0,0.0004936264581982689,37.083131607214725,-95.69454749982737,2.04935471201152,0.0008568327192940896,0.0005648035494393716,37.08313160721471,-95.6945474998274,1.0009150645233542,0.0,0.00013509798167302015,56.11960854227769,-106.32638950288072,0.0,0.00050354869585666,-25.26955412871755,133.74949782101834,4.002986399380813,7.535338554318788e-05,-25.269554128717544,133.74949782101834,0.0,51.15588502870518,10.449522951434838,0.0,0.0,56.1196085422777,-106.32638950288069,-1.1972889327920618e-05,0.011968978492201764,-25.269554128717544,133.74949782101837,0.0,-25.269554128717544,133.74949782101834,0.0,37.083131607214725,-95.69454749982735,2.001016004454904,0.0,37.08313160721472,-95.69454749982737,0.9998083486980597,0.0,0.03840578954230073,37.08313160721472,-95.69454749982737,1.018400598109973,0.0037823116857069435,37.08313160721472,-95.69454749982737,0.9998083486980597,0.0,37.08313160721472,-95.69454749982737,0.9984519015770273,0.0,0.0,37.08313160721472,-95.69454749982737,0.9998083486980597,0.0,0.0,37.083131607214725,-95.69454749982735,0.0,37.08313160721472,-95.69454749982737,1.9996166973961194,0.0,0.0,56.1196085422777,-106.32638950288072,0.9998083486980597,0.0,56.11960854227771,-106.3263895028807,0.0,37.08313160721472,-95.69454749982735,0.9998083486980597,0.0,-9.486778594418582e-05,0.0,0.0,60.98830927058163,0.0,0.0,0.0,0.0,37.08313160721472,-95.69454749982734,0.0,37.08313160721472,-95.69454749982737,0.9998083486980597,0.0,0.0,37.08313160721472,-95.69454749982737,0.9998083486980597,0.0,0.0,0.0,0.0,0.0,0.0,37.08313160721472,-95.69454749982737,1.0027180029630407,0.0,0.0,37.08313160721472,-95.69454749982737,10.99789183567866,0.0,0.0,37.08313160721472,-95.69454749982737,4.999041743490299,0.0,0.0,37.08313160721472,-95.69454749982737,1.9996166973961194,0.0,0.0,37.08313160721472,-95.69454749982737,0.0,0.0,37.08313160721472,-95.69454749982737,0.0,0.0,37.08313160721472,-95.69454749982737,0.0,0.0,37.083131607214725,-95.69454749982737,36.29854335954907,0.0,0.0,2.0308296073926477e+38,6.576895990192592e+38,-2.247643234691816e+38,7.851587004239958e+38,-9.353115252149123e+35,-5.973337948449963e+36,-1.0484750131392483e+37,1.625216351376751e+38,1.8309219206565564e+37,2.969824418513142e+38,9.412296984949049e+29,3.697909120071066e+29,-7.219884419828144,0.1536838176565532,22.249228090730945,6.896158237870832e+47,-1.7307337254456725e+50,4.39713480166233e+45,-7.985061650299742e+49,9.98959727509277e+40,1.731901586945728e+41,0.7163231416675057,0.35859637078726003,174.01651797913325,101.62009050149985,2.1590646246605925,0.2133692583167213,219.03774511004121,26.67737588206164,1.0964564164512929,1.926643489116979,137.91635296045615,56.749688388641914,314.1022817715891,0.9153789655391794,36.381791120411044,90.45476361863243,12.39516467633082,145.44544768840325,208.12815456643418,38.108172886372905,5.817558836704059,1.994958132977216,46.89484574880732,0.7092857525379699,41.162115294849855,1.17078439628842,149.58159214527797,201.25042410683167,1.8391996195634097,207.84773202258208,0.38710056657564995,526.6316322698774,1.1308222551871945,56.849393234268625,199.13448364948388,342.0401878116047,16.4520754394094,35.931347535489195,72.39812522710582,4.677244719376516,14.66613224670266,37.960679801492425,0.37543129276322373,52.133356151539076,46.557853452553495,2.148375558842913,72.14976080874297,1.074829589151514,175.29413388693942,47.40415638951026,278.01931595191036,109.99962916461877,74.33504620916926,0.5014078263921029,143.04110465818607,0.6475298046124448,1.8563894710425828,12.270141577901212,0.5575304787064844,0.12758634109394418,0.49990417434902984,1.9991651084726392,1.001207655756844,0.5017953301918834,0.49990417434902984,0.9998083486980597,2.4995208717451494,0.9998083486980597,5.49894591783933,0.9189320820988647,3.8542911901078263,2.0046316799672876,102.04632488219119,31.35787173771969,1.5056398367769557,4.4991375691412685,38.19072696109976,0.2302977876774856,22247.45606791907,726.504645422547,3022.542091964431,529.5816507773898,149.85352498923731,6.23290820290441,67.89372999575667,0.9747831789560428,23.14246861135822,28.47809790283691,109.60767878125455,31.44855676430499,0.788857595046336,0.6907069906388634,15.066851967095088,51.85454871324916,28.240762032431878,114.67108084462268,14.815860222941913,0.28204535608109754,1.149000428098685,37.47034659149262,14.151022155085291,15.619335079639093,27.31213748323037,110.02172515685153,7.302363065128393,1.2093464234010605,81.79204441566495,23.95276096986954,6.432128475929115,12.034730123217384,3.4437843121822054,0.5998850092188357,0.199961669739612,2.9566933287650206,4.178042554239373,3.9941528187636424,1.7167057859674366,1.7148922855684048,2.360891738960748,1.337435269001971,391.8819264575786,0.665412768900481,1.6662868699323927,0.33323926061716636
2020-02-29 00:00:00,0.14452412740527795,35.853624191418035,104.17204910518933,35.853624191418035,104.17204910518933,35.853624191418035,104.17204910518933,35.85362419141804,104.17204910518936,35.85362419141804,104.17204910518934,35.853624191418035,104.17204910518934,35.85362419141804,104.17204910518932,35.853624191418035,104.17204910518933,35.85362419141804,104.17204910518936,0.0,35.85362419141804,104.17204910518933,35.853624191418035,104.17204910518934,35.853624191418035,104.17204910518936,35.85362419141803,104.17204910518932,35.853624191418035,104.17204910518934,35.853624191418035,104.17204910518933,35.853624191418035,104.17204910518933,35.853624191418035,104.17204910518934,35.85362419141803,104.17204910518932,35.85362419141804,104.17204910518929,0.0,35.853624191418035,104.17204910518929,35.85362419141803,104.1720491051893,0.0,35.853624191418035,104.17204910518932,0.0,35.85362419141802,104.17204910518932,-0.0002560989353438004,35.853624191418035,104.17204910518933,0.0,35.853624191418035,104.17204910518932,0.0,37.08192889368479,-95.69144384805824,1.0918764087101684,0.007301466011077916,0.000249988568155532,37.08192889368479,-95.69144384805824,0.9997759220130363,0.0,0.0,37.081928893684804,-95.69144384805824,0.0,0.0004971208517803912,37.08192889368479,-95.69144384805824,2.0496582567166834,0.0008632671118340854,0.0005689104736864977,37.08192889368479,-95.69144384805827,1.000889659024622,0.0,0.00013586944889164428,56.11778842057916,-106.32294102963425,0.0,0.0005055015611372857,-25.268734563774448,133.7451599368193,4.00284035019266,7.30204437823477e-05,-25.268734563774444,133.74515993681928,0.0,51.154225894959126,10.44918404309322,0.0,0.0,56.11778842057917,-106.3229410296342,-1.2475545634004197e-05,0.013941495542284382,-25.26873456377444,133.74515993681933,0.0,-25.268734563774444,133.7451599368193,0.0,37.0819288936848,-95.69144384805821,2.001295268586621,0.0,37.08192889368479,-95.69144384805824,0.9997759220130363,0.0,0.03755588947242017,37.08192889368479,-95.69144384805824,1.0223121535919453,0.004567746528233229,37.08192889368479,-95.69144384805824,0.9997759220130363,0.0,37.08192889368479,-95.69144384805824,0.998396900642762,0.0,0.0,37.08192889368479,-95.69144384805824,0.9997759220130363,0.0,0.0,37.081928893684804,-95.69144384805823,0.0,37.08192889368479,-95.69144384805824,1.9995518440260727,0.0,0.0,56.117788420579174,-106.32294102963424,0.9997759220130363,0.0,56.117788420579174,-106.32294102963422,0.0,37.08192889368479,-95.69144384805823,0.9997759220130363,0.0,-9.571027235491395e-05,0.0,0.0,60.986331242795195,0.0,0.0,0.0,0.0,37.08192889368479,-95.69144384805821,0.0,37.08192889368479,-95.69144384805824,0.9997759220130363,0.0,0.0,37.08192889368479,-95.69144384805824,0.9997759220130363,0.0,0.0,0.0,0.0,0.0,0.0,37.08192889368479,-95.69144384805824,1.002344151953193,0.0,0.0,37.08192889368479,-95.69144384805824,10.997535142143402,0.0,0.0,37.08192889368479,-95.69144384805824,4.998879610065181,0.0,0.0,37.08192889368479,-95.69144384805824,1.9995518440260727,0.0,0.0,37.08192889368479,-95.69144384805824,0.0,0.0,37.08192889368479,-95.69144384805824,0.0,0.0,37.08192889368479,-95.69144384805824,0.0,0.0,37.081928893684804,-95.69144384805824,36.288024157365015,0.0,0.0,2.046579526957702e+38,6.627902525874466e+38,-2.2650306521407266e+38,7.912325656518948e+38,-9.422201860887226e+35,-6.017459896119793e+36,-1.0564377434908032e+37,1.6375591916035285e+38,1.8452645294791762e+37,2.9930886710331578e+38,9.484946376041895e+29,3.726451658233583e+29,-7.236990608268671,0.15391710443599146,22.235844741781055,6.949640783702839e+47,-1.7441224115648712e+50,4.429614154628848e+45,-8.045704862550933e+49,1.006670259385384e+41,1.7450558898933506e+41,0.7175434784464512,0.35897582699518016,174.00559301185882,101.78791855243605,2.1241961667023874,0.21471436174156172,219.18495659326194,26.740448648327998,1.098292992809835,1.9291080461699035,138.4261243391993,56.85153456330055,314.02713978693225,0.9146003394214175,36.38735981059918,90.37228095567622,12.556163236830573,145.4964222162037,208.38839830326572,38.389962553242114,5.8657729337122735,1.9948690069394206,46.90125996170774,0.708151410126241,41.16629883081876,1.170905220130222,149.68497476729323,201.56091188682328,1.8449437366983124,207.96797098103542,0.38727762281926525,526.9020817485222,1.1312756309894672,56.8278828622807,199.40801704979188,342.13480409301553,16.343369623837056,36.040475779498635,72.47933822151609,4.6852616605606245,14.703635626076728,37.98061626161072,0.37694612229152913,52.098154670665906,46.74932496063344,2.14814184564501,72.15529558339054,1.0745290069692817,175.26099910376328,47.64797927351546,278.07868748105227,110.03605906312211,74.33235355677971,0.5016703745492779,143.0716253601504,0.6479453016656161,1.853103027116122,12.414330779014579,0.5460296692170203,0.1275445045481673,0.49988796100651817,1.999101117277983,1.0015193465735845,0.5021718342706349,0.49988796100651817,0.9997759220130363,2.4994398050325906,0.9997759220130363,5.498767571071701,0.9218880573403908,3.85039675562897,2.0045892773185767,102.07347251926461,31.356854710975345,1.505635846868986,4.498991649058663,38.18948832503956,0.23103389503667265,22312.766979336426,729.4978098640208,3063.3575303004986,529.6898867953178,150.0790627987152,6.237131215127594,68.00249765200317,0.9780517972999112,23.22778399066547,28.485324314058776,109.59815629305282,31.36475806606951,0.7872140282470553,0.6906794410109525,15.065968796294747,51.87587412861647,28.236668241248836,114.67178352526597,14.840298289384535,0.28253883589043316,1.1591538661292384,37.53287741089401,14.248951938586302,15.561716018055705,27.311627560702007,110.01793481350352,7.301938967416229,1.2088351368015222,81.78747707862277,23.952835405201334,6.448777905233438,12.03433980200877,3.443672620267124,0.5998655532078216,0.1999551844026073,2.9605262992495636,4.180395770298022,3.998871559124249,1.7178960115012838,1.71559626625713,2.364640097375715,1.3375161995926317,391.4891146563879,0.6589138482231901,1.6662319459106942,0.3332280119488289
2020-02-29 01:00:00,0.14512083299225265,35.85248290830963,104.16873312799893,35.852482908309625,104.16873312799893,35.85248290830964,104.16873312799895,35.85248290830964,104.16873312799896,35.85248290830963,104.16873312799896,35.85248290830963,104.16873312799898,35.85248290830964,104.16873312799893,35.85248290830963,104.16873312799895,35.85248290830963,104.16873312799896,0.0,35.85248290830963,104.16873312799896,35.852482908309625,104.16873312799895,35.85248290830964,104.16873312799896,35.852482908309625,104.16873312799893,35.85248290830963,104.16873312799895,35.852482908309625,104.16873312799895,35.852482908309625,104.16873312799893,35.85248290830963,104.16873312799896,35.852482908309625,104.16873312799893,35.85248290830963,104.16873312799892,0.0,35.85248290830963,104.16873312799892,35.852482908309625,104.16873312799893,0.0,35.852482908309625,104.16873312799893,0.0,35.85248290830962,104.16873312799892,-0.0002594730502704593,35.852482908309625,104.16873312799895,0.0,35.852482908309625,104.16873312799893,0.0,37.080748511505085,-95.68839782325752,1.0925081740679117,0.007353692184857444,0.00025173431182225767,37.080748511505085,-95.68839782325752,0.9997440974095907,0.0,0.0,37.0807485115051,-95.68839782325752,0.0,0.0005005812293463092,37.08074851150509,-95.68839782325752,2.049960098687926,0.000869654234695154,0.0005729819506264618,37.080748511505085,-95.68839782325755,1.0008647533431274,0.0,0.00013662570216033327,56.116002093939954,-106.31955658581943,0.0,0.0005073682953788978,-25.26793021608077,133.74090259616523,4.002697073375485,7.059088406165953e-05,-25.267930216080764,133.7409025961652,0.0,51.15259756713302,10.448851427422868,0.0,0.0,56.116002093939954,-106.3195565858194,-1.2990704932769326e-05,0.016244247491856864,-25.267930216080764,133.74090259616523,0.0,-25.267930216080764,133.74090259616523,0.0,37.08074851150509,-95.6883978232575,2.001642339282688,0.0,37.080748511505085,-95.68839782325753,0.9997440974095907,0.0,0.036387270903449925,37.080748511505085,-95.68839782325752,1.0268341885021113,0.005474054910932571,37.080748511505085,-95.68839782325752,0.9997440974095907,0.0,37.080748511505085,-95.68839782325753,0.9983421815809043,0.0,0.0,37.080748511505085,-95.68839782325752,0.9997440974095907,0.0,0.0,37.0807485115051,-95.68839782325752,0.0,37.080748511505085,-95.68839782325752,1.9994881948191814,0.0,0.0,56.11600209393996,-106.31955658581941,0.9997440974095907,0.0,56.11600209393997,-106.31955658581943,0.0,37.080748511505085,-95.6883978232575,0.9997440974095907,0.0,-9.655166514848041e-05,0.0,0.0,60.984389941985015,0.0,0.0,0.0,0.0,37.080748511505085,-95.68839782325749,0.0,37.080748511505085,-95.68839782325752,0.9997440974095907,0.0,0.0,37.080748511505085,-95.68839782325752,0.9997440974095907,0.0,0.0,0.0,0.0,0.0,0.0,37.080748511505085,-95.68839782325752,1.0020277632601726,0.0,0.0,37.080748511505085,-95.68839782325752,10.997185071505498,0.0,0.0,37.080748511505085,-95.68839782325752,4.998720487047954,0.0,0.0,37.080748511505085,-95.68839782325752,1.9994881948191814,0.0,0.0,37.080748511505085,-95.68839782325752,0.0,0.0,37.080748511505085,-95.68839782325752,0.0,0.0,37.080748511505085,-95.68839782325752,0.0,0.0,37.0807485115051,-95.68839782325752,36.27526726156032,0.0,0.0,2.0622332823112553e+38,6.6785976311858246e+38,-2.282310232883646e+38,7.97268760787567e+38,-9.49073529704006e+35,-6.06122856183951e+36,-1.0643454382536766e+37,1.6498167224643113e+38,1.8595250147201527e+37,3.0162197160060094e+38,9.557138985875906e+29,3.754814735889743e+29,-7.24768157708233,0.1542469783123482,22.223547865613295,7.00279678140055e+47,-1.7574280610966614e+50,4.4618334472453774e+45,-8.105928930270202e+49,1.0143323114820476e+41,1.758119322723364e+41,0.7183053140782819,0.35911438673043405,174.03255916620984,101.97306935605104,2.0965577177281065,0.21619480813063366,219.30809804345873,26.839442059968427,1.100099872327596,1.9313153998215844,138.88189600465066,57.02338052754811,314.09073596054657,0.9154162304342031,36.4558377892297,90.3118823894561,12.733699315503387,145.56171067890162,208.71558087661202,38.73418289391343,5.9269498774084095,1.9960119311079185,46.97923343833962,0.7071814758191777,41.17788309963571,1.1727791551649116,150.0316387928766,201.95898894111932,1.8497900090596686,208.0862755871663,0.3873482655261191,527.1434414307491,1.1321864482463373,56.91803650400758,199.91201003497167,342.24240611520855,16.26974698882057,36.17279320581448,72.56896067129952,4.6953269411144944,14.749443994132694,38.01050165249177,0.3791324368245955,52.067920146040564,46.911201053028634,2.1472369944671597,72.09972652835124,1.07513652271982,175.43368079598187,47.88699956950772,278.20169653186645,110.06916544058457,74.32981499523176,0.5020044350222943,143.12922994109974,0.64869635613368,1.8507108252542421,12.572955004485669,0.5317566102441216,0.12777305348802726,0.49987204870479535,1.9990404823120869,1.001898241873097,0.5026090761602617,0.49987204870479535,0.9997440974095907,2.499360243523977,0.9997440974095907,5.498592535752749,0.9237457814216015,3.847890266002736,2.0045473167562142,102.08940601939024,31.35585656784696,1.5056324374298358,4.498848438343157,38.18827268732017,0.23149456177538844,22387.259839242808,732.9043584355536,3109.3214336234514,529.7279054986215,150.18910117481562,6.244864143951956,68.1233646175418,0.98167960824988,23.3060316613601,28.491060784475977,109.58981020386612,31.296579152416456,0.7858708669679471,0.6906543048758699,15.065243579413647,51.90310699555563,28.232396046895914,114.67282549582013,14.865091847749612,0.28306335203072364,1.1692085879953038,37.58708922349233,14.334014501637284,15.51255803539818,27.31106433326454,110.01425921023406,7.301556030261997,1.208417122795592,81.77399296421066,23.937298035226974,6.473662000114528,12.033956728078405,3.443563002188589,0.5998464584457542,0.19994881948191817,2.9629204634095534,4.183171039764169,4.001802601591384,1.7186282425367863,1.7158189771425847,2.3694344556399383,1.3377211245078242,391.0046151369838,0.6508483023405054,1.666178015100332,0.3332169588453706
2020-02-29 02:00:00,0.14580341900884897,35.85136310654378,104.16547956445632,35.85136310654377,104.16547956445632,35.851363106543786,104.1654795644563,35.851363106543786,104.16547956445635,35.85136310654378,104.16547956445632,35.85136310654377,104.16547956445635,35.851363106543786,104.1654795644563,35.85136310654378,104.16547956445632,35.85136310654378,104.16547956445632,0.0,35.85136310654378,104.16547956445632,35.85136310654377,104.16547956445632,35.851363106543786,104.16547956445632,35.85136310654377,104.1654795644563,35.85136310654378,104.16547956445632,35.85136310654377,104.16547956445632,35.85136310654377,104.1654795644563,35.85136310654378,104.16547956445633,35.851363106543765,104.1654795644563,35.85136310654378,104.16547956445629,0.0,35.85136310654378,104.1654795644563,35.85136310654377,104.1654795644563,0.0,35.85136310654377,104.1654795644563,0.0,35.851363106543765,104.16547956445629,-0.00026287871413190576,35.85136310654377,104.1654795644563,0.0,35.85136310654377,104.1654795644563,0.0,37.079590346594486,-95.68540913103423,1.0931346569089537,0.0074054401224995375,0.0002534623517554096,37.079590346594486,-95.68540913103423,0.999712871811951,0.0,0.0,37.0795903465945,-95.68540913103423,0.0,0.0005040060522715421,37.079590346594486,-95.68540913103423,2.050260079871253,0.0008759914882381431,0.000577016240407719,37.079590346594486,-95.68540913103423,1.0008403407988675,0.0,0.00013736628481676087,56.11424938971586,-106.31623584433791,0.0,0.000509147016656275,-25.267141007898232,133.73672538759428,4.00255716227424,6.806391301370993e-05,-25.26714100789823,133.73672538759425,0.0,51.15099988785289,10.44852507227727,0.0,0.0,56.11424938971587,-106.31623584433788,-1.351841135012119e-05,0.018907839072279192,-25.267141007898232,133.73672538759428,0.0,-25.267141007898232,133.73672538759428,0.0,37.07959034659449,-95.6854091310342,2.0020669963960462,0.0,37.079590346594486,-95.68540913103422,0.999712871811951,0.0,0.03493572864845547,37.079590346594486,-95.68540913103422,1.0320199765640405,0.006511593760425805,37.079590346594486,-95.68540913103423,0.999712871811951,0.0,37.079590346594486,-95.68540913103422,0.9982877430101462,0.0,0.0,37.079590346594486,-95.68540913103423,0.999712871811951,0.0,0.0,37.07959034659449,-95.6854091310342,0.0,37.079590346594486,-95.68540913103423,1.999425743623902,0.0,0.0,56.11424938971588,-106.3162358443379,0.999712871811951,0.0,56.11424938971587,-106.3162358443379,0.0,37.079590346594486,-95.6854091310342,0.999712871811951,0.0,-9.739169931459891e-05,0.0,0.0,60.98248518052898,0.0,0.0,0.0,0.0,37.079590346594486,-95.68540913103419,0.0,37.079590346594486,-95.68540913103423,0.999712871811951,0.0,0.0,37.079590346594486,-95.68540913103423,0.999712871811951,0.0,0.0,0.0,0.0,0.0,0.0,37.079590346594486,-95.68540913103423,1.001760719138718,0.0,0.0,37.079590346594486,-95.68540913103423,10.99684158993146,0.0,0.0,37.079590346594486,-95.68540913103423,4.998564359059754,0.0,0.0,37.079590346594486,-95.68540913103423,1.999425743623902,0.0,0.0,37.079590346594486,-95.68540913103423,0.0,0.0,37.079590346594486,-95.68540913103423,0.0,0.0,37.079590346594486,-95.68540913103423,0.0,0.0,37.07959034659449,-95.6854091310342,36.26061257933357,0.0,0.0,2.07778481272528e+38,6.7289616782969376e+38,-2.299475260766335e+38,8.03264939708268e+38,-9.55868698919713e+35,-6.10462569856674e+36,-1.0721949361386355e+37,1.661984043719338e+38,1.8736979393794102e+37,3.0392087344124894e+38,9.628846658772399e+29,3.7829872912189e+29,-7.251621916494111,0.154645881664999,22.213279833528457,7.055605650340515e+47,-1.7706455024575777e+50,4.493779247373013e+45,-8.165709777452844e+49,1.0219428955394298e+41,1.7710866637690696e+41,0.7185853220162912,0.3590079043761984,174.0971536096075,102.15587182522415,2.0769387824590573,0.2177986886250537,219.40160391023738,26.971125772548277,1.1017782380484837,1.9330500898214997,139.24575184086103,57.25826442767767,314.290689292048,0.9177991633277957,36.58675424297623,90.27493888630491,12.923878068815622,145.63706242198325,209.09846702076305,39.13035191113729,5.9993272025175335,1.9983430490583314,47.12621821805131,0.7063652523444264,41.19497618074298,1.176348868777879,150.6134001069766,202.41788798974366,1.8535702332785244,208.19594223394313,0.3873085363419259,527.3312072035228,1.1335103970540314,57.11794562157627,200.62025936690443,342.349425175994,16.23350305182261,36.32100229986577,72.66625984512561,4.70709659763672,14.801007554966434,38.04910069154011,0.381907550910224,52.04233040431836,47.037144626748656,2.145730577996073,71.98977252149243,1.0766413551561826,175.80975508833518,48.10887595046658,278.38219043421736,110.09597086120502,74.32743040142724,0.5023887042720941,143.21157487161446,0.6497538773917829,1.84926845369926,12.744778866117002,0.5151284422124299,0.1282701110657375,0.4998564359059755,1.998983825297345,1.002354124584095,0.5031122327861884,0.4998564359059755,0.999712871811951,2.499282179529877,0.999712871811951,5.49842079496573,0.9244500643831665,3.8468401936709054,2.004505773971105,102.09353598029793,31.354877211866388,1.5056295858952895,4.498707923153779,38.18707993045311,0.23166578998820278,22469.05145024262,736.639289875608,3159.372389639523,529.693088272888,150.17983235624916,6.255706316329689,68.2535298825298,0.9855833157371834,23.371041423661687,28.495146544046634,109.58275848480156,31.24568974563658,0.7848600879759167,0.6906315820379089,15.064676801699513,51.93448933017442,28.228150803900647,114.67392325064542,14.889158417972174,0.2835864758253454,1.1788120421103623,37.63134334987236,14.403678561305576,15.471315310200705,27.310460695199847,110.01068912988231,7.301207388929336,1.2080751447402358,81.75252373046642,23.907825007859007,6.504479078289508,12.033580864403111,3.4434554473522745,0.5998277230871703,0.1999425743623902,2.9638038706486247,4.186407861555496,4.002854965392866,1.7188791473222724,1.7155521356808634,2.375334095423861,1.3380508932127984,390.4422579839709,0.6414519469313621,1.6661250724748633,0.3332061003314562
2020-02-29 03:00:00,0.1465307915387152,35.85026467251169,104.16228808447318,35.850264672511685,104.16228808447318,35.85026467251169,104.16228808447318,35.850264672511685,104.1622880844732,35.85026467251169,104.16228808447319,35.85026467251169,104.16228808447322,35.8502646725117,104.16228808447318,35.850264672511685,104.16228808447319,35.85026467251169,104.16228808447319,0.0,35.85026467251169,104.16228808447319,35.850264672511685,104.16228808447319,35.850264672511685,104.16228808447319,35.850264672511685,104.16228808447316,35.85026467251169,104.16228808447319,35.850264672511685,104.16228808447318,35.850264672511685,104.16228808447316,35.85026467251169,104.16228808447319,35.85026467251168,104.16228808447316,35.85026467251169,104.16228808447315,0.0,35.850264672511685,104.16228808447316,35.850264672511685,104.16228808447319,0.0,35.850264672511685,104.16228808447318,0.0,35.85026467251168,104.16228808447316,-0.00026631539774804765,35.850264672511685,104.16228808447316,0.0,35.850264672511685,104.16228808447316,0.0,37.07845428145209,-95.68247746817244,1.0937555701097892,0.00745668724103353,0.00025517190677891953,37.07845428145209,-95.68247746817244,0.9996822420521437,0.0,0.0,37.0784542814521,-95.68247746817244,0.0,0.0005073937649824629,37.078454281452096,-95.68247746817244,2.0505580402324743,0.0008822762414351527,0.0005810115831796797,37.07845428145209,-95.68247746817244,1.0008164145861076,0.0,0.00013809073654691536,56.112530130087386,-106.31297846828589,0.0,0.0005108358341914306,-25.266366859158218,133.7326278873104,4.002421374130365,6.543874949047068e-05,-25.266366859158214,133.73262788731037,0.0,51.14943269502719,10.448204944546271,0.0,0.0,56.1125301300874,-106.31297846828586,-1.4058706446266455e-05,0.02196088425281223,-25.266366859158218,133.7326278873104,0.0,-25.266366859158218,133.7326278873104,0.0,37.078454281452096,-95.68247746817241,2.0025796185980487,0.0,37.07845428145209,-95.68247746817242,0.9996822420521437,0.0,0.03324385429469768,37.07845428145209,-95.68247746817244,1.0379172281887838,0.007689532648807533,37.07845428145209,-95.68247746817244,0.9996822420521437,0.0,37.07845428145208,-95.68247746817242,0.9982335835701776,0.0,0.0,37.07845428145209,-95.68247746817244,0.9996822420521437,0.0,0.0,37.0784542814521,-95.68247746817241,0.0,37.07845428145209,-95.68247746817244,1.9993644841042875,0.0,0.0,56.11253013008741,-106.31297846828588,0.9996822420521437,0.0,56.1125301300874,-106.31297846828589,0.0,37.07845428145209,-95.68247746817242,0.9996822420521437,0.0,-9.823010457225877e-05,0.0,0.0,60.98061676518074,0.0,0.0,0.0,0.0,37.07845428145209,-95.6824774681724,0.0,37.07845428145209,-95.68247746817244,0.9996822420521437,0.0,0.0,37.07845428145209,-95.68247746817244,0.9996822420521437,0.0,0.0,0.0,0.0,0.0,0.0,37.07845428145209,-95.68247746817244,1.0015357332367212,0.0,0.0,37.07845428145209,-95.68247746817244,10.996504662573582,0.0,0.0,37.07845428145209,-95.68247746817244,4.998411210260719,0.0,0.0,37.07845428145209,-95.68247746817244,1.9993644841042875,0.0,0.0,37.07845428145209,-95.68247746817244,0.0,0.0,37.07845428145209,-95.68247746817244,0.0,0.0,37.07845428145209,-95.68247746817244,0.0,0.0,37.0784542814521,-95.68247746817242,36.244436630455304,0.0,0.0,2.093227980766726e+38,6.778974790966715e+38,-2.316518934980857e+38,8.092187267195603e+38,-9.626028031476039e+35,-6.147632845649664e+36,-1.0799830371659306e+37,1.6740561951555848e+38,1.8877777965114246e+37,3.0620467937792507e+38,9.700040885447676e+29,3.810958123475867e+29,-7.2486891652268195,0.1550804874926838,22.205858411155173,7.108046549429284e+47,-1.7837694988789335e+50,4.525437965629118e+45,-8.225023033431659e+49,1.0294989857683576e+41,1.78395262744748e+41,0.7183752088949918,0.3586599881308712,174.19786068192437,102.31632125512061,2.0659675536044446,0.21951013132600478,219.46200867192567,27.1308086774821,1.1032374664484188,1.934124835224957,139.48484778385108,57.5463242517376,314.6201367403041,0.9216700711172561,36.77755528350945,90.2625115114696,13.122339893536443,145.7176986370737,209.52412209675032,39.56638203299423,6.080698712064257,2.0017795736425867,47.33740462293596,0.7056922213209373,41.21553669926611,1.181499357987159,151.41402925716469,202.90550753110904,1.8561836230631918,208.29082309937436,0.3871621210244205,527.4440795206201,1.1351843471055385,57.4220844832968,201.4970302579048,342.4420437682003,16.236467472898298,36.476928024985305,72.77025877510168,4.720174638323114,14.855463345834469,38.094858127179016,0.3851662691414877,52.021068655582255,47.12327737277169,2.1437335681825664,71.8358900072033,1.079002838142673,176.38002422846182,48.30230991972972,278.6113973085887,110.11389149265169,74.32520643516798,0.5027992291559141,143.31522161874096,0.6510751808342777,1.84881893666293,12.92814742854849,0.4966072298741271,0.12902483832171563,0.49984112102607187,1.998931931929934,1.0028973765459048,0.5036858873504757,0.49984112102607187,0.9996822420521437,2.4992056051303595,0.9996822420521437,5.498252331286791,0.923982007205217,3.8472701835801453,2.0044646243661086,102.08564702286651,31.353916543673684,1.5056272693454629,4.498570089234645,38.18590993342797,0.23154260171222918,22556.063686793666,740.6087324368649,3212.3326705623003,529.5878721706296,150.05569353834807,6.269113285729958,68.38986682809961,0.9896699405896936,23.417471617389563,28.497455751931543,109.57709337729342,31.213399982075735,0.7842067154247647,0.6906113962961805,15.064278238174149,51.968044504354744,28.224140055125353,114.67479025360076,14.911422101040756,0.2840754327382386,1.1876183454316716,37.66426036393661,14.455813221060557,15.437452086712943,27.309827356909178,110.00721683750035,7.300887327476576,1.207794860843185,81.72454953883538,23.867031627573965,6.538752215521042,12.033212172849876,3.443349944846272,0.5998093452312858,0.19993644841042876,2.9631523341874537,4.190143108519361,4.001996299071243,1.718640427184555,1.7148029692651012,2.3823954551650366,1.3385063907391253,389.8173628186301,0.6309859570124077,1.6660731128585695,0.3331954354032129
2020-02-29 04:00:00,0.14725976806035862,35.849187489501894,104.1591583489465,35.84918748950189,104.1591583489465,35.849187489501894,104.1591583489465,35.849187489501894,104.15915834894652,35.8491874895019,104.1591583489465,35.849187489501894,104.15915834894653,35.8491874895019,104.15915834894649,35.849187489501894,104.1591583489465,35.8491874895019,104.15915834894653,0.0,35.8491874895019,104.15915834894652,35.84918748950189,104.1591583489465,35.849187489501894,104.1591583489465,35.84918748950189,104.1591583489465,35.849187489501894,104.1591583489465,35.84918748950189,104.15915834894649,35.84918748950189,104.1591583489465,35.8491874895019,104.1591583489465,35.84918748950189,104.15915834894649,35.8491874895019,104.15915834894648,0.0,35.84918748950189,104.15915834894648,35.84918748950189,104.1591583489465,0.0,35.849187489501894,104.15915834894649,0.0,35.84918748950188,104.1591583489465,-0.00026978254483659564,35.849187489501894,104.15915834894648,0.0,35.849187489501894,104.15915834894648,0.0,37.07734019536804,-95.67960252317536,1.094370623217353,0.007507410702294229,0.00025686218719100213,37.07734019536804,-95.67960252317536,0.9996522048756774,0.0,0.0,37.07734019536804,-95.67960252317536,0.0,0.0005107427950048881,37.07734019536804,-95.67960252317536,2.0508538177739792,0.0008885058319625999,0.0005849661991541915,37.07734019536802,-95.67960252317536,1.0007929677791432,0.0,0.0001387985933945918,56.110844132378716,-106.30978411155874,0.0,0.0005124328483883936,-25.26560768760541,133.72860965994357,4.002290668731779,6.27146245655262e-05,-25.26560768760541,133.72860965994354,0.0,51.1478958221376,10.447891010215468,0.0,0.0,56.11084413237873,-106.3097841115587,-1.461162921699696e-05,0.02542826275332436,-25.26560768760541,133.72860965994357,0.0,-25.26560768760541,133.72860965994357,0.0,37.07734019536804,-95.67960252317535,2.003190975670884,0.0,37.07734019536804,-95.67960252317536,0.9996522048756774,0.0,0.03135880768810522,37.07734019536804,-95.67960252317536,1.0445650425854767,0.009015227718703363,37.07734019536804,-95.67960252317536,0.9996522048756774,0.0,37.07734019536803,-95.67960252317535,0.9981797019272518,0.0,0.0,37.07734019536804,-95.67960252317536,0.9996522048756774,0.0,0.0,37.077340195368045,-95.67960252317533,0.0,37.07734019536804,-95.67960252317536,1.9993044097513548,0.0,0.0,56.11084413237874,-106.30978411155874,0.9996522048756774,0.0,56.11084413237873,-106.30978411155874,0.0,37.07734019536804,-95.67960252317535,0.9996522048756774,0.0,-9.906660494411875e-05,0.0,0.0,60.9787844974163,0.0,0.0,0.0,0.0,37.07734019536804,-95.67960252317532,0.0,37.07734019536804,-95.67960252317536,0.9996522048756774,0.0,0.0,37.07734019536804,-95.67960252317536,0.9996522048756774,0.0,0.0,0.0,0.0,0.0,0.0,37.07734019536804,-95.67960252317536,1.0013463484272036,0.0,0.0,37.07734019536804,-95.67960252317536,10.996174253632452,0.0,0.0,37.07734019536804,-95.67960252317536,4.998261024378387,0.0,0.0,37.07734019536804,-95.67960252317536,1.9993044097513548,0.0,0.0,37.07734019536804,-95.67960252317536,0.0,0.0,37.07734019536804,-95.67960252317536,0.0,0.0,37.07734019536804,-95.67960252317536,0.0,0.0,37.07734019536805,-95.67960252317535,36.227134076560475,0.0,0.0,2.1085565724869255e+38,6.828616845156238e+38,-2.333434370273709e+38,8.151277166280341e+38,-9.692729184283968e+35,-6.190231329313321e+36,-1.0877065027587342e+37,1.6860281567316006e+38,1.9017590094019193e+37,3.0847248484653395e+38,9.770692803878915e+29,3.838715893331116e+29,-7.238980178757713,0.15551401744504967,22.201921846582373,7.160098377746822e+47,-1.7967947485671721e+50,4.556795855745482e+45,-8.283844033588681e+49,1.0369975189422406e+41,1.796711864413612e+41,0.7176821884724928,0.3580817800074738,174.33197411203815,102.43543157869044,2.0641121677485623,0.2213091147807504,219.4881655975223,27.312577030480437,1.1044006504868544,1.9343913438289495,139.57332735124874,57.87527195203877,315.06795918945636,0.9269008937500782,37.023704392395445,90.27536951778008,13.324363271155182,145.79859764165565,209.97830670037078,40.028956074960696,6.168501070561977,2.0062020212396736,47.60584982209581,0.7051526174131648,41.237478057343274,1.1880612927180243,152.4096982127034,203.3866226257428,1.8576035160207927,208.36570080062722,0.3869200829580086,527.4651929531511,1.1371294040698583,57.82148836050541,202.4985992653613,342.50712548635164,16.280024040184095,36.63200245102236,72.87972480599427,4.734125124412177,14.909807031084789,38.14596180366863,0.38878529893346736,52.00384077997579,47.16843027149687,2.141390426818621,71.65154335272632,1.0821519155171837,177.12885134135803,48.45773670150384,278.8783513807574,110.12091056961205,74.32315686248548,0.5032108345681304,143.43581404267462,0.652606190185916,1.8493934676782418,13.1209670482856,0.4766772970550873,0.13001787924668454,0.4998261024378387,1.99888579051517,1.0035387707952068,0.5043337162971904,0.4998261024378387,0.9996522048756774,2.4991305121891934,0.9996522048756774,5.498087126816226,0.9223601903794473,3.8491575664273983,2.0044238430677526,102.06590897709644,31.35297446119536,1.5056254645139104,4.4984349219405475,38.18476257192954,0.2311293232917857,22646.070907025773,744.7120933627484,3266.9361157076637,529.4195736725485,149.8290669272894,6.284420210599645,68.52899632183936,0.9938389942921252,23.44117179768761,28.497897002610394,109.57288175747934,31.200665162809386,0.7839289191901626,0.6905940013485129,15.064067416842757,52.00169505363639,28.22055889398886,114.67515711378621,14.930887402242316,0.2844994128974766,1.1953111491271249,37.68479180960121,14.48879865648265,15.41047233780055,27.309173152061156,110.00383587092749,7.300591117021175,1.2075644167323583,81.69199428623297,23.81829044731471,6.573956488574121,12.032850614244262,3.4432464834606655,0.599791322925406,0.19993044097513551,2.960991023056816,4.194408814834734,3.9992547288690488,1.7179192904770295,1.7135937759872648,2.3906682358310913,1.3390882278197798,389.14598728000516,0.6197240654502996,1.6660221309359224,0.3331849630301225
2020-02-29 05:00:00,0.14794771939064205,35.84813143786768,104.15609001024495,35.84813143786767,104.15609001024495,35.84813143786768,104.15609001024495,35.84813143786767,104.15609001024497,35.84813143786768,104.15609001024495,35.84813143786768,104.15609001024498,35.84813143786768,104.15609001024494,35.84813143786767,104.15609001024495,35.84813143786768,104.15609001024498,0.0,35.84813143786768,104.15609001024498,35.84813143786767,104.15609001024495,35.84813143786767,104.15609001024495,35.84813143786767,104.15609001024495,35.84813143786768,104.15609001024495,35.84813143786767,104.15609001024494,35.84813143786767,104.15609001024495,35.84813143786768,104.15609001024495,35.848131437867664,104.15609001024492,35.84813143786768,104.15609001024492,0.0,35.84813143786767,104.15609001024492,35.84813143786767,104.15609001024497,0.0,35.84813143786767,104.15609001024494,0.0,35.848131437867664,104.15609001024495,-0.00027327956820671906,35.84813143786768,104.15609001024492,0.0,35.84813143786768,104.15609001024494,0.0,37.07624796459664,-95.67678397671219,1.0949795224644645,0.0075575874137836785,0.00025853239479451187,37.07624796459664,-95.67678397671219,0.9996227569462113,0.0,0.0,37.07624796459663,-95.67678397671219,0.0,0.0005140515530248028,37.07624796459664,-95.67678397671219,2.051147248550242,0.0008946775663056456,0.0005888782886772064,37.07624796459663,-95.67678397671219,1.000769993337098,0.0,0.00013948938777895328,56.10919120931984,-106.30665241934739,0.0,0.0005139361509170167,-25.264863408915808,133.72467025917433,4.002166254718569,5.9890781597984194e-05,-25.264863408915808,133.7246702591743,0.0,51.14638909847795,10.447583234415006,0.0,0.0,56.10919120931986,-106.30665241934734,-1.517721608671526e-05,0.02932912267310181,-25.264863408915808,133.7246702591743,0.0,-25.264863408915808,133.72467025917433,0.0,37.07624796459664,-95.67678397671219,2.0039119403272556,0.0,37.07624796459664,-95.67678397671219,0.9996227569462113,0.0,0.029330008503234327,37.07624796459664,-95.67678397671222,1.051990539016849,0.01049352851657734,37.07624796459664,-95.67678397671219,0.9996227569462113,0.0,37.07624796459663,-95.67678397671217,0.9981260967789671,0.0,0.0,37.07624796459664,-95.67678397671219,0.9996227569462113,0.0,0.0,37.07624796459665,-95.67678397671216,0.0,37.07624796459664,-95.67678397671219,1.9992455138924226,0.0,0.0,56.10919120931986,-106.30665241934739,0.9996227569462113,0.0,56.10919120931985,-106.30665241934739,0.0,37.07624796459664,-95.67678397671219,0.9996227569462113,0.0,-9.990091816948965e-05,0.0,0.0,60.97698817371887,0.0,0.0,0.0,0.0,37.07624796459664,-95.67678397671217,0.0,37.07624796459664,-95.67678397671219,0.9996227569462113,0.0,0.0,37.07624796459664,-95.67678397671219,0.9996227569462113,0.0,0.0,0.0,0.0,0.0,0.0,37.07624796459664,-95.67678397671219,1.0011869077232527,0.0,0.0,37.07624796459664,-95.67678397671219,10.995850326408323,0.0,0.0,37.07624796459664,-95.67678397671219,4.998113784731055,0.0,0.0,37.07624796459664,-95.67678397671219,1.9992455138924226,0.0,0.0,37.07624796459664,-95.67678397671219,0.0,0.0,37.07624796459664,-95.67678397671219,0.0,0.0,37.07624796459664,-95.67678397671219,0.0,0.0,37.07624796459665,-95.67678397671219,36.20909994591171,0.0,0.0,2.1237642976357346e+38,6.877867469722222e+38,-2.3502145971825967e+38,8.209894748240147e+38,-9.758760875291412e+35,-6.232402263281494e+36,-1.0953620558538669e+37,1.6978948487491776e+38,1.9156359317623704e+37,3.107233739977822e+38,9.840773200294756e+29,3.866249123259886e+29,-7.22280469428639,0.15590884802045918,22.20188528759835,7.2117397752734955e+47,-1.8097158848861341e+50,4.587839015025993e+45,-8.342147820198514e+49,1.0444353945021877e+41,1.8093589617433856e+41,0.7165285414415917,0.35729129970775403,174.49570138270144,102.49654772563221,2.0716823518053813,0.2231715267318013,219.48129991107004,27.509601264990316,1.1052093796099633,1.9337489045351237,139.49384406739446,58.23100667055605,315.6191647304762,0.9333189872156527,37.31885373793205,90.31400070052597,13.525003399028083,145.87480208486014,210.44596193171813,40.50399209675438,6.259922001106959,2.0114577160609954,47.922680971722954,0.7047378924030416,41.25877680074803,1.1958162059607407,153.5696908945709,203.82536791313402,1.8578788534863528,208.41661264371777,0.386600068436617,527.3830935635173,1.1392548551730413,58.304060396280704,203.57526160554548,342.53311768925073,16.36511755417778,36.77778702102891,72.99317329216206,4.74848702722129,14.961077857224703,38.20042016939493,0.39262865441277317,51.990389299983875,47.1742013617083,2.138868917295516,71.45226808218858,1.0859936663942371,178.03473024450633,48.56792321243866,279.17044194168955,110.1157160693505,74.3213032021006,0.5035986605887408,143.56830632032347,0.6542842670876826,1.8510118294048368,13.320712294737577,0.4558234146004452,0.13122210735824819,0.49981137847310564,1.9988466382583492,1.0042891833810446,0.5050581427313943,0.49981137847310564,0.9996227569462113,2.4990568923655276,0.9996227569462113,5.497925163204162,0.9196396791806214,3.852434628734677,2.004383404936345,102.0348655797753,31.352050859790808,1.5056241477953014,4.49830240625795,38.18363771851611,0.23043932126475358,22736.762856058223,748.8449126509215,3321.865243961456,529.1998630789155,149.51940979872222,6.300872293302643,68.66738476066547,0.9979853946591575,23.439470376449925,28.496412684362596,109.57016560914343,31.208091925259303,0.7840381425821175,0.6905797926000761,15.064074524812028,52.033389521576396,28.217576060833235,114.67479074927553,14.946709347014908,0.28483176573305796,1.2016253779143704,37.69227680439429,14.501613464710516,15.389943772928891,27.308505316972052,110.00054085023237,7.300314868614947,1.2073740748407107,81.65709049279094,23.765497309547037,6.607651904986431,12.032496148426613,3.4431450517036155,0.5997736541677264,0.19992455138924228,2.957393195147731,4.199229636089053,3.994717142002139,1.7167380123955276,1.711960613389677,2.400190755834796,1.3397963440094924,388.44420379549183,0.6079402423840666,1.6659721212593692,0.33317468215657897
2020-02-29 06:00:00,0.14855523562529982,35.847096395167604,104.15308271261718,35.8470963951676,104.15308271261718,35.847096395167604,104.15308271261716,35.8470963951676,104.15308271261719,35.84709639516761,104.15308271261719,35.847096395167604,104.1530827126172,35.84709639516761,104.15308271261716,35.8470963951676,104.15308271261718,35.847096395167604,104.1530827126172,0.0,35.84709639516761,104.15308271261719,35.8470963951676,104.15308271261718,35.8470963951676,104.15308271261719,35.8470963951676,104.15308271261718,35.8470963951676,104.15308271261719,35.8470963951676,104.15308271261716,35.8470963951676,104.15308271261718,35.84709639516761,104.15308271261718,35.8470963951676,104.15308271261716,35.84709639516761,104.15308271261715,0.0,35.8470963951676,104.15308271261716,35.847096395167604,104.15308271261719,0.0,35.84709639516761,104.15308271261716,0.0,35.8470963951676,104.15308271261718,-0.0002768058445867718,35.847096395167604,104.15308271261716,0.0,35.847096395167604,104.15308271261716,0.0,37.075177462501756,-95.67402150199317,1.0955819707860486,0.007607194029659987,0.0002601817229322904,37.075177462501756,-95.67402150199317,0.9995938948494743,0.0,0.0,37.075177462501756,-95.67402150199317,0.0,0.000517318432959143,37.075177462501756,-95.67402150199317,2.0514381666824972,0.0009007887198727365,0.000592746032309186,37.07517746250175,-95.67402150199317,1.000747484108015,0.0,0.00014016264851840905,56.107571169266464,-106.30358302855512,0.0,0.000515343824834708,-25.26413393679576,133.72080922825808,4.002049644594109,5.6966476343213446e-05,-25.26413393679576,133.72080922825808,0.0,51.144912349354684,10.447281581460544,0.0,0.0,56.107571169266485,-106.30358302855507,-1.5755500895224712e-05,0.033674674661640286,-25.264133936795762,133.72080922825805,0.0,-25.264133936795762,133.72080922825808,0.0,37.075177462501756,-95.67402150199317,2.004753110922839,0.0,37.075177462501756,-95.67402150199317,0.9995938948494743,0.0,0.02720691421566237,37.075177462501756,-95.67402150199318,1.0602053004386292,0.01212604409961598,37.075177462501756,-95.67402150199317,0.9995938948494743,0.0,37.075177462501756,-95.67402150199314,0.9980727668584654,0.0,0.0,37.075177462501756,-95.67402150199317,0.9995938948494743,0.0,0.0,37.07517746250177,-95.67402150199314,0.0,37.075177462501756,-95.67402150199317,1.9991877896989485,0.0,0.0,56.107571169266485,-106.30358302855512,0.9995938948494743,0.0,56.10757116926648,-106.30358302855512,0.0,37.075177462501756,-95.67402150199317,0.9995938948494743,0.0,-0.00010073275489803218,0.0,0.0,60.97522758581791,0.0,0.0,0.0,0.0,37.075177462501756,-95.67402150199314,0.0,37.075177462501756,-95.67402150199317,0.9995938948494743,0.0,0.0,37.075177462501756,-95.67402150199317,0.9995938948494743,0.0,0.0,0.0,0.0,0.0,0.0,37.075177462501756,-95.67402150199317,1.0010525064466154,0.0,0.0,37.075177462501756,-95.67402150199317,10.995532843344218,0.0,0.0,37.075177462501756,-95.67402150199317,4.99796947424737,0.0,0.0,37.075177462501756,-95.67402150199317,1.9991877896989485,0.0,0.0,37.075177462501756,-95.67402150199317,0.0,0.0,37.075177462501756,-95.67402150199317,0.0,0.0,37.075177462501756,-95.67402150199317,0.0,0.0,37.07517746250177,-95.67402150199317,36.19071367397269,0.0,0.0,2.138844789897659e+38,6.926706047181676e+38,-2.3668525622985498e+38,8.268015373731376e+38,-9.824093200581523e+35,-6.27412654951075e+36,-1.1029463810273368e+37,1.709651132047889e+38,1.9294028479410997e+37,3.129564197314068e+38,9.910252510275373e+29,3.893546197974424e+29,-7.200666672631498,0.15622922344426735,22.205911850849297,7.262949123691828e+47,-1.8225274765589173e+50,4.6185533848869405e+45,-8.399909143384222e+49,1.0518094746737708e+41,1.8218884431409208e+41,0.7149503029374702,0.3563124131699324,174.68431046496687,102.4865215987987,2.088830174605124,0.22506951286931917,219.44489041932863,27.714499596940787,1.105627420961423,1.932150146846415,139.23858032769272,58.59834448190464,316.25543208581036,0.9407133757561714,37.655087100611894,90.37861178028871,13.719265023195305,145.94172894353414,210.91177770466396,40.97718955793509,6.3520271686417615,2.0173656462700835,48.27737788889522,0.7044410772813934,41.277579436191225,1.2045036446967234,154.85739550516803,204.1878204996085,1.8571302361215642,208.44110033709407,0.3862250489485948,527.1923940602157,1.1414628569359309,58.855010102448674,204.6737342994351,342.5108606263374,16.492244377680066,36.90649987606216,73.10888920156175,4.76279162745032,15.006545214311801,38.25615208581666,0.3965539032071779,51.98050428229199,47.14481372919164,2.1363484238319246,71.25459844977262,1.0904108721980965,179.0710935448395,48.62842832564424,279.474065500688,110.09779210280158,74.31967570827122,0.5039397132254114,143.7072324521321,0.6560415569250759,1.8536824091429462,13.524463681372639,0.4345112158064389,0.13260367537407614,0.4997969474247371,1.9988160162601534,1.005159216073365,0.505859969474545,0.4997969474247371,0.9995938948494743,2.498984737123685,0.9995938948494743,5.497766421672109,0.9159089476484289,3.856992512412564,2.0043432845749205,101.9934017029777,31.351145632375236,1.5056232952520505,4.498172526822633,38.18253524276919,0.22949421486732652,22825.82227161844,752.9023849331701,3375.797088372066,528.9439326765363,149.1518847428186,6.317661242227244,68.80146600486344,1.0020030920094873,23.411365216717712,28.492978479100028,109.56896239248752,31.2359428779423,0.7845392019191817,0.6905693251187939,15.064341776181216,52.06123042583086,28.2153217862655,114.67351114292325,14.958254637666029,0.2850519188602897,1.2063661815600146,37.68647841806452,14.4938907838577,15.375516603647473,27.307829740273334,109.99732730738859,7.300055401760863,1.207215883198141,81.62222430446757,23.712803299762793,6.637614895783295,12.032148734299223,3.4430456378148544,0.5997563369096841,0.19991877896989485,2.952476206224784,4.204620040521439,3.988524067950589,1.7151326224900634,1.7099512368776235,2.410984708994084,1.3406295415631089,387.72745020881973,0.595897632343861,1.6659230782558714,0.33316459170319856
2020-02-29 07:00:00,0.1490486366361042,35.84608223628556,104.15013609254062,35.846082236285554,104.1501360925406,35.84608223628556,104.1501360925406,35.846082236285554,104.15013609254063,35.84608223628557,104.15013609254062,35.84608223628556,104.15013609254063,35.84608223628557,104.1501360925406,35.846082236285554,104.1501360925406,35.84608223628557,104.15013609254063,0.0,35.84608223628557,104.15013609254063,35.846082236285554,104.1501360925406,35.846082236285554,104.15013609254062,35.846082236285554,104.1501360925406,35.84608223628556,104.15013609254062,35.846082236285554,104.1501360925406,35.84608223628556,104.1501360925406,35.84608223628557,104.15013609254062,35.846082236285554,104.15013609254059,35.84608223628557,104.15013609254058,0.0,35.846082236285554,104.15013609254059,35.84608223628556,104.15013609254063,0.0,35.84608223628557,104.15013609254059,0.0,35.84608223628556,104.1501360925406,-0.00028036070762739104,35.84608223628557,104.15013609254059,0.0,35.84608223628557,104.1501360925406,0.0,37.07412855968095,-95.67131476508993,1.096177667836156,0.007656206951838863,0.0002618093565268419,37.07412855968095,-95.67131476508993,0.9995656150966118,0.0,0.0,37.07412855968094,-95.67131476508993,0.0,0.0005205418120352852,37.07412855968095,-95.67131476508993,2.0517264043728844,0.0009068365371198003,0.0005965675909133713,37.074128559680936,-95.67131476508993,1.0007254328324062,0.0,0.00014081790085954408,56.105983816387905,-106.3005755681535,0.0,0.0005166539447375848,-25.263419183066567,133.71702610047285,4.001942719473578,5.394097709831083e-05,-25.263419183066567,133.71702610047282,0.0,51.143465396258165,10.446986014888228,0.0,0.0,56.10598381638792,-106.30057556815348,-1.6346514879960698e-05,0.038465854078833545,-25.263419183066574,133.71702610047282,0.0,-25.263419183066574,133.71702610047285,0.0,37.07412855968095,-95.67131476508993,2.005724339861769,0.0,37.07412855968095,-95.67131476508995,0.9995656150966118,0.0,0.02503702473277704,37.07412855968095,-95.67131476508993,1.0692018188037153,0.013910406046251754,37.07412855968095,-95.67131476508993,0.9995656150966118,0.0,37.07412855968094,-95.67131476508992,0.998019710938181,0.0,0.0,37.07412855968095,-95.67131476508993,0.9995656150966118,0.0,0.0,37.07412855968096,-95.6713147650899,0.0,37.07412855968095,-95.67131476508993,1.9991312301932236,0.0,0.0,56.105983816387926,-106.30057556815352,0.9995656150966118,0.0,56.10598381638792,-106.30057556815352,0.0,37.07412855968095,-95.67131476508993,0.9995656150966118,0.0,-0.0001015618175857643,0.0,0.0,60.973502520893305,0.0,0.0,0.0,0.0,37.07412855968095,-95.67131476508992,0.0,37.07412855968095,-95.67131476508993,0.9995656150966118,0.0,0.0,37.07412855968095,-95.67131476508993,0.9995656150966118,0.0,0.0,0.0,0.0,0.0,0.0,37.07412855968095,-95.67131476508993,1.0009389324515607,0.0,0.0,37.07412855968095,-95.67131476508993,10.99522176606273,0.0,0.0,37.07412855968095,-95.67131476508993,4.997828075483058,0.0,0.0,37.07412855968095,-95.67131476508993,1.9991312301932236,0.0,0.0,37.07412855968095,-95.67131476508993,0.0,0.0,37.07412855968095,-95.67131476508993,0.0,0.0,37.07412855968095,-95.67131476508993,0.0,0.0,37.07412855968096,-95.67131476508993,36.172325789794776,0.0,0.0,2.15379160714978e+38,6.97511171454727e+38,-2.3833411285528642e+38,8.325614111165658e+38,-9.888695925955359e+35,-6.31538487902404e+36,-1.1104561246336835e+37,1.7212918082211234e+38,1.9430539731514636e+37,3.1517068373319283e+38,9.979100819959362e+29,3.92059536489819e+29,-7.17323511977733,0.15644387816057598,22.21390054139907,7.313704547262557e+47,-1.8352240278888206e+50,4.648924751470751e+45,-8.45710246217879e+49,1.0591165845951194e+41,1.8342947691686397e+41,0.712995199324634,0.35517351816525444,174.8923180647567,102.39666294564007,2.1155492061273655,0.2269721440158053,219.3843879946835,27.9197417912094,1.1056430123709833,1.9296035649803338,138.80969025342534,58.96183269737473,316.95581288349825,0.9488428324445966,38.023233222998975,90.46911816097368,13.90230374620104,145.995461443282,211.36082625758843,41.434639164760355,6.4419009104875276,2.023722718469092,48.6581380861341,0.704257051879954,41.292301375335,1.2138303456151178,156.23158899894563,204.44449492765168,1.8555408152546076,208.4383655358178,0.3858217011037044,526.894060949846,1.1436536594593703,59.457422858094205,205.73985556090366,342.4342421238684,16.661425936119365,37.011512600110464,73.22496837740964,4.776581910621953,15.04388417566569,38.31108555819614,0.4004190229605679,51.97403145588922,47.0867834019356,2.134007639307663,71.07493778995243,1.0952686100960265,180.2073559412614,48.63788893986274,279.77535253623887,110.06745707639016,74.3183147086335,0.5042143241600603,143.847005020621,0.6578086978068151,1.857401783591091,13.72897919205394,0.41317085739606,0.13412336184774892,0.4997828075483059,1.998795834247875,1.006158724765157,0.5067380105714318,0.4997828075483059,0.9995656150966118,2.498914037741529,0.9995656150966118,5.497610883031365,0.9112850147535143,3.8626873771105426,2.0043034563372952,101.94269210414387,31.350258669524614,1.5056228826201656,4.498045267934752,38.18145501142135,0.228322638106736,22911.014516155672,756.7834277103834,3427.4561330576453,528.6694252440302,148.75559858917384,6.333966245967709,68.92778322549962,1.0057892875446388,23.35760258833646,28.48760316968755,109.56926518643205,31.284138011859284,0.7854303248993386,0.6905633380773784,15.064925267877053,52.08359471535524,28.213878308315365,114.67120441283231,14.965149003238121,0.2851468749125934,1.2094235540407048,37.66759643791508,14.465937949798526,15.366937550157711,27.30715118268119,109.99419153633329,7.299810128672926,1.207083383883189,81.58977206262605,23.66433230713546,6.661960402974808,12.031808329866621,3.4429482297772167,0.5997393690579667,0.19991312301932235,2.9463951811357534,4.21058132952847,3.980861631940184,1.7131508414552898,1.7076224726376137,2.423049555475894,1.3415849739818748,387.00998802164605,0.5838393245193985,1.6658749962324944,0.33315469056794134
2020-02-29 08:00:00,0.14940214604563445,35.845088833535854,104.1472497790268,35.84508883353585,104.14724977902678,35.845088833535854,104.14724977902677,35.84508883353585,104.1472497790268,35.84508883353586,104.1472497790268,35.845088833535854,104.1472497790268,35.84508883353587,104.14724977902677,35.845088833535854,104.14724977902678,35.84508883353586,104.14724977902681,0.0,35.84508883353587,104.1472497790268,35.845088833535854,104.14724977902678,35.84508883353585,104.14724977902678,35.845088833535854,104.14724977902677,35.845088833535854,104.1472497790268,35.845088833535854,104.14724977902677,35.845088833535854,104.14724977902678,35.84508883353586,104.1472497790268,35.845088833535854,104.14724977902677,35.84508883353586,104.14724977902678,0.0,35.84508883353585,104.14724977902677,35.845088833535854,104.1472497790268,0.0,35.84508883353586,104.14724977902677,0.0,35.845088833535854,104.14724977902678,-0.0002839434384638573,35.84508883353586,104.14724977902677,0.0,35.84508883353586,104.14724977902677,0.0,37.07310112407414,-95.66866342521604,1.096766310005769,0.007704602331193883,0.0002634144721237535,37.07310112407414,-95.66866342521604,0.9995379141271166,0.0,0.0,37.07310112407414,-95.66866342521604,0.0,0.0005237200508780581,37.07310112407414,-95.66866342521604,2.052011791918324,0.0009128182316833376,0.0006003411057510853,37.073101124074135,-95.66866342521604,1.0007038321464146,0.0,0.0001414546665101292,56.1044289508316,-106.29762965949413,0.0,0.0005178645769350412,-25.26271905773856,133.7133203995113,4.001847804512687,5.081356487454669e-05,-25.26271905773856,133.71332039951128,0.0,51.14204805701257,10.446696497485323,0.0,0.0,56.104428950831604,-106.2976296594941,-1.6950286654705566e-05,0.043690961767741426,-25.26271905773857,133.71332039951128,0.0,-25.262719057738572,133.7133203995113,0.0,37.07310112407415,-95.66866342521605,2.006834167611223,0.0,37.07310112407414,-95.66866342521605,0.9995379141271166,0.0,0.02286421759083285,37.07310112407414,-95.66866342521605,1.0789501878454082,0.01583957740240999,37.07310112407414,-95.66866342521604,0.9995379141271166,0.0,37.07310112407414,-95.66866342521602,0.9979669278332663,0.0,0.0,37.07310112407414,-95.66866342521604,0.9995379141271166,0.0,0.0,37.07310112407415,-95.66866342521602,0.0,37.07310112407414,-95.66866342521604,1.9990758282542331,0.0,0.0,56.104428950831604,-106.29762965949413,0.9995379141271166,0.0,56.10442895083161,-106.29762965949415,0.0,37.07310112407414,-95.66866342521604,0.9995379141271166,0.0,-0.00010238779898704906,0.0,0.0,60.971812761754094,0.0,0.0,0.0,0.0,37.07310112407414,-95.66866342521604,0.0,37.07310112407414,-95.66866342521604,0.9995379141271166,0.0,0.0,37.07310112407414,-95.66866342521604,0.9995379141271166,0.0,0.0,0.0,0.0,0.0,0.0,37.07310112407414,-95.66866342521604,1.0008425998700112,0.0,0.0,37.07310112407414,-95.66866342521604,10.994917055398282,0.0,0.0,37.07310112407414,-95.66866342521604,4.997689570635583,0.0,0.0,37.07310112407414,-95.66866342521604,1.9990758282542331,0.0,0.0,37.07310112407414,-95.66866342521604,0.0,0.0,37.07310112407414,-95.66866342521604,0.0,0.0,37.07310112407414,-95.66866342521604,0.0,0.0,37.07310112407415,-95.66866342521604,36.15424775207835,0.0,0.0,2.1685982317395728e+38,7.023063364226979e+38,-2.3996730755265718e+38,8.382665737791016e+38,-9.95253848837079e+35,-6.356157732829605e+36,-1.1178878949575093e+37,1.7328116198509706e+38,1.9565834537161088e+37,3.1736521651459506e+38,1.0047287867347034e+30,3.947384734677832e+29,-7.1413069797584265,0.15652837110761542,22.225491854721614,7.363983913767868e+47,-1.8477999789976518e+50,4.678938746322346e+45,-8.51370194567909e+49,1.0663535124552354e+41,1.8465723374975376e+41,0.7107200189934263,0.3539060588495845,175.11371635533462,102.22339279377186,2.151672032384358,0.22884640688170466,219.3067928851352,28.118071601530367,1.1052695778660824,1.9261726645084862,138.21914061122948,59.30660709173629,317.69758333716607,0.9574456796403853,38.413244634340614,90.58512400717758,14.069645804649497,146.03300184862877,211.77923210898882,41.86346813790363,6.526793935711519,2.03031138128577,49.05232248193214,0.7041827312525254,41.301711524748,1.2234813903469688,157.64800789700928,204.57256121452448,1.8533427140729022,208.40931837837044,0.3854185492311564,526.495317524424,1.1457311011168014,60.092952879338746,206.72144873211786,342.30064822837966,16.87216700451779,37.087780339737854,73.3393787680852,4.789433078274037,15.071327248917317,38.363260683555545,0.4040895431509657,51.970877823667685,47.00842272133451,2.1320124821073865,70.92845021835205,1.1004198044146896,181.41017729258516,48.59810794429271,280.0609318315043,110.02584599628041,74.31727231955847,0.5044074139429946,143.9822273903307,0.6595186964143486,1.8621539111250036,13.930800100524323,0.3921845439170803,0.13573819311840843,0.4997689570635583,1.9987884459843512,1.0072962534841068,0.5076887457647632,0.4997689570635583,0.9995379141271166,2.4988447853177913,0.9995379141271166,5.497458527699141,0.9059072377477171,3.8693482691750307,2.0042638943355007,101.88413624989704,31.349389859567616,1.505622885314537,4.497920613572024,38.18039688846816,0.22695866224018996,22990.28461169376,760.3950858191039,3475.6715855517614,528.395205588702,148.36158498671307,6.3489974579424935,69.0431436674104,1.0092490358250856,23.280638919502067,28.480328785882136,109.57104258154631,31.352252598944517,0.7867031215725782,0.6905627860933864,15.065897354935274,52.09923800824363,28.21327381181168,114.66783116600254,14.967306797572089,0.285112168193045,1.2107813564053185,37.63625531912273,14.418717833735807,15.364059554305351,27.306473467921915,109.99113046270755,7.299576953727079,1.2069713597418048,81.5619398814866,23.623903895703826,6.679246364423423,12.031474892270845,3.4428528153267335,0.5997227484762694,0.19990758282542329,2.939334932311115,4.217098629164327,3.9719513010637395,1.7108494519301345,1.7050372489943528,2.436356858791005,1.342657619808814,386.304488736075,0.5719813054714489,1.6658278693813084,0.33314497762709594
2020-02-29 09:00:00,0.14959956222621767,35.844116056757215,104.14442339389448,35.84411605675721,104.1444233938945,35.844116056757215,104.14442339389448,35.84411605675721,104.1444233938945,35.84411605675722,104.14442339389448,35.844116056757215,104.14442339389453,35.84411605675722,104.1444233938945,35.84411605675721,104.14442339389448,35.844116056757215,104.14442339389453,0.0,35.84411605675722,104.14442339389453,35.84411605675721,104.14442339389448,35.8441160567572,104.1444233938945,35.84411605675721,104.1444233938945,35.844116056757215,104.1444233938945,35.84411605675721,104.14442339389447,35.844116056757215,104.14442339389448,35.844116056757215,104.14442339389451,35.84411605675721,104.14442339389447,35.84411605675722,104.14442339389448,0.0,35.84411605675721,104.14442339389446,35.844116056757215,104.1444233938945,0.0,35.84411605675722,104.14442339389447,0.0,35.844116056757215,104.1444233938945,-0.0002875532530168482,35.844116056757215,104.14442339389448,0.0,35.844116056757215,104.14442339389448,0.0,37.07209502106089,-95.6660671349779,1.0973475904414005,0.007752356068846507,0.00026499623793847153,37.07209502106089,-95.6660671349779,0.9995107883114502,0.0,0.0,37.072095021060896,-95.6660671349779,0.0,0.0005268514936034904,37.07209502106089,-95.6660671349779,2.052294157724303,0.0009187309865220277,0.0006040646985835667,37.07209502106088,-95.6660671349779,1.0006826745846904,0.0,0.0001420724636755073,56.1029063688702,-106.29474491658729,0.0,0.0005189737796431962,-25.262033469077345,133.70969163983145,4.001767755771757,4.7583533590789956e-05,-25.26203346907734,133.70969163983142,0.0,51.14066014591009,10.446412991317619,0.0,0.0,56.102906368870215,-106.29474491658726,-1.7566842185626902e-05,0.04932342884071662,-25.26203346907735,133.70969163983142,0.0,-25.262033469077345,133.70969163983145,0.0,37.072095021060896,-95.6660671349779,2.0080891691758267,0.0,37.07209502106089,-95.6660671349779,0.9995107883114502,0.0,0.020727476799812086,37.07209502106089,-95.6660671349779,1.089395340031498,0.017901266916190674,37.07209502106089,-95.6660671349779,0.9995107883114502,0.0,37.07209502106089,-95.66606713497788,0.9979144164047775,0.0,0.0,37.07209502106089,-95.6660671349779,0.9995107883114502,0.0,0.0,37.072095021060896,-95.66606713497788,0.0,37.07209502106089,-95.6660671349779,1.9990215766229005,0.0,0.0,56.102906368870215,-106.29474491658729,0.9995107883114502,0.0,56.102906368870215,-106.2947449165873,0.0,37.07209502106089,-95.6660671349779,0.9995107883114502,0.0,-0.00010321038009916336,0.0,0.0,60.97015808699845,0.0,0.0,0.0,0.0,37.07209502106089,-95.66606713497788,0.0,37.07209502106089,-95.6660671349779,0.9995107883114502,0.0,0.0,37.07209502106089,-95.6660671349779,0.9995107883114502,0.0,0.0,0.0,0.0,0.0,0.0,37.07209502106089,-95.6660671349779,1.000760480610988,0.0,0.0,37.07209502106089,-95.6660671349779,10.994618671425954,0.0,0.0,37.07209502106089,-95.6660671349779,4.997553941557252,0.0,0.0,37.07209502106089,-95.6660671349779,1.9990215766229005,0.0,0.0,37.07209502106089,-95.6660671349779,0.0,0.0,37.07209502106089,-95.6660671349779,0.0,0.0,37.07209502106089,-95.6660671349779,0.0,0.0,37.072095021060896,-95.66606713497788,36.13674511916238,0.0,0.0,2.183258070781814e+38,7.07053964498575e+38,-2.4158410997814804e+38,8.439144740848398e+38,-1.0015589997500643e+36,-6.396425382916118e+36,-1.1252382623763724e+37,1.744205250760675e+38,1.969985367327088e+37,3.1953905745492323e+38,1.0114783043695633e+30,3.973902281731381e+29,-7.10576524069429,0.15646695037029812,22.240090446246835,7.413764835519739e+47,-1.8602497060806203e+50,4.7085808471217116e+45,-8.569681474286286e+49,1.0735170096420755e+41,1.8587154831761066e+41,0.7081876409525176,0.3525429871216189,175.3422319687101,101.96855097408617,2.196866716469432,0.2306584942126958,219.22012408872666,28.30292213510177,1.1045448004017153,1.9219718644228676,137.48797306357554,59.61924181399267,318.45722388151034,0.9662510626948351,38.81463149672511,90.72589509490265,14.217412442423331,146.05246576711443,212.15483964869233,42.25248283007294,6.604269259716951,2.0369084749244255,49.446973362847345,0.7042171763574248,41.30499650235838,1.2331331299828554,159.0611756246432,204.5576122631434,1.8508000334516361,208.35651458618585,0.3850440075786269,526.0091778003074,1.14760805377986,60.74262206443967,207.5711903804463,342.11117661605675,17.123403044069548,37.13217210588414,73.45004012351598,4.800972986741471,15.087780581875991,38.410930899293696,0.40744556430546996,51.9710149948993,46.91921795185705,2.130505038348944,70.82804664918326,1.1057115893254457,182.64491188606718,48.51393575354148,280.31868790881975,109.97483885743108,74.31661456337149,0.5045094615813643,144.10800048988855,0.6611107365906599,1.8679090310896256,14.126388451724878,0.3718781412618169,0.13740329602872164,0.4997553941557251,1.9987967361086605,1.0085783808643765,0.5087060276138204,0.4997553941557251,0.9995107883114502,2.498776970778626,0.9995107883114502,5.497309335712977,0.8999303012902922,3.876786023912307,2.004224572446765,101.81928473201563,31.348539088667827,1.505623278433827,4.497798547401526,38.17936073526835,0.2254400129319422,23061.855299096154,763.6569824257758,3519.435185515566,528.1400656794333,148.00067866902648,6.36203955131985,69.14477659788294,1.0122999419869048,23.18448934361457,28.471230985566734,109.57423839969684,31.439512679094165,0.7883425084805038,0.6905688779120892,15.067349579187502,52.107374601449536,28.21348027812827,114.6634294623711,14.964940247159886,0.2849522040931095,1.2105199058712297,37.59346847223394,14.353793638495567,15.366847576702337,27.30579964668285,109.9881415320135,7.299354187120281,1.206875616896331,81.54061682222643,23.594779753335878,6.688552955054443,12.03114837782301,3.442759381961661,0.5997064729868697,0.19990215766229005,2.931500833396641,4.224138038773077,3.96203829581034,1.7082913270931268,1.7022615220631663,2.4508449658394076,1.343839778981185,385.621755781753,0.5605077219463019,1.6657816917837738,0.3331354517361616
2020-02-29 10:00:00,0.14963529169206902,35.84316377339782,104.14165655201687,35.84316377339781,104.14165655201688,35.84316377339781,104.14165655201685,35.843163773397805,104.14165655201688,35.84316377339782,104.14165655201685,35.84316377339782,104.1416565520169,35.843163773397826,104.14165655201687,35.843163773397805,104.14165655201685,35.84316377339782,104.14165655201691,0.0,35.84316377339782,104.1416565520169,35.84316377339781,104.14165655201685,35.843163773397805,104.14165655201687,35.84316377339781,104.14165655201687,35.84316377339781,104.14165655201687,35.84316377339781,104.14165655201684,35.84316377339782,104.14165655201685,35.84316377339782,104.1416565520169,35.84316377339781,104.14165655201685,35.84316377339782,104.14165655201687,0.0,35.843163773397805,104.14165655201684,35.84316377339782,104.14165655201688,0.0,35.84316377339782,104.14165655201684,0.0,35.84316377339782,104.14165655201688,-0.0002911892849418573,35.84316377339782,104.14165655201687,0.0,35.84316377339782,104.14165655201687,0.0,37.07111011354829,-95.66352554060163,1.0979211990645088,0.0077994438175425715,0.00026655381390623114,37.07111011354829,-95.66352554060163,0.9994842339534145,0.0,0.0,37.07111011354829,-95.66352554060163,0.0,0.00052993446791886,37.0711101135483,-95.66352554060163,2.0525733283186827,0.0009245719540669807,0.0006077364717801054,37.071110113548286,-95.66352554060163,1.0006619525830358,0.0,0.0001426708070978369,56.10141586303475,-106.29192094635421,0.0,0.0005199796031933558,-25.26136232366371,133.7061393269738,4.001706058952831,4.4250190281657636e-05,-25.261362323663707,133.70613932697378,0.0,51.13930147383212,10.446135457754195,0.0,0.0,56.10141586303476,-106.29192094635418,-1.8196204765504737e-05,0.05531988265646805,-25.261362323663715,133.70613932697378,0.0,-25.26136232366371,133.7061393269738,0.0,37.0711101135483,-95.66352554060163,2.0094932286206255,0.0,37.07111011354829,-95.66352554060163,0.9994842339534145,0.0,0.01866003840996291,37.07111011354829,-95.66352554060163,1.1004551618316236,0.020077515610504915,37.07111011354829,-95.66352554060163,0.9994842339534145,0.0,37.071110113548286,-95.66352554060163,0.9978621755626502,0.0,0.0,37.07111011354829,-95.66352554060163,0.9994842339534145,0.0,0.0,37.07111011354829,-95.66352554060161,0.0,37.07111011354829,-95.66352554060163,1.998968467906829,0.0,0.0,56.10141586303476,-106.2919209463542,0.9994842339534145,0.0,56.10141586303476,-106.29192094635421,0.0,37.07111011354829,-95.66352554060163,0.9994842339534145,0.0,-0.00010402922736662623,0.0,0.0,60.968538271158266,0.0,0.0,0.0,0.0,37.07111011354829,-95.66352554060163,0.0,37.07111011354829,-95.66352554060163,0.9994842339534145,0.0,0.0,37.07111011354829,-95.66352554060163,0.9994842339534145,0.0,0.0,0.0,0.0,0.0,0.0,37.07111011354829,-95.66352554060163,1.0006900367579046,0.0,0.0,37.07111011354829,-95.66352554060163,10.99432657348756,0.0,0.0,37.07111011354829,-95.66352554060163,4.9974211697670725,0.0,0.0,37.07111011354829,-95.66352554060163,1.998968467906829,0.0,0.0,37.07111011354829,-95.66352554060163,0.0,0.0,37.07111011354829,-95.66352554060163,0.0,0.0,37.07111011354829,-95.66352554060163,0.0,0.0,37.0711101135483,-95.66352554060163,36.120033957082384,0.0,0.0,2.1977644564758403e+38,7.117518962972787e+38,-2.4318378152140205e+38,8.495025318807649e+38,-1.0077819237408645e+36,-6.436167893323035e+36,-1.13250375953522e+37,1.7554673262850943e+38,1.983253723323138e+37,3.216912348463244e+38,1.0181555395010973e+30,4.0001358448342505e+29,-7.067535563702356,0.1562538007612026,22.2569029047415,7.463024670437168e+47,-1.8725675216788116e+50,4.73783637847182e+45,-8.625014641034601e+49,1.0806037909008701e+41,1.870718478918445e+41,0.7054639568868347,0.35111728168756157,175.57160707767716,101.63933809150946,2.250633375017427,0.2323753369645205,219.1328218581978,28.468795588211982,1.1035281194139146,1.9171595409911528,136.6450564012138,59.88853588467616,319.21149046318357,0.9749912794193066,39.216933276524074,90.89032821204414,14.342532144557058,146.05320231243726,212.4778321028283,42.59276336338069,6.672336315715411,2.0432950215324666,49.82938778878052,0.7043616339864232,41.3017995893023,1.2424674624805014,160.42642672138763,204.3948391778375,1.8481897481605047,208.28398571189769,0.3847244589252632,525.4536553543555,1.1492114622613432,61.387694737179835,208.24930227170412,341.8705993930924,17.41344298698956,37.143674366945106,73.55491860513476,4.810901097198455,15.092895093690704,38.4526557517521,0.4103881871635109,51.97448038748016,46.82912907875031,2.129594215764832,70.78352828604167,1.1109922394238132,183.87718803835935,48.39295381167611,280.5384620097794,109.91694132070879,74.31642391072927,0.5045171019879526,144.22020331967295,0.6625336617418687,1.8746224232103177,14.312290032904759,0.35251676126637266,0.13907390867102631,0.49974211697670723,1.998824218844864,1.0100089946672117,0.5097808747819597,0.49974211697670723,0.9994842339534145,2.4987105848835363,0.9994842339534145,5.49716328674378,0.8935169691611278,3.8848024923320144,2.0041854643201287,101.74976308890653,31.3477062408981,1.5056240367650437,4.497679052790365,38.17834641063433,0.22380622349030393,23124.31846074543,766.5054686810345,3557.95499749026,527.9214538626375,147.70142955578982,6.372492599514728,69.23048268918524,1.0148766042115427,23.074475965733036,28.460419446616353,109.57877140583471,31.54479049232987,0.7903266306781942,0.6905831228577455,15.069396183803452,52.107726771825305,28.214415416594665,114.65811215316157,14.958547407360346,0.28467995424077464,1.208811822877174,37.54058223231023,14.273242316504934,15.375380718958484,27.30513213594213,109.98522261458555,7.299140471498836,1.206792799923904,81.52725078827991,23.57944949513927,6.689530346578437,12.030828742031838,3.4426679169506484,0.5996905403720483,0.19989684679068287,2.9231093927122185,4.231644163464343,3.9513795861148835,1.7055423527229292,1.6993613176923357,2.4664145026374045,1.3451206350898377,384.9705781135931,0.5495683871949735,1.6657364574147102,0.3331261117306478
2020-02-29 11:00:00,0.14951465745595935,35.84223184859432,104.13894886155096,35.84223184859432,104.13894886155094,35.842231848594324,104.13894886155092,35.84223184859432,104.13894886155096,35.842231848594324,104.13894886155094,35.842231848594324,104.13894886155097,35.84223184859433,104.13894886155094,35.84223184859432,104.13894886155094,35.842231848594324,104.13894886155097,0.0,35.842231848594324,104.13894886155097,35.84223184859432,104.13894886155094,35.84223184859431,104.13894886155096,35.842231848594324,104.13894886155094,35.842231848594324,104.13894886155096,35.84223184859432,104.13894886155093,35.842231848594324,104.13894886155094,35.842231848594324,104.13894886155096,35.84223184859432,104.13894886155092,35.842231848594324,104.13894886155093,0.0,35.84223184859432,104.13894886155092,35.842231848594324,104.13894886155097,0.0,35.84223184859433,104.13894886155093,0.0,35.842231848594324,104.13894886155096,-0.00029485056278150124,35.842231848594324,104.13894886155094,0.0,35.842231848594324,104.13894886155094,0.0,37.07014626205275,-95.66103828214408,1.0984868225917195,0.007845840983107387,0.0002680863517348494,37.07014626205275,-95.66103828214408,0.9994582472923538,0.0,0.0,37.07014626205276,-95.66103828214408,0.0,0.0005329672852284941,37.07014626205276,-95.66103828214408,2.052849128365669,0.0009303382563800805,0.0006113545084320811,37.070146262052745,-95.66103828214406,1.0006416584809,0.0,0.00014324920809781228,56.099957222238295,-106.28915734886132,0.0,0.0005208800902535933,-25.26070552644937,133.7026629578562,4.001666939964479,4.081285531886206e-05,-25.26070552644937,133.7026629578562,0.0,51.13797184836217,10.445863857490465,0.0,0.0,56.0999572222383,-106.28915734886131,-1.883839498634113e-05,0.06161871537578162,-25.260705526449375,133.7026629578562,0.0,-25.260705526449375,133.7026629578562,0.0,37.07014626205276,-95.66103828214406,2.0110467675383616,0.0,37.07014626205275,-95.66103828214406,0.9994582472923538,0.0,0.016688940807939916,37.07014626205275,-95.66103828214408,1.1120198365594247,0.022344526047358503,37.07014626205275,-95.66103828214408,0.9994582472923538,0.0,37.070146262052745,-95.66103828214406,0.9978102042685497,0.0,0.0,37.07014626205275,-95.66103828214408,0.9994582472923538,0.0,0.0,37.07014626205275,-95.66103828214405,0.0,37.07014626205275,-95.66103828214408,1.9989164945847075,0.0,0.0,56.09995722223832,-106.28915734886132,0.9994582472923538,0.0,56.0999572222383,-106.28915734886134,0.0,37.07014626205275,-95.66103828214406,0.9994582472923538,0.0,-0.00010484398888584417,0.0,0.0,60.96695308483356,0.0,0.0,0.0,0.0,37.07014626205275,-95.66103828214406,0.0,37.07014626205275,-95.66103828214408,0.9994582472923538,0.0,0.0,37.07014626205275,-95.66103828214408,0.9994582472923538,0.0,0.0,0.0,0.0,0.0,0.0,37.07014626205275,-95.66103828214408,1.0006291560799365,0.0,0.0,37.07014626205275,-95.66103828214408,10.994040720215892,0.0,0.0,37.07014626205275,-95.66103828214408,4.997291236461768,0.0,0.0,37.07014626205275,-95.66103828214408,1.9989164945847075,0.0,0.0,37.07014626205275,-95.66103828214408,0.0,0.0,37.07014626205275,-95.66103828214408,0.0,0.0,37.07014626205275,-95.66103828214408,0.0,0.0,37.07014626205276,-95.66103828214406,36.10428017034384,0.0,0.0,2.212110646440927e+38,7.163979482807838e+38,-2.447655753429414e+38,8.550281382674426e+38,-1.0139194668327122e+36,-6.475365121275898e+36,-1.1396808815310968e+37,1.7665924135569506e+38,1.9963824629826014e+37,3.2382076594129198e+38,1.0247573623625351e+30,4.026073127739191e+29,-7.027544549474852,0.15589357609858917,22.274987573843376,7.51174052318506e+47,-1.8847476749673082e+50,4.76669051273438e+45,-8.679674752997819e+49,1.087610534501576e+41,1.882575535409239e+41,0.7026149084375424,0.34966061836325135,175.79588823613602,101.24790267697543,2.312302493799116,0.2339662874676324,219.0531282681805,28.611578283768278,1.1022968460503852,1.9119287996085048,135.72543322662634,60.106178683994756,319.93852533232257,0.9834145653968647,39.61020394221235,91.0769219147704,14.442922697157623,146.03582996045068,212.74125238140016,42.87816181026224,6.729562720130012,2.0492665181299605,50.187720606340676,0.7046195077141716,41.292231257989684,1.251186824073555,161.70203619463052,204.08952000334548,1.845781923421588,208.19697561843995,0.38448249623959085,524.850713733808,1.1504866127590403,62.01058513682302,208.72588103945643,341.58708276835176,17.739915535282652,37.12345043048291,73.65213067538485,4.819004421763138,15.087086318380988,38.48737811177733,0.412844864215089,51.981376353356076,46.747864306581434,2.12934865696655,70.80093830777616,1.1161183221069326,185.07453850746367,48.24498423610979,280.7126458297622,109.8551273307469,74.31680226657981,0.504433300233917,144.31572598951172,0.6637488679160364,1.882233221975824,14.485313070972534,0.3343039299574292,0.14070744663354473,0.4997291236461769,1.998875148531535,1.0115885202460082,0.5109013866698561,0.4997291236461769,0.9994582472923538,2.498645618230884,0.9994582472923538,5.497020360107946,0.8868311314732197,3.893199425488568,2.004146543382845,101.67719850352272,31.346891198309688,1.505625134787926,4.497562112815592,38.17735377091644,0.22209685723874917,23176.71169293077,768.8970991268138,3590.7003132554814,527.7543119139533,147.48819411108113,6.379907446140168,69.29876216181368,1.0169344245631293,22.956896009786227,28.44803794882983,109.58453524795742,31.666603203650794,0.7926268454415466,0.6906073853898784,15.072178239360412,52.10053915534751,28.215948511552064,114.65205882237555,14.948879660885831,0.28431603358379515,1.2059113971906728,37.47920458858938,14.179544450517907,15.38985074619455,27.304472836265187,109.98237192561538,7.29893472019408,1.2067202362735037,81.5227544245285,23.57946845246335,6.6824109177346465,12.030515939630181,3.4425784073403283,0.599674948375412,0.19989164945847074,2.914379226420133,4.239538288049676,3.9402323367806433,1.7026684644807681,1.6964000770032706,2.48292521399777,1.346485931272606,384.35770263392834,0.5392783119582968,1.6656921601459915,0.3331169564268189
2020-02-29 12:00:00,0.14925345289581693,35.84132014524615,104.1362999241535,35.841320145246144,104.13629992415349,35.84132014524616,104.13629992415348,35.841320145246144,104.1362999241535,35.84132014524616,104.13629992415349,35.84132014524615,104.13629992415352,35.84132014524616,104.13629992415349,35.84132014524615,104.13629992415349,35.84132014524616,104.13629992415352,0.0,35.84132014524616,104.13629992415352,35.841320145246144,104.13629992415349,35.84132014524614,104.13629992415352,35.84132014524615,104.13629992415349,35.84132014524616,104.1362999241535,35.841320145246144,104.13629992415348,35.84132014524615,104.13629992415349,35.84132014524616,104.13629992415352,35.841320145246144,104.13629992415348,35.84132014524616,104.13629992415349,0.0,35.84132014524615,104.13629992415346,35.84132014524615,104.13629992415353,0.0,35.841320145246165,104.13629992415349,0.0,35.84132014524616,104.1362999241535,-0.00029853597941383904,35.84132014524616,104.13629992415349,0.0,35.84132014524616,104.13629992415349,0.0,37.06920332477678,-95.65860499369096,1.0990441445558634,0.00789152272597739,0.00026959299496027045,37.06920332477678,-95.65860499369096,0.9994328245052276,0.0,0.0,37.06920332477679,-95.65860499369096,0.0,0.0005359482407450537,37.06920332477679,-95.65860499369096,2.053121380679995,0.0009360269853204485,0.0006149168724727634,37.06920332477677,-95.65860499369094,1.0006217845237577,0.0,0.0001438071746185669,56.09853023189217,-106.28645371754067,0.0,0.0005216732760613537,-25.260062980809273,133.69926202105094,4.001655486580673,3.7270862642525826e-05,-25.260062980809273,133.6992620210509,0.0,51.13667107389172,10.445598150569824,0.0,0.0,56.09853023189218,-106.28645371754064,-1.9493430710814438e-05,0.06813936788603818,-25.26006298080928,133.6992620210509,0.0,-25.26006298080928,133.69926202105094,0.0,37.069203324776794,-95.65860499369097,2.0127459647150348,0.0,37.06920332477678,-95.65860499369096,0.9994328245052276,0.0,0.014834940268294329,37.06920332477678,-95.65860499369096,1.1239527477011069,0.02467280173302179,37.06920332477678,-95.65860499369096,0.9994328245052276,0.0,37.06920332477678,-95.65860499369096,0.9977585015386133,0.0,0.0,37.06920332477678,-95.65860499369096,0.9994328245052276,0.0,0.0,37.06920332477679,-95.65860499369093,0.0,37.06920332477678,-95.65860499369096,1.9988656490104553,0.0,0.0,56.098530231892184,-106.28645371754064,0.9994328245052276,0.0,56.098530231892184,-106.28645371754067,0.0,37.06920332477678,-95.65860499369094,0.9994328245052276,0.0,-0.00010565428926285125,0.0,0.0,60.96540229481888,0.0,0.0,0.0,0.0,37.06920332477678,-95.65860499369096,0.0,37.06920332477678,-95.65860499369096,0.9994328245052276,0.0,0.0,37.06920332477678,-95.65860499369096,0.9994328245052276,0.0,0.0,0.0,0.0,0.0,0.0,37.06920332477678,-95.65860499369096,1.0005760921109086,0.0,0.0,37.06920332477678,-95.65860499369096,10.993761069557506,0.0,0.0,37.06920332477678,-95.65860499369096,4.997164122526138,0.0,0.0,37.06920332477678,-95.65860499369096,1.9988656490104553,0.0,0.0,37.06920332477678,-95.65860499369096,0.0,0.0,37.06920332477678,-95.65860499369096,0.0,0.0,37.06920332477678,-95.65860499369096,0.0,0.0,37.06920332477679,-95.65860499369094,36.089601290481745,0.0,0.0,2.2262898240703387e+38,7.209899128727737e+38,-2.4632873641366384e+38,8.604886557370242e+38,-1.0199684428534333e+36,-6.513996718385256e+36,-1.146766086108094e+37,1.777575021809018e+38,2.0093654598325117e+37,3.2592665700280284e+38,1.0312806089863003e+30,4.051701699830647e+29,-6.986682269244497,0.15540117751032623,22.293312639038408,7.55988924637651e+47,-1.8967843520593185e+50,4.795128270912348e+45,-8.733634832773979e+49,1.0945338824156669e+41,1.894280801625686e+41,0.6997038267113128,0.3482022609191878,176.00970495499456,100.81061239975429,2.3810368780839313,0.2354048327388144,218.98849075165595,28.728764336450315,1.1009411915399094,1.9064966854145502,134.76838791758257,60.26724090339732,320.6189408151655,0.9912975699156787,39.98548010806795,91.28375407461893,14.517625696251518,146.00218467303847,212.9413784921037,43.105657555288374,6.775153807731941,2.0546431523499487,50.51158289846212,0.704996258284312,41.276850275979015,1.259029050043476,162.851332683335,203.6567844368789,1.8438206814069185,208.1016032315004,0.3843354365043121,524.2250392842058,1.1514002913658443,62.59574259465688,208.98269131998273,341.27169039188675,18.0997280523435,37.07474966467202,73.74004879098112,4.8251690170488155,15.071500830229063,38.51447921002988,0.4147732168051508,51.99186717944551,46.68418178763741,2.1297923073734166,70.88215869942854,1.1209616335024621,186.20798100937654,48.08146270476207,280.83662087098895,109.79265562385758,74.31787440832154,0.504267085302697,144.39263586202077,0.6647323664121106,1.8906635063349093,14.642709715392648,0.31738376838574633,0.14226549581929115,0.4997164122526138,1.998954641235982,1.0133131402098075,0.5120528131191247,0.4997164122526138,0.9994328245052276,2.498582061263069,0.9994328245052276,5.496880534778753,0.8800315961251046,3.901786454044299,2.0041077828466105,101.60315399141474,31.34609384099721,1.5056265466791836,4.497447710273525,38.17638267008198,0.22034991122572117,23218.572176874364,770.8110764451732,3617.43300796649,527.6500920980786,147.3795227256115,6.384012908599802,69.34890947379292,1.0184524249421965,22.838634843474225,28.434263766625545,109.59139890451999,31.803118872902765,0.7952078431531966,0.6906439479219666,15.075868393529252,52.08655677671581,28.217909701494722,114.64550299790952,14.93689127181464,0.28388723573560304,1.2021382738962414,37.411124823210415,14.075460090038206,15.410556909752522,27.303823229704463,109.9795879584317,7.2987360656767635,1.206655806424542,81.52744627652766,23.595356606090082,6.667984560989168,12.03020992459996,3.442490839962449,0.5996596947031364,0.19988656490104553,2.9055230203270974,4.2477174645965885,3.9288435316056285,1.699732987422036,1.6934364444482581,2.500194697566398,1.3479178090313801,383.78790650421973,0.5297189375017981,1.6656487937500157,0.33310798462239405
2020-02-29 13:00:00,0.14887677371105998,35.840428524085354,104.13370933518405,35.84042852408535,104.13370933518404,35.840428524085354,104.13370933518401,35.840428524085354,104.13370933518405,35.84042852408536,104.13370933518402,35.840428524085354,104.13370933518405,35.84042852408536,104.13370933518402,35.840428524085354,104.13370933518404,35.840428524085354,104.13370933518405,0.0,35.840428524085354,104.13370933518405,35.84042852408535,104.13370933518404,35.84042852408535,104.13370933518405,35.840428524085354,104.13370933518402,35.840428524085354,104.13370933518405,35.840428524085354,104.13370933518402,35.840428524085354,104.13370933518404,35.84042852408536,104.13370933518405,35.84042852408535,104.13370933518401,35.840428524085354,104.13370933518402,0.0,35.84042852408535,104.133709335184,35.840428524085354,104.13370933518407,0.0,35.84042852408537,104.13370933518402,0.0,35.84042852408536,104.13370933518405,-0.00030224425128742675,35.840428524085354,104.13370933518402,0.0,35.840428524085354,104.13370933518402,0.0,37.068281157681255,-95.65622530354344,1.0995928453278643,0.007936463962809458,0.00027107287900484463,37.068281157681255,-95.65622530354344,0.9994079617085586,0.0,0.0,37.068281157681255,-95.65622530354344,0.0,0.0005388756136062733,37.06828115768126,-95.65622530354344,2.0533899062413687,0.0009416352027193848,0.000618421608802948,37.06828115768124,-95.65622530354342,1.00060232286538,0.0,0.00014434421127156635,56.09713467401535,-106.28380963939688,0.0,0.0005223571886651861,-25.259434588590867,133.69593599704518,4.0016777795264975,3.362355999906447e-05,-25.259434588590867,133.69593599704518,0.0,51.13539895171995,10.445338296404003,0.0,0.0,56.097134674015365,-106.28380963939685,-2.0161327043071754e-05,0.07478253509480776,-25.25943458859087,133.69593599704518,0.0,-25.25943458859087,133.69593599704518,0.0,37.06828115768126,-95.65622530354342,2.014582015808248,0.0,37.068281157681255,-95.65622530354342,0.9994079617085586,0.0,0.013112733550570434,37.068281157681255,-95.65622530354341,1.1360932197858717,0.02702765340217049,37.068281157681255,-95.65622530354344,0.9994079617085586,0.0,37.068281157681255,-95.65622530354341,0.997707066446081,0.0,0.0,37.068281157681255,-95.65622530354344,0.9994079617085586,0.0,0.0,37.068281157681255,-95.6562253035434,0.0,37.068281157681255,-95.65622530354344,1.9988159234171172,0.0,0.0,56.09713467401536,-106.28380963939685,0.9994079617085586,0.0,56.09713467401536,-106.28380963939688,0.0,37.068281157681255,-95.65622530354342,0.9994079617085586,0.0,-0.00010645972266007126,0.0,0.0,60.96388566422206,0.0,0.0,0.0,0.0,37.068281157681255,-95.65622530354342,0.0,37.068281157681255,-95.65622530354344,0.9994079617085586,0.0,0.0,37.068281157681255,-95.65622530354344,0.9994079617085586,0.0,0.0,0.0,0.0,0.0,0.0,37.068281157681255,-95.65622530354344,1.0005294096424606,0.0,0.0,37.068281157681255,-95.65622530354344,10.993487578794147,0.0,0.0,37.068281157681255,-95.65622530354344,4.997039808542794,0.0,0.0,37.068281157681255,-95.65622530354344,1.9988159234171172,0.0,0.0,37.068281157681255,-95.65622530354344,0.0,0.0,37.068281157681255,-95.65622530354344,0.0,0.0,37.068281157681255,-95.65622530354344,0.0,0.0,37.068281157681255,-95.6562253035434,36.076070177061744,0.0,0.0,2.240295098905718e+38,7.255255585798785e+38,-2.478725015566061e+38,8.658814183191126e+38,-1.0259256336336581e+36,-6.552042131912554e+36,-1.1537557938632934e+37,1.7884096026933898e+38,2.0221965199755087e+37,3.2800790335734054e+38,1.0377220813801237e+30,4.077008996816599e+29,-6.9457710058256,0.15480080212557887,22.310818375935533,7.607447441844034e+47,-1.908671676327773e+50,4.823134523581835e+45,-8.786867620054035e+49,1.1013704405030093e+41,1.905828365177619e+41,0.6967892125608484,0.3467682145645361,176.20851755510358,100.34707081571021,2.455839170584399,0.23667019596988903,218.94503012324753,28.81956680498904,1.0995585737217002,1.9010925850137714,133.8153702130316,60.370447515135105,321.23679949241017,0.9984566415657652,40.335197404890906,91.50847177568136,14.56687887591504,145.9551840782477,213.07791421691968,43.275531274790175,6.808991886133294,2.0592792567502056,50.79259554346927,0.7054992286785343,41.25661670900749,1.2657811082418258,163.8446522526548,203.12067754219862,1.8425072391554351,208.00447632636383,0.3842941937999087,523.6027219679017,1.1519425580044529,63.1304510205099,209.01427925561075,340.9377126417612,18.489047307959854,37.00267298796721,73.81740011904148,4.829385821864252,15.047931496626228,38.53380611197983,0.4161629470444672,52.00617382093623,46.645267191146694,2.130902876206557,71.02477490052983,1.1254154168563693,187.25343371424452,47.91472047226154,280.90900521979404,109.73287309069073,74.31979186877676,0.5040328621651794,144.45026142525225,0.6654758250272406,1.8998178900982372,14.782345116736131,0.30184551618462196,0.14371558548529995,0.4997039808542793,1.999068805782734,1.0151740540996899,0.5132178075553645,0.4997039808542793,0.9994079617085586,2.498519904271397,0.9994079617085586,5.496743789397073,0.873266955816255,3.91038774636322,2.004069155713644,101.52907349639989,31.34531404715971,1.5056282463166164,4.497335827688515,38.17543295978969,0.21860048439867807,23249.961339312053,772.2503700743639,3638.2214917677165,527.6160118386244,147.38693830515808,6.384732631904625,69.38106427317354,1.0194347623546727,22.726751044350266,28.419305982050687,109.59920792677504,31.952173731980956,0.7980279830788286,0.6906955817676081,15.080676234337592,52.06696828234518,28.22010194520812,114.63871565923519,14.923674898328724,0.28342464419227165,1.197856707081142,37.33823052683196,13.963900529764885,15.437896804861797,27.303184460860315,109.97686942928566,7.2985438168824075,1.2065978363936014,81.54103038061035,23.626564235280327,6.6475386601648125,12.02991065019561,3.442405201440589,0.599644777025135,0.1998815923417117,2.8967409144446172,4.256054777048455,3.9174413165297333,1.6967944162790294,1.690522582963779,2.5179995572922595,1.3493948568130385,383.2641471354574,0.5209406922427441,1.6656063519029733,0.3330991950972075
2020-02-29 14:00:00,0.1484172191205008,35.839556843744695,104.13117668390264,35.83955684374469,104.13117668390264,35.8395568437447,104.13117668390262,35.83955684374469,104.13117668390267,35.8395568437447,104.13117668390262,35.83955684374469,104.13117668390265,35.8395568437447,104.13117668390262,35.839556843744695,104.13117668390264,35.8395568437447,104.13117668390265,0.0,35.8395568437447,104.13117668390265,35.83955684374469,104.13117668390262,35.83955684374469,104.13117668390264,35.839556843744695,104.13117668390264,35.839556843744695,104.13117668390265,35.839556843744695,104.13117668390262,35.839556843744695,104.13117668390264,35.8395568437447,104.13117668390264,35.83955684374469,104.13117668390262,35.839556843744695,104.13117668390262,0.0,35.83955684374469,104.13117668390261,35.839556843744695,104.13117668390267,0.0,35.8395568437447,104.13117668390261,0.0,35.8395568437447,104.13117668390265,-0.00030597386414604223,35.839556843744695,104.13117668390262,0.0,35.839556843744695,104.13117668390262,0.0,37.067379614555854,-95.65389883439971,1.1001326021394506,0.00798063936816052,0.0002725251312381329,37.067379614555854,-95.65389883439971,0.9993836549603305,0.0,0.0,37.067379614555854,-95.65389883439971,0.0,0.0005417476669967617,37.06737961455586,-95.65389883439971,2.05365452420928,0.0009471599405630475,0.0006218667434220696,37.06737961455585,-95.6538988343997,1.0005832655700682,0.0,0.00014485981938436684,56.09577032734104,-106.2812246952093,0.0,0.0005229298491760464,-25.258820250162064,133.69268435849526,4.001741030106852,2.987030918810002e-05,-25.258820250162067,133.69268435849526,0.0,51.13415528015089,10.445084253792922,0.0,0.0,56.09577032734106,-106.28122469520929,-2.084209629848793e-05,0.08143146886936564,-25.25882025016207,133.69268435849526,0.0,-25.258820250162067,133.69268435849526,0.0,37.06737961455586,-95.65389883439971,2.0165404924148724,0.0,37.067379614555854,-95.65389883439971,0.9993836549603305,0.0,0.011531419247894213,37.067379614555854,-95.65389883439968,1.148261273253261,0.02937010935894559,37.067379614555854,-95.65389883439971,0.9993836549603305,0.0,37.067379614555854,-95.6538988343997,0.9976558981239008,0.0,0.0,37.067379614555854,-95.65389883439971,0.9993836549603305,0.0,0.0,37.06737961455586,-95.65389883439968,0.0,37.067379614555854,-95.65389883439971,1.998767309920661,0.0,0.0,56.09577032734105,-106.28122469520929,0.9993836549603305,0.0,56.09577032734105,-106.28122469520929,0.0,37.067379614555854,-95.65389883439971,0.9993836549603305,0.0,-0.00010725984341259948,0.0,0.0,60.96240295258015,0.0,0.0,0.0,0.0,37.067379614555854,-95.65389883439971,0.0,37.067379614555854,-95.65389883439971,0.9993836549603305,0.0,0.0,37.067379614555854,-95.65389883439971,0.9993836549603305,0.0,0.0,0.0,0.0,0.0,0.0,37.067379614555854,-95.65389883439971,1.0004879360124144,0.0,0.0,37.067379614555854,-95.65389883439971,10.993220204563638,0.0,0.0,37.067379614555854,-95.65389883439971,4.996918274801653,0.0,0.0,37.067379614555854,-95.65389883439971,1.998767309920661,0.0,0.0,37.067379614555854,-95.65389883439971,0.0,0.0,37.067379614555854,-95.65389883439971,0.0,0.0,37.067379614555854,-95.65389883439971,0.0,0.0,37.067379614555854,-95.65389883439968,36.06372006641526,0.0,0.0,2.2541195070281967e+38,7.30002630118356e+38,-2.493960994905754e+38,8.712037317331795e+38,-1.0317877892135759e+36,-6.589480606090668e+36,-1.1606463884618004e+37,1.7990905506147633e+38,2.0348693824315394e+37,3.3006348945032244e+38,1.0440785477109901e+30,4.101982321451298e+29,-6.9055413853308405,0.15412434547649512,22.326479513826786,7.65439146196787e+47,-1.920403708741274e+50,4.850693991864134e+45,-8.839345573259186e+49,1.1081167787071264e+41,1.9172122526625586e+41,0.6939230417426963,0.345380657504596,176.38881338738153,99.8789559423027,2.535566632694092,0.2377486762502848,218.92710863425157,28.884903583194312,1.0982475990061196,1.895946536504562,132.90790255005155,60.41820487423486,321.7804111248705,1.0047570070152299,40.65351959897483,91.74829865834496,14.5921162679841,145.89861830582555,213.15396909447009,43.391331977628745,6.8316300866205895,2.063071273881232,51.024854987047235,0.7061373865109699,41.23282034045346,1.2712906453824309,164.66098052230205,202.5126021673671,1.841986148569788,207.91228329787128,0.3843625744970788,523.0099257496597,1.1521269600344786,63.60547679354208,208.82831170256293,340.5998742753596,18.903310542431818,36.91381275212463,73.88334900350688,4.831750044375206,15.01868794430742,38.545668233754846,0.4170356104548603,52.0245661454372,46.63622877828687,2.1326132719174975,71.22221652207318,1.1293993463745686,188.19284698680855,47.75722549509907,280.9316833069295,109.6790177747061,74.32273723302828,0.5037493551098695,144.4891846388471,0.6659864730347985,1.90958381966951,14.90283806801829,0.2877297040641532,0.14503259192131202,0.4996918274801653,1.999224881307913,1.0171568374545428,0.514376882159638,0.4996918274801653,0.9993836549603305,2.4984591374008267,0.9993836549603305,5.496610102281819,0.8666717298086315,3.9188470920459935,2.004030634782745,101.45623996750996,31.344551693160277,1.5056302072832095,4.497226447321488,38.17450448946225,0.21687976070648954,23271.45602668261,773.2413145950361,3653.434723649637,527.6545875665155,147.51417518562826,6.382190145223375,69.39621159789762,1.0199107348527807,22.62806033952054,28.403402371947436,109.60778673091754,32.11130436496138,0.8010399129302985,0.6907656256485901,15.086854224396307,52.04331874480443,28.222314749676585,114.63198631687115,14.910387931895777,0.2829614654631616,1.193451938827757,37.26242806483043,13.847805408371421,15.472352862786519,27.30255740350091,109.97421523201054,7.298357424145642,1.2065450094111911,81.5626153685258,23.671506247515833,6.622767085873597,12.02961806896694,3.442321478196692,0.599630192976198,0.1998767309920661,2.8882155700643763,4.26440100834151,3.906228389820788,1.6939047206209439,1.687703047567617,2.536079416284651,1.350892407668508,382.787766853046,0.5129664799805368,1.6655648281880335,0.33309058661385155
2020-02-29 15:00:00,0.14791260176011906,35.83870496082241,104.12870155365809,35.838704960822405,104.12870155365812,35.83870496082242,104.12870155365809,35.8387049608224,104.12870155365813,35.83870496082242,104.12870155365809,35.838704960822405,104.12870155365813,35.838704960822426,104.12870155365808,35.83870496082241,104.1287015536581,35.83870496082241,104.12870155365813,0.0,35.83870496082241,104.12870155365813,35.838704960822405,104.12870155365809,35.83870496082241,104.12870155365812,35.83870496082241,104.12870155365812,35.83870496082241,104.12870155365813,35.83870496082242,104.12870155365809,35.83870496082241,104.12870155365809,35.83870496082242,104.12870155365812,35.838704960822405,104.12870155365809,35.83870496082241,104.1287015536581,0.0,35.838704960822405,104.12870155365809,35.83870496082241,104.12870155365813,0.0,35.83870496082242,104.12870155365809,0.0,35.83870496082242,104.12870155365813,-0.00030972300093687344,35.83870496082241,104.12870155365809,0.0,35.83870496082241,104.12870155365809,0.0,37.06649854708604,-95.65162520352803,1.1006630891067357,0.008024023376243767,0.0002739488710403618,37.06649854708604,-95.65162520352803,0.9993599002617951,0.0,0.0,37.06649854708604,-95.65162520352803,0.0,0.0005445626482750666,37.06649854708604,-95.65162520352803,2.053915051938128,0.0009525982011837661,0.0006252502835650955,37.066498547086034,-95.65162520352803,1.0005646046148087,0.0,0.00014535349705009062,56.09443696741802,-106.27869845972397,0.0,0.0005233892720256615,-25.25821986445691,133.689506570468,4.001853719961928,2.601048631272959e-05,-25.25821986445691,133.689506570468,0.0,51.13293985458582,10.444835980943555,0.0,0.0,56.094436967418034,-106.27869845972396,-2.1535747973232006e-05,0.0879544991461923,-25.258219864456915,133.68950657046804,0.0,-25.258219864456912,133.689506570468,0.0,37.06649854708605,-95.65162520352803,2.0186008679449072,0.0,37.06649854708604,-95.65162520352803,0.9993599002617951,0.0,0.010095127144166997,37.06649854708604,-95.651625203528,1.1602644238712085,0.031658238531220316,37.06649854708604,-95.65162520352803,0.9993599002617951,0.0,37.06649854708604,-95.65162520352803,0.9976049957672416,0.0,0.0,37.06649854708604,-95.65162520352803,0.9993599002617951,0.0,0.0,37.06649854708605,-95.651625203528,0.0,37.06649854708604,-95.65162520352803,1.9987198005235902,0.0,0.0,56.09443696741803,-106.27869845972396,0.9993599002617951,0.0,56.09443696741803,-106.27869845972396,0.0,37.06649854708604,-95.65162520352803,0.9993599002617951,0.0,-0.00010805415339101734,0.0,0.0,60.96095391596948,0.0,0.0,0.0,0.0,37.06649854708604,-95.65162520352803,0.0,37.06649854708604,-95.65162520352803,0.9993599002617951,0.0,0.0,37.06649854708604,-95.65162520352803,0.9993599002617951,0.0,0.0,0.0,0.0,0.0,0.0,37.06649854708604,-95.65162520352803,1.0004507182251496,0.0,0.0,37.06649854708604,-95.65162520352803,10.992958902879746,0.0,0.0,37.06649854708604,-95.65162520352803,4.996799501308975,0.0,0.0,37.06649854708604,-95.65162520352803,1.9987198005235902,0.0,0.0,37.06649854708604,-95.65162520352803,0.0,0.0,37.06649854708604,-95.65162520352803,0.0,0.0,37.06649854708604,-95.65162520352803,0.0,0.0,37.06649854708604,-95.65162520352801,36.052550432558995,0.0,0.0,2.267756011470731e+38,7.34418848547606e+38,-2.508987508761243e+38,8.764528735491836e+38,-1.0375516280601435e+36,-6.626291183510891e+36,-1.167434216862972e+37,1.8096122030811354e+38,2.0473777194982834e+37,3.3209238890456456e+38,1.050346742498966e+30,4.126608844296792e+29,-6.866616330359997,0.15340928910951196,22.339364028941645,7.70069741107597e+47,-1.9319744482181484e+50,4.877791248446739e+45,-8.891040871264172e+49,1.114769431260891e+41,1.9284264300393537e+41,0.6911496257142613,0.34405764264125704,176.5482325655141,99.42876318943257,2.6189543551970065,0.23863458496995998,218.9370258690641,28.92725573207471,1.097102113814599,1.8912780705184882,132.08558244074135,60.41637357362679,322.2428725068618,1.010118993593953,40.936548481422676,92.00006371272696,14.595892220439875,145.83688369436487,213.17581899007655,43.459628379666,6.844239412957494,2.065963539114083,51.20527037349851,0.7069209747391932,41.206989822476885,1.2754743368608905,165.28913807869944,201.86926617767597,1.8423356220009541,207.83138964354066,0.3845370324611197,522.4716193768002,1.1519891335289438,64.01550401673921,208.44510709552853,340.2734770933226,19.33727346740603,36.815794798743006,73.93755442947987,4.8324538318198655,14.986432050505465,38.550802015653304,0.4174421888347641,52.0473524167523,46.65974262810472,2.1348159367154977,71.46416784552893,1.1328628033242882,189.01494276665824,47.62083228066379,280.90961142019574,109.6340331489603,74.32692878559881,0.503438263407348,144.5111401079655,0.666285849462052,1.9198327414035992,15.00365808282524,0.27503531703132145,0.1461996378895088,0.49967995013089755,1.9994313769177114,1.0192409676831131,0.5155090693965075,0.49967995013089755,0.9993599002617951,2.4983997506544875,0.9993599002617951,5.496479451439873,0.8603638496444462,3.927031318122632,2.0039921926552395,101.38574717388153,31.34380665358263,1.5056324028711532,4.497119551178077,38.17359710635529,0.21521432558797962,23284.1048009898,773.8316247072572,3663.715465945418,527.7634728157541,147.75692054397558,6.376701595391944,69.39612854129007,1.019933195421801,22.548742931752795,28.38681462643872,109.61694211882329,32.27779730583022,0.8041915205474668,0.6908580706042805,15.094704118490505,52.01739872930016,28.22433864663169,114.625603060008,14.898175010574507,0.28253074403209966,1.1893054142578734,37.18557159575456,13.730033005868897,15.514473992020399,27.30194271492385,109.97162440105706,7.298176450592285,1.2064962938717398,81.59077208751705,23.727663535780465,6.595654837161067,12.029332132780862,3.442239656457292,0.5996159401570766,0.19987198005235898,2.880109007297004,4.272587864166246,3.89537755927679,1.691108205652983,1.6850142021301715,2.554144075973057,1.3523831119975096,382.3587304116443,0.5057957278370888,1.6655242160983736,0.33308215791828927
2020-02-29 16:00:00,0.1474033389926795,35.83787272994591,104.12628352207302,35.8378727299459,104.12628352207305,35.837872729945914,104.12628352207302,35.8378727299459,104.12628352207307,35.83787272994592,104.12628352207302,35.83787272994591,104.12628352207307,35.83787272994592,104.12628352207302,35.837872729945914,104.12628352207304,35.837872729945914,104.12628352207307,0.0,35.837872729945914,104.12628352207307,35.83787272994591,104.12628352207304,35.837872729945914,104.12628352207305,35.837872729945914,104.12628352207305,35.837872729945914,104.12628352207307,35.837872729945914,104.12628352207304,35.83787272994591,104.12628352207302,35.837872729945914,104.12628352207305,35.8378727299459,104.12628352207304,35.837872729945914,104.12628352207304,0.0,35.8378727299459,104.12628352207302,35.83787272994591,104.12628352207307,0.0,35.837872729945914,104.12628352207302,0.0,35.837872729945914,104.12628352207307,-0.00031348944628041206,35.837872729945914,104.12628352207304,0.0,35.837872729945914,104.12628352207305,0.0,37.06563780491892,-95.64940402293658,1.1011839772546508,0.008066590182755462,0.00027534320986837837,37.06563780491892,-95.64940402293658,0.999336693559247,0.0,0.0,37.06563780491892,-95.64940402293658,0.0,0.0005473187891057377,37.06563780491893,-95.64940402293658,2.0541713049927592,0.0009579469574593261,0.000628570217844943,37.06563780491892,-95.64940402293657,1.000546331891411,0.0,0.00014582473917858717,56.093134366710345,-106.27623050184242,0.0,0.0005237334652329565,-25.257633329020443,133.68640209067854,4.002025736669783,2.2043482036524648e-05,-25.25763332902044,133.68640209067854,0.0,51.13175246761412,10.4445934354885,0.0,0.0,56.09313436671036,-106.27623050184239,-2.2242288713165796e-05,0.09420881161002603,-25.257633329020447,133.68640209067854,0.0,-25.257633329020443,133.68640209067854,0.0,37.06563780491893,-95.64940402293657,2.020736281489149,0.0,37.06563780491892,-95.64940402293657,0.999336693559247,0.0,0.008803748456407943,37.06563780491892,-95.64940402293655,1.171906371928266,0.03384885857445317,37.06563780491892,-95.64940402293658,0.999336693559247,0.0,37.06563780491892,-95.64940402293658,0.9975543586359916,0.0,0.0,37.06563780491892,-95.64940402293658,0.999336693559247,0.0,0.0,37.065637804918936,-95.64940402293655,0.0,37.06563780491892,-95.64940402293658,1.998673387118494,0.0,0.0,56.093134366710345,-106.2762305018424,0.999336693559247,0.0,56.09313436671036,-106.2762305018424,0.0,37.06563780491892,-95.64940402293657,0.999336693559247,0.0,-0.00010884208501767112,0.0,0.0,60.95953830711405,0.0,0.0,0.0,0.0,37.06563780491892,-95.64940402293658,0.0,37.06563780491892,-95.64940402293658,0.999336693559247,0.0,0.0,37.06563780491892,-95.64940402293658,0.999336693559247,0.0,0.0,0.0,0.0,0.0,0.0,37.06563780491892,-95.64940402293658,1.0004169856988463,0.0,0.0,37.06563780491892,-95.64940402293658,10.992703629151718,0.0,0.0,37.06563780491892,-95.64940402293658,4.996683467796235,0.0,0.0,37.06563780491892,-95.64940402293658,1.998673387118494,0.0,0.0,37.06563780491892,-95.64940402293658,0.0,0.0,37.06563780491892,-95.64940402293658,0.0,0.0,37.06563780491892,-95.64940402293658,0.0,0.0,37.06563780491892,-95.64940402293655,36.042533188174204,0.0,0.0,2.2811975026481304e+38,7.387719114094555e+38,-2.5237966836350646e+38,8.81626093355073e+38,-1.0432138372929765e+36,-6.662452706565786e+36,-1.174115589556105e+37,1.8199688410691142e+38,2.0597151371273884e+37,3.3409356458130666e+38,1.0565233668193151e+30,4.150875604516965e+29,-6.829502608258335,0.1526962376996775,22.348685239901855,7.746341146904375e+47,-1.943377831995671e+50,4.904410718645482e+45,-8.941925415191982e+49,1.121324896901054e+41,1.9394648030173507e+41,0.688505012077208,0.34281304317941014,176.68560908601276,99.0185334617305,2.704647255872134,0.2393306631719906,218.97486149775955,28.95040726321723,1.0962056873621078,1.8872860747501328,131.38426794566718,60.3737998373919,322.6222919029499,1.01452062427588,41.18239059295545,92.26025382191796,14.58173192408961,145.774679453015,213.15245751889586,43.48955446795457,6.848511666600914,2.067951307978267,51.33373822343483,0.7078610613792262,41.18078909088154,1.278322205267559,165.72838909582876,201.2302923302835,1.8435625460605265,207.7674637066958,0.3848068972004693,522.0104235698118,1.151583874281101,64.35930894229416,207.89638918543818,339.9735330234448,19.785098950918435,36.716757124669385,73.98019533162605,4.83177253705991,14.9539906441295,38.550305619554834,0.4174585925165021,52.07486573789675,46.715870381971214,2.1373698475644214,71.73722707736528,1.1357860792047354,189.71547787804963,47.51608606809239,280.85041038373686,109.60040355074149,74.33262540156764,0.5031227297820763,144.51882766336303,0.6664074763355363,1.9304222318443123,15.085166556785559,0.26372736770617644,0.14720838677900308,0.4996683467796235,1.9996982071634397,1.021399587929903,0.51659277606685,0.4996683467796235,0.999336693559247,2.4983417338981173,0.999336693559247,5.496351814575859,0.854443443367833,3.934832085621464,2.0039538017409386,101.31848485993261,31.34307880128683,1.5056348060858713,4.497015121016611,38.17271065562517,0.21362580625179917,23289.35114458869,774.0869079399835,3669.9338469279037,527.935609119861,148.10307333536068,6.368756624641974,69.3832792627265,1.01957542970839,22.49399510461044,28.369821815638574,109.6264680885702,32.44875690065128,0.8074272342376423,0.6909776493581229,15.104583717694094,51.99111791316691,28.22597940547259,114.61983296748065,14.888092066350254,0.2821631189307308,1.1857705451373268,37.109404388954076,13.613269526975945,15.564851869218009,27.301340880009036,109.96909608157807,7.2980005489632696,1.2064508849745421,81.6236266462721,23.791746059915344,6.568346515297637,12.029052792842784,3.442159722259626,0.599602016135548,0.19986733871184936,2.872561148994829,4.280432802533869,3.885029404080309,1.6884409126618336,1.682484127570988,2.571883886514788,1.3538377922074272,381.9758761078298,0.4994086658439876,1.6654845090401604,0.3330739077404568
2020-02-29 17:00:00,0.14692971446738148,35.83706000383356,104.12392216122333,35.83706000383356,104.12392216122335,35.83706000383357,104.12392216122335,35.83706000383355,104.12392216122336,35.83706000383357,104.12392216122335,35.83706000383355,104.12392216122336,35.83706000383357,104.12392216122335,35.83706000383356,104.12392216122336,35.837060003833564,104.12392216122338,0.0,35.83706000383356,104.12392216122336,35.83706000383356,104.12392216122335,35.83706000383356,104.12392216122336,35.837060003833564,104.12392216122335,35.837060003833564,104.12392216122338,35.837060003833564,104.12392216122335,35.83706000383356,104.12392216122333,35.83706000383357,104.12392216122336,35.83706000383356,104.12392216122335,35.837060003833564,104.12392216122336,0.0,35.83706000383356,104.12392216122333,35.83706000383356,104.12392216122336,0.0,35.83706000383357,104.12392216122333,0.0,35.83706000383357,104.12392216122338,-0.0003172704602020966,35.837060003833564,104.12392216122335,0.0,35.837060003833564,104.12392216122335,0.0,37.06479723572716,-95.64723489953838,1.101694934542257,0.008108313746775973,0.0002767072513241739,37.06479723572716,-95.64723489953838,0.9993140307457478,0.0,0.0,37.064797235727156,-95.64723489953838,0.0,0.0005500143055965051,37.06479723572717,-95.64723489953838,2.0544230971644026,0.000963203153020752,0.0006318245164005891,37.064797235727156,-95.64723489953838,1.000528439208604,0.0,0.00014627303754920066,56.09186229469405,-106.27382038480499,0.0,0.0005239604306771992,-25.257060540052265,133.68337036972054,4.0022684967237865,1.7968701844294638e-05,-25.257060540052258,133.68337036972054,0.0,51.13059290910143,10.44435657450398,0.0,0.0,56.09186229469406,-106.27382038480498,-2.2961722282532557e-05,0.10004541527791055,-25.25706054005227,133.68337036972054,0.0,-25.25706054005226,133.68337036972054,0.0,37.06479723572717,-95.64723489953838,2.0229136085717916,0.0,37.06479723572716,-95.64723489953838,0.9993140307457478,0.0,0.007653707740902917,37.06479723572716,-95.64723489953835,1.1829972151289143,0.03589955991210361,37.06479723572716,-95.64723489953838,0.9993140307457478,0.0,37.06479723572716,-95.64723489953838,0.9975039860572068,0.0,0.0,37.06479723572716,-95.64723489953838,0.9993140307457478,0.0,0.0,37.06479723572717,-95.64723489953835,0.0,37.06479723572716,-95.64723489953838,1.9986280614914955,0.0,0.0,56.091862294694046,-106.27382038480498,0.9993140307457478,0.0,56.09186229469405,-106.27382038480499,0.0,37.06479723572716,-95.64723489953836,0.9993140307457478,0.0,-0.00010962297849078859,0.0,0.0,60.958155875490604,0.0,0.0,0.0,0.0,37.06479723572716,-95.64723489953838,0.0,37.06479723572716,-95.64723489953838,0.9993140307457478,0.0,0.0,37.06479723572716,-95.64723489953838,0.9993140307457478,0.0,0.0,0.0,0.0,0.0,0.0,37.06479723572716,-95.64723489953838,1.000386118274852,0.0,0.0,37.06479723572716,-95.64723489953838,10.992454338203226,0.0,0.0,37.06479723572716,-95.64723489953838,4.996570153728739,0.0,0.0,37.06479723572716,-95.64723489953838,1.9986280614914955,0.0,0.0,37.06479723572716,-95.64723489953838,0.0,0.0,37.06479723572716,-95.64723489953838,0.0,0.0,37.06479723572716,-95.64723489953838,0.0,0.0,37.064797235727156,-95.64723489953836,36.03361883728712,0.0,0.0,2.2944367988072905e+38,7.430594928739542e+38,-2.5383805664286263e+38,8.867206129321095e+38,-1.048771072920022e+36,-6.697943818954106e+36,-1.1806867808067321e+37,1.830154689405704e+38,2.0718751753186836e+37,3.360659686441523e+38,1.0626050885140043e+30,4.174769510708505e+29,-6.794589232996513,0.15202628555767497,22.353844727008642,7.791298282125977e+47,-1.954607736016547e+50,4.930536681512355e+45,-8.991970830289708e+49,1.127779639092711e+41,1.9503212174631565e+41,0.6860168720315867,0.34165670342949866,176.80092033228192,98.66863930563008,2.791240187123952,0.23984790575160636,219.03847455151754,28.959086168480848,1.0956268354917027,1.8841400333675808,130.83450912462393,60.301638458029856,322.92166397820665,1.0179961926017236,41.391068954702774,92.52509014780156,14.553917467160328,145.71668923585972,213.09496687699718,43.492177095867575,6.8465248467836854,2.0690806521580742,51.413132458819895,0.7089689803444483,41.15590813524474,1.2798973603130264,165.98839428688058,200.63566388067107,1.8456024880478792,207.72515268861954,0.385155062972369,521.645614591461,1.150980888456139,64.63964549818422,207.2233563315753,339.71393750117875,20.240486417119612,36.62480283044345,74.01195916921702,4.83004545619277,14.92415877694147,38.545548155592364,0.41717940326087644,52.107447216104106,46.80206092664496,2.1401097936042683,72.02577845173481,1.138179306885844,190.29698581241695,47.45162042820162,280.7637745996314,109.58001860302849,74.34013152089148,0.5028257316033845,144.51565275878932,0.6663936358038585,1.941199094602841,15.148594125501168,0.2537444016147677,0.14805868137590883,0.4996570153728739,2.0000368148509233,1.0235995778260447,0.5176067953289255,0.4996570153728739,0.9993140307457478,2.4982850768643696,0.9993140307457478,5.496227169101613,0.8489927818721849,3.9421662243504496,2.003915434264056,101.25513593851349,31.342368007463346,1.5056373896500295,4.496913138355865,38.171844980394866,0.21213080416738145,23288.928431221004,774.0858956156692,3673.1241274091144,528.1596817809137,148.53350852086,6.358988795811432,69.36066470459224,1.0189266867631117,22.467741777920427,28.35271222703851,109.63615184458149,32.62119013701161,0.8106896474008347,0.6911299272044265,15.11691373814551,51.966372328202986,28.227071045452718,114.61490417367243,14.881036885713797,0.28188476984112515,1.183150609168305,37.03551466323009,13.49996080437492,15.62409145834045,27.30075224666667,109.96662950539434,7.297829442971946,1.2064081577964958,81.65898370515572,23.859908678967216,6.543007552821,12.028779999717331,3.442081661457573,0.5995884184474484,0.19986280614914953,2.865689885772319,4.287745384003308,3.8752918360363435,1.6859305064718235,1.6801329449430629,2.5889831112474413,1.3552265618141432,381.63716463741554,0.493770568031748,1.6654457003354437,0.3330658347948481
2020-02-29 18:00:00,0.14652919837793132,35.83626663335545,104.12161703781481,35.83626663335545,104.12161703781484,35.836266633355464,104.12161703781481,35.83626663335545,104.12161703781486,35.836266633355464,104.12161703781484,35.83626663335545,104.12161703781486,35.836266633355464,104.12161703781484,35.83626663335546,104.12161703781486,35.836266633355464,104.12161703781484,0.0,35.83626663335545,104.12161703781486,35.83626663335545,104.12161703781484,35.836266633355464,104.12161703781484,35.836266633355464,104.12161703781484,35.83626663335546,104.12161703781487,35.836266633355464,104.12161703781484,35.83626663335546,104.12161703781483,35.836266633355464,104.12161703781486,35.83626663335546,104.12161703781484,35.83626663335546,104.12161703781484,0.0,35.83626663335545,104.12161703781483,35.83626663335546,104.12161703781486,0.0,35.836266633355464,104.12161703781483,0.0,35.836266633355464,104.12161703781487,-0.00032106261166967714,35.83626663335546,104.12161703781484,0.0,35.83626663335546,104.12161703781484,0.0,37.06397668527183,-95.64511743531352,1.1021956258889476,0.008149167792743965,0.0002780400912259693,37.06397668527183,-95.64511743531352,0.9992919076628202,0.0,0.0,37.06397668527183,-95.64511743531352,0.0,0.0005526473984405614,37.06397668527184,-95.64511743531352,2.0546702404870327,0.000968363702468475,0.0006350111310508798,37.06397668527183,-95.64511743531352,1.0005109182941185,0.0,0.000146697880865153,56.09062051795227,-106.27146766637107,0.0,0.0005240681643782774,-25.256501392449366,133.68041085129315,4.002595044929967,1.3785566308047864e-05,-25.256501392449362,133.68041085129315,0.0,51.12946096627638,10.44412535452756,0.0,0.0,56.09062051795229,-106.27146766637105,-2.369404953226793e-05,0.10531511319694234,-25.256501392449366,133.68041085129315,0.0,-25.25650139244936,133.68041085129315,0.0,37.06397668527184,-95.64511743531352,2.0250938977335804,0.0,37.06397668527183,-95.64511743531355,0.9992919076628202,0.0,0.006638727685471407,37.06397668527183,-95.64511743531352,1.1933646029985532,0.037770934206439184,37.06397668527183,-95.64511743531352,0.9992919076628202,0.0,37.06397668527183,-95.64511743531354,0.9974538774275463,0.0,0.0,37.06397668527183,-95.64511743531352,0.9992919076628202,0.0,0.0,37.06397668527184,-95.64511743531352,0.0,37.06397668527183,-95.64511743531352,1.9985838153256403,0.0,0.0,56.090620517952274,-106.27146766637105,0.9992919076628202,0.0,56.09062051795228,-106.27146766637108,0.0,37.06397668527183,-95.64511743531352,0.9992919076628202,0.0,-0.00011039605130813398,0.0,0.0,60.95680636743201,0.0,0.0,0.0,0.0,37.06397668527183,-95.64511743531354,0.0,37.06397668527183,-95.64511743531352,0.9992919076628202,0.0,0.0,37.06397668527183,-95.64511743531352,0.9992919076628202,0.0,0.0,0.0,0.0,0.0,0.0,37.06397668527183,-95.64511743531352,1.0003576190296564,0.0,0.0,37.06397668527183,-95.64511743531352,10.99221098429102,0.0,0.0,37.06397668527183,-95.64511743531352,4.996459538314101,0.0,0.0,37.06397668527183,-95.64511743531352,1.9985838153256403,0.0,0.0,37.06397668527183,-95.64511743531352,0.0,0.0,37.06397668527183,-95.64511743531352,0.0,0.0,37.06397668527183,-95.64511743531352,0.0,0.0,37.06397668527183,-95.64511743531352,36.02574228327095,0.0,0.0,2.307466646496708e+38,7.472792438914385e+38,-2.552731124965531e+38,8.917336264376705e+38,-1.0542199600824908e+36,-6.732742967245274e+36,-1.1871440289130752e+37,1.8401639171658434e+38,2.083851308531611e+37,3.3800854262580857e+38,1.0685885424121954e+30,4.198277341767201e+29,-6.762151628145938,0.15143839174647492,22.35446424951741,7.835544185945022e+47,-1.96565797533187e+50,4.956153270987082e+45,-9.041148467881716e+49,1.1341300862633195e+41,1.9609894598241457e+41,0.6837047972247179,0.34059474939395273,176.8951467372378,98.39669012259094,2.8773243165058053,0.24020477149185396,219.12365930464802,28.95853546091876,1.0954152323151063,1.8819728623654393,130.46026509848477,60.212517173609044,323.14839171901133,1.0206307768638478,41.56428289211827,92.79062594270877,14.517223773136143,145.66726954174402,213.01575199114765,43.47972867098695,6.840580914708376,2.0694451022651075,51.44910252809582,0.7102556590563832,41.13395515030443,1.280330982971333,166.08848235532713,200.12317869826882,1.8483246940119025,207.707825668201,0.38555910184565295,521.3923093386902,1.150259539289251,64.86283922535131,206.47420910486125,339.50672479642225,20.69683776661484,36.5474649684626,74.03399247690473,4.827652381580657,14.899506942768834,38.538060153090065,0.4167103214717183,52.14542571879485,46.91333618751419,2.1428573866829916,72.31302668296259,1.1400791279634745,190.7679992743229,47.433679485070904,280.6607414571159,109.57407239048831,74.34980197883739,0.5025685045535564,144.50541559828383,0.6662915107601918,1.9520033258958236,15.195952031768845,0.2450055688888771,0.14875753994333007,0.4996459538314101,2.0004602702158145,1.0258019900707611,0.5185314209346295,0.4996459538314101,0.9992919076628202,2.4982297691570503,0.9992919076628202,5.49610549214551,0.844077187533748,3.9489748388061185,2.0038770622691358,101.19618380307725,31.34167414168618,1.5056401260075607,4.49681358448269,38.17099992181866,0.21074107319892504,23284.734107339456,773.9147300521722,3674.409114216275,528.4208560397658,149.02330679732898,6.348137731978009,69.33163712704145,1.0180866635024737,22.472422434187273,28.335773927712303,109.64578074664819,32.79210472879031,0.8139213969556414,0.6913213902661359,15.132184480980868,51.94491428299129,28.22748683925211,114.61099070283571,14.87769049454838,0.2817156802475108,1.1816801538975517,36.96530666693256,13.392267538953265,15.692775524961252,27.300177054148527,109.96422397183944,7.297662912421658,1.2063676298534645,81.6944727922624,23.92800717546021,6.521687077017418,12.028513703348755,3.442005459727489,0.5995751445976918,0.199858381532564,2.859592391349959,4.294334903869916,3.866241257505121,1.6835965722958173,1.6779734636453396,2.6051357459654323,1.3565201638404019,381.33991357611706,0.48883574846872924,1.665407783225,0.33305793778109
2020-02-29 19:00:00,0.14623400062924277,35.83549246759296,104.1193677133561,35.83549246759295,104.11936771335613,35.835492467592964,104.1193677133561,35.83549246759294,104.11936771335614,35.835492467592964,104.11936771335613,35.83549246759295,104.11936771335614,35.835492467592964,104.11936771335613,35.83549246759295,104.11936771335614,35.83549246759296,104.11936771335613,0.0,35.83549246759296,104.11936771335614,35.83549246759295,104.11936771335613,35.835492467592964,104.11936771335613,35.83549246759296,104.11936771335613,35.83549246759296,104.11936771335616,35.835492467592964,104.11936771335613,35.83549246759295,104.11936771335611,35.83549246759296,104.11936771335616,35.83549246759295,104.11936771335613,35.83549246759296,104.11936771335616,0.0,35.83549246759294,104.11936771335611,35.83549246759295,104.11936771335614,0.0,35.83549246759296,104.11936771335613,0.0,35.835492467592964,104.11936771335616,-0.0003248615597390477,35.83549246759295,104.11936771335613,0.0,35.83549246759295,104.11936771335613,0.0,37.06317599746399,-95.64305122746809,1.1026857132015349,0.008189125812504038,0.00027934081768184036,37.06317599746399,-95.64305122746809,0.9992703201021076,0.0,0.0,37.06317599746399,-95.64305122746809,0.0,0.000555216253063903,37.06317599746399,-95.64305122746809,2.0549125452541683,0.0009734254915969923,0.0006381279954540247,37.063175997463986,-95.64305122746809,1.000493760796744,0.0,0.0001470987548094616,56.08940880026842,-106.26917189899551,0.0,0.0005240546567833321,-25.255955779848065,133.6775229724229,4.003020116576183,9.49351135699425e-06,-25.25595577984806,133.6775229724229,0.0,51.12835642381552,10.443899731575497,0.0,0.0,56.089408800268444,-106.2691718989955,-2.443926836813654e-05,0.10987516661194235,-25.255955779848062,133.67752297242288,0.0,-25.255955779848062,133.6775229724229,0.0,37.063175997463986,-95.64305122746809,2.0272332132628605,0.0,37.06317599746399,-95.6430512274681,0.9992703201021076,0.0,0.005750549476429804,37.06317599746399,-95.64305122746808,1.2028650569908095,0.03942885782151281,37.06317599746399,-95.64305122746809,0.9992703201021076,0.0,37.063175997463986,-95.64305122746809,0.9974040322156794,0.0,0.0,37.06317599746399,-95.64305122746809,0.9992703201021076,0.0,0.0,37.06317599746399,-95.64305122746808,0.0,37.06317599746399,-95.64305122746809,1.9985406402042152,0.0,0.0,56.08940880026842,-106.2691718989955,0.9992703201021076,0.0,56.08940880026844,-106.26917189899552,0.0,37.06317599746399,-95.64305122746806,0.9992703201021076,0.0,-0.00011116035757926775,0.0,0.0,60.95548952622854,0.0,0.0,0.0,0.0,37.06317599746399,-95.6430512274681,0.0,37.06317599746399,-95.64305122746809,0.9992703201021076,0.0,0.0,37.06317599746399,-95.64305122746809,0.9992703201021076,0.0,0.0,0.0,0.0,0.0,0.0,37.06317599746399,-95.64305122746809,1.0003310913841674,0.0,0.0,37.06317599746399,-95.64305122746809,10.99197352112318,0.0,0.0,37.06317599746399,-95.64305122746809,4.996351600510537,0.0,0.0,37.06317599746399,-95.64305122746809,1.9985406402042152,0.0,0.0,37.06317599746399,-95.64305122746809,0.0,0.0,37.06317599746399,-95.64305122746809,0.0,0.0,37.06317599746399,-95.64305122746809,0.0,0.0,37.063175997463986,-95.64305122746806,36.018828086385554,0.0,0.0,2.3202797210559423e+38,7.514287923510393e+38,-2.5668402485369922e+38,8.96662300595785e+38,-1.0595570933092916e+36,-6.766828402504146e+36,-1.1934835364729518e+37,1.8499906380861055e+38,2.0956369461145114e+37,3.3992021749771586e+38,1.0744703305600102e+30,4.221385747790618e+29,-6.732360269526665,0.1509669291030566,22.350405435554087,7.879053985759086e+47,-1.9765223045210856e+50,4.981244477093282e+45,-9.089429407402216e+49,1.140372632046566e+41,1.9714632575692366e+41,0.6815809149335071,0.3396300121161447,176.97005272198538,98.21660408668399,2.961536800642003,0.24042581607189,219.22444823569776,28.95404917160646,1.0955990901307229,1.880875457714517,130.27792778599772,60.119604211444354,323.31348508011837,1.022551035136052,41.705034915016014,93.05286085291303,14.47662252169738,145.63016519671157,212.92769269289371,43.46475887025673,6.833028122281866,2.069179194524594,51.44968882599177,0.7117308343849473,41.11635651932806,1.2798127834671977,166.0562724677165,199.72607165941176,1.8515417716263294,207.7173958713127,0.3859927386880798,521.2608452487951,1.1495029804032282,65.03811453075586,205.70131241673047,339.3614376496462,21.14745138738335,36.49121808439951,74.04781570071455,4.824987645141901,14.882204669979231,38.52941353460509,0.4161598879072612,52.18909426740174,47.04264989539949,2.1454331220299663,72.58212989581551,1.1415433280116434,191.1418072389849,47.46578764895713,280.5528754301734,109.583001260787,74.36204638720147,0.5023691003447701,144.49197436820162,0.6661490039841093,1.9626727487059565,15.229881565048538,0.23741700762928053,0.14931758914150906,0.4996351600510538,2.0009833327992395,1.0279628931607536,0.51934958896181,0.4996351600510538,0.9992703201021076,2.4981758002552685,0.9992703201021076,5.49598676056159,0.8397466690480067,3.9552214585497794,2.003838657626974,101.14192750812589,31.340997071964928,1.5056429873276933,4.496716440459483,38.17017531914556,0.20946388874761002,23278.692353642706,773.6607289287699,3674.9177644353044,528.7017526196989,149.54338230500136,6.337005649388311,69.29969219856548,1.0171593217050865,22.508858913328723,28.319284634878407,109.65514976818527,32.95861435554153,0.8170671794232418,0.6915595255448397,15.15096188189267,51.92823334682802,28.227147662587875,114.60820096129372,14.878472830749175,0.28166831950181553,1.1815109984406935,36.89998639346574,13.292043147742254,15.77142322699541,27.299615455465826,109.96187883263293,7.297500781428242,1.2063289315054995,81.72770857093006,23.991878635011716,6.5061906050410485,12.028253853080919,3.4419311025739234,0.5995621920612643,0.19985406402042147,2.854347367389748,4.300018910580727,3.857924960908702,1.6814512309195164,1.6760120619946943,2.620062923883291,1.3576914550784318,381.0810090369922,0.4845511683170497,1.6653707508711195,0.333050215384506
2020-02-29 20:00:00,0.14606900679697252,35.834737353897516,104.11717374432968,35.83473735389751,104.1171737443297,35.83473735389752,104.11717374432968,35.8347373538975,104.1171737443297,35.83473735389752,104.11717374432969,35.83473735389751,104.1171737443297,35.83473735389752,104.11717374432969,35.83473735389751,104.11717374432969,35.83473735389752,104.1171737443297,0.0,35.834737353897516,104.1171737443297,35.834737353897516,104.1171737443297,35.83473735389752,104.1171737443297,35.83473735389751,104.11717374432969,35.834737353897516,104.11717374432972,35.83473735389752,104.1171737443297,35.83473735389751,104.11717374432968,35.834737353897516,104.11717374432972,35.83473735389751,104.11717374432969,35.834737353897516,104.11717374432973,0.0,35.8347373538975,104.11717374432969,35.83473735389751,104.1171737443297,0.0,35.83473735389751,104.11717374432969,0.0,35.83473735389752,104.11717374432973,-0.0003286617666317538,35.83473735389751,104.1171737443297,0.0,35.83473735389751,104.1171737443297,0.0,37.062395014425526,-95.6410358685911,1.1031648554022582,0.008228161067428911,0.00028060851116594004,37.062395014425526,-95.6410358685911,0.9992492638070158,0.0,0.0,37.06239501442553,-95.6410358685911,0.0,0.0005577190397778512,37.062395014425526,-95.6410358685911,2.05514982003613,0.0009783853776281326,0.0006411730252729086,37.062395014425526,-95.6410358685911,1.0004769582883823,0.0,0.00014747514210246065,56.088226902718326,-106.26693263000328,0.0,0.0005239178930603848,-25.25542359466551,133.67470616368337,4.00356014596128,5.091988553238003e-06,-25.25542359466551,133.67470616368334,0.0,51.12727906392725,10.44367966115988,0.0,0.0,56.08822690271834,-106.26693263000327,-2.519737371855374e-05,0.11359623326640036,-25.25542359466551,133.67470616368334,0.0,-25.25542359466551,133.67470616368337,0.0,37.062395014425526,-95.6410358685911,2.0292838969664353,0.0,37.062395014425526,-95.64103586859113,0.9992492638070158,0.0,0.004979582717918252,37.062395014425526,-95.6410358685911,1.211394539662119,0.04084665333818794,37.062395014425526,-95.6410358685911,0.9992492638070158,0.0,37.062395014425526,-95.6410358685911,0.9973544499646979,0.0,0.0,37.062395014425526,-95.6410358685911,0.9992492638070158,0.0,0.0,37.062395014425526,-95.6410358685911,0.0,37.062395014425526,-95.6410358685911,1.9984985276140317,0.0,0.0,56.08822690271832,-106.26693263000327,0.9992492638070158,0.0,56.08822690271833,-106.26693263000328,0.0,37.062395014425526,-95.64103586859108,0.9992492638070158,0.0,-0.00011191473383174305,0.0,0.0,60.954205092227944,0.0,0.0,0.0,0.0,37.062395014425526,-95.64103586859112,0.0,37.062395014425526,-95.6410358685911,0.9992492638070158,0.0,0.0,37.062395014425526,-95.6410358685911,0.9992492638070158,0.0,0.0,0.0,0.0,0.0,0.0,37.062395014425526,-95.6410358685911,1.0003062199950263,0.0,0.0,37.062395014425526,-95.6410358685911,10.991741901877173,0.0,0.0,37.062395014425526,-95.6410358685911,4.9962463190350785,0.0,0.0,37.062395014425526,-95.6410358685911,1.9984985276140317,0.0,0.0,37.062395014425526,-95.6410358685911,0.0,0.0,37.062395014425526,-95.6410358685911,0.0,0.0,37.062395014425526,-95.6410358685911,0.0,0.0,37.06239501442552,-95.6410358685911,36.012795047485454,0.0,0.0,2.332868627124863e+38,7.555057432455984e+38,-2.580699748469146e+38,9.01503774895309e+38,-1.0647790367809091e+36,-6.800178181976301e+36,-1.1997014706610286e+37,1.8596289109944815e+38,2.107225432751602e+37,3.417999137425521e+38,1.0802470224594849e+30,4.2440812510169414e+29,-6.705292480352721,0.1506395494110004,22.34177654891739,7.921802568888323e+47,-1.9871944181288658e+50,5.005794147178974e+45,-9.136784458507007e+49,1.1465036355359719e+41,1.9817362796467697e+41,0.6796507272544021,0.3387625192097799,177.02790868116404,98.13788147594408,3.0426098253033502,0.2405398410679911,219.33354311054433,28.95051110876082,1.0961838231609196,1.8808930026722797,130.2956608432524,60.03564667008442,323.4304977400669,1.023912986645777,41.81715832083296,93.30786461437029,14.436974052743565,145.60826934759098,212.84327406597197,43.45926505611195,6.826081256264108,2.0684493467565117,51.424780432817606,0.7134021669214966,41.10427015467411,1.2785775542289346,165.9257364932816,199.47094330994517,1.855023451418591,207.75423002770418,0.386427601672094,521.2563602936998,1.148792102980582,65.17670646571501,204.95818317325507,339.2846346040949,21.585732185285803,36.461066405494854,74.05520809100749,4.8224334934044455,14.873871250762917,38.521100108681395,0.4156311022494519,52.23868337022987,47.181397071164916,2.147668694600705,72.81735641291306,1.1426438818735698,191.4348487577892,47.548581592734664,280.45142628289176,109.60646244905823,74.37733267221859,0.5022411660359095,144.47890999176178,0.6660105761850279,1.9730480277289009,15.253451656504303,0.23087738495556928,0.1497550752192244,0.4996246319035079,2.001622459588768,1.0300346331594203,0.5200479585726018,0.4996246319035079,0.9992492638070158,2.4981231595175393,0.9992492638070158,5.495870950938587,0.8360380342382395,3.960889516229324,2.0038001920405653,101.09250248682936,31.34033666479628,1.505645945509017,4.4966216871315705,38.169371009781955,0.20830255130920705,23272.615417895177,773.4060896376087,3675.7020928035854,528.9836054953316,150.06241365477152,6.326411191557227,69.26825270469774,1.0162464557403288,22.576210091445194,28.30350167051419,109.6640688926004,33.11804295793682,0.8200757502823702,0.6918528855623346,15.173892396206334,51.91745561990214,28.226027223285936,114.606570530597,14.883515229301562,0.28174681744981356,1.1827036220445535,36.840560272265876,13.200831664953292,15.860443311492674,27.29906753495134,109.95959348007314,7.297342909200982,1.206291782836617,81.75645450258074,24.047627718817154,6.497969645348826,12.028000397677038,3.4418585753352744,0.5995495582842092,0.19984985276140316,2.8500178783491243,4.304632074427216,3.850364401964556,1.6794999778933952,1.6742497125024678,2.6335307407151967,1.3587169374423431,380.8570893992467,0.480859566908692,1.6653345963603623,0.33304266627667317
2020-02-29 21:00:00,0.14605021620942102,35.83400113794843,104.11503468235954,35.83400113794843,104.11503468235955,35.834001137948434,104.11503468235952,35.83400113794843,104.11503468235958,35.83400113794844,104.11503468235955,35.83400113794843,104.11503468235955,35.83400113794844,104.11503468235955,35.83400113794842,104.11503468235954,35.834001137948434,104.11503468235955,0.0,35.83400113794843,104.11503468235955,35.83400113794843,104.11503468235956,35.834001137948434,104.11503468235955,35.834001137948434,104.11503468235955,35.834001137948434,104.11503468235956,35.83400113794844,104.11503468235955,35.834001137948434,104.11503468235954,35.83400113794844,104.11503468235956,35.83400113794843,104.11503468235955,35.834001137948434,104.11503468235958,0.0,35.83400113794842,104.11503468235954,35.834001137948434,104.11503468235956,0.0,35.834001137948434,104.11503468235955,0.0,35.834001137948434,104.11503468235958,-0.00033245612268166524,35.834001137948434,104.11503468235956,0.0,35.834001137948434,104.11503468235955,0.0,37.061633576548886,-95.63907094680872,1.1036327084576976,0.008266246590616304,0.00028184224459729893,37.061633576548886,-95.63907094680872,0.9992287344743223,0.0,0.0,37.061633576548886,-95.63907094680872,0.0,0.0005601539139367018,37.06163357654888,-95.63907094680872,2.0553818716977488,0.000983240189453007,0.0006441441183461939,37.06163357654888,-95.6390709468087,1.0004605022660795,0.0,0.0001478265225608328,56.0870745837605,-106.26474940176053,0.0,0.0005236558533979994,-25.25490472814034,133.67195984941029,4.004233202245493,5.804653721089292e-07,-25.254904728140335,133.67195984941029,0.0,51.126228666434216,10.443465098305472,0.0,0.0,56.08707458376051,-106.26474940176053,-2.596835750233624e-05,0.11636908142246628,-25.254904728140335,133.67195984941026,0.0,-25.25490472814034,133.67195984941029,0.0,37.06163357654888,-95.6390709468087,2.03119622679441,0.0,37.061633576548886,-95.63907094680873,0.9992287344743223,0.0,0.004315469142495391,37.061633576548886,-95.63907094680872,1.2188972965767733,0.042006940664999895,37.061633576548886,-95.63907094680872,0.9992287344743223,0.0,37.061633576548886,-95.6390709468087,0.9973051302945142,0.0,0.0,37.061633576548886,-95.63907094680872,0.9992287344743223,0.0,0.0,37.06163357654888,-95.63907094680869,0.0,37.061633576548886,-95.63907094680872,1.9984574689486445,0.0,0.0,56.0870745837605,-106.26474940176053,0.9992287344743223,0.0,56.087074583760504,-106.26474940176053,0.0,37.061633576548886,-95.63907094680867,0.9992287344743223,0.0,-0.00011265772700199414,0.0,0.0,60.95295280293364,0.0,0.0,0.0,0.0,37.061633576548886,-95.63907094680872,0.0,37.061633576548886,-95.63907094680872,0.9992287344743223,0.0,0.0,37.061633576548886,-95.63907094680872,0.9992287344743223,0.0,0.0,0.0,0.0,0.0,0.0,37.061633576548886,-95.63907094680872,1.000282754927626,0.0,0.0,37.061633576548886,-95.63907094680872,10.991516079217543,0.0,0.0,37.061633576548886,-95.63907094680872,4.996143672371612,0.0,0.0,37.061633576548886,-95.63907094680872,1.9984574689486445,0.0,0.0,37.061633576548886,-95.63907094680872,0.0,0.0,37.061633576548886,-95.63907094680872,0.0,0.0,37.061633576548886,-95.63907094680872,0.0,0.0,37.06163357654888,-95.6390709468087,36.00756006459103,0.0,0.0,2.3452258991734068e+38,7.595076788432449e+38,-2.5943013587131813e+38,9.062551617960629e+38,-1.069882324602955e+36,-6.832770170835076e+36,-1.2057939635168102e+37,1.8690727402567703e+38,2.118610048928383e+37,3.4364654142971614e+38,1.0859151553170849e+30,4.2663502468013024e+29,-6.680946119705698,0.1504754789768854,22.32892610937944,7.963764584374503e+47,-1.997667951119501e+50,5.0297859872026057e+45,-9.183184163266552e+49,1.152519421548642e+41,1.991802136960081e+41,0.6779140848016728,0.3379900152836258,177.07118056040616,98.16510294701419,3.119414517940343,0.24057769876385815,219.4428463106201,28.951973659720007,1.0971520487178672,1.8820230436268803,130.51305578623902,59.972047543672666,323.51428939350325,1.0248877844584139,41.90479070134582,93.55190159873776,14.402727357456282,145.60344184236618,212.77375525408863,43.47386168216813,6.821653128035389,2.0674427135681848,51.38545348313047,0.715274274518863,41.09851660754997,1.276888767254843,165.73483700824534,199.37610623000268,1.85851353682598,207.8171484520485,0.3868351396841443,521.3785741286495,1.1481997237250088,65.29082993150195,204.296491669877,339.27955065378796,22.005403144544083,36.46023254119743,74.05807132613532,4.820334640046382,14.875462268275696,38.5144175615042,0.41521355841350355,52.294331924631074,47.32004143329726,2.149418710964314,73.00518435857288,1.1434590210786886,191.6648849277652,47.679811403498654,280.36652076009784,109.64335423119151,74.39618927867299,0.5021930149000242,144.46921940312814,0.6659134381056762,1.982977718792765,15.269919773394399,0.2252825273753581,0.15008764337205155,0.4996143672371611,2.002395740355905,1.0319674923200883,0.520617837569661,0.4996143672371611,0.9992287344743223,2.498071836185806,0.9992287344743223,5.495758039608772,0.8329772397604088,3.965979421955684,2.003761637051048,101.04790459416027,31.339692785214453,1.505648972183554,4.496529305134449,38.16858682935317,0.2072569707509304,23268.07381723931,773.2219968553516,3677.659522504964,529.2475300499267,150.54895879440926,6.317143435224725,69.24045799397449,1.0154414309168789,22.67201531776825,28.288652893633728,109.67236978982999,33.268018769810006,0.8229017287386118,0.692211128631796,15.201706042266599,51.91326706200979,28.224153887103014,114.60605965128521,14.892651271828036,0.28194667624225983,1.1852244148395918,36.7878444381724,13.119882005439184,15.96008302690876,27.298533321815743,109.95736733796701,7.297189182933827,1.206255975890069,81.77877847617258,24.09189880863726,6.498033917548278,12.02775328533906,3.44178786318933,0.5995372406845931,0.19984574689486442,2.8466544434996734,4.3080347694854995,3.8435589976297284,1.677742657232935,1.672683075053389,2.645367117155873,1.359578219179495,380.6646988416028,0.4777020782171633,1.6652993127062594,0.3330352891159686
2020-02-29 22:00:00,0.14618376787527665,35.83328366380999,104.11295007437732,35.83328366380999,104.11295007437732,35.83328366381,104.1129500743773,35.833283663809986,104.11295007437735,35.83328366381001,104.11295007437732,35.833283663809986,104.11295007437732,35.83328366381,104.11295007437734,35.83328366380998,104.11295007437732,35.83328366380999,104.11295007437732,0.0,35.83328366380999,104.11295007437732,35.83328366380999,104.11295007437732,35.83328366380999,104.11295007437732,35.83328366380999,104.11295007437732,35.83328366380999,104.11295007437732,35.83328366381,104.11295007437732,35.83328366380999,104.11295007437731,35.83328366381,104.11295007437732,35.833283663809986,104.11295007437732,35.83328366380999,104.11295007437734,0.0,35.833283663809986,104.11295007437732,35.83328366380999,104.11295007437735,0.0,35.83328366381,104.11295007437732,0.0,35.83328366380999,104.11295007437735,-0.00033623545758099983,35.83328366380999,104.11295007437732,0.0,35.83328366380999,104.11295007437732,0.0,37.06089152255617,-95.63715604593665,1.1040889254086244,0.008303355189161702,0.0002830410834212633,37.06089152255617,-95.63715604593665,0.99920872775577,0.0,0.0,37.06089152255616,-95.63715604593665,0.0,0.0005625190161006316,37.06089152255616,-95.63715604593665,2.055608505416554,0.0009879867278827655,0.0006470391548653499,37.06089152255616,-95.63715604593665,1.0004443841540547,0.0,0.00014815237315823828,56.0859515993257,-106.26262175184418,0.0,0.0005232665133117504,-25.254399070372976,133.66928344791503,4.005058831383353,-4.041574510543072e-06,-25.254399070372973,133.66928344791503,0.0,51.12520500885485,10.44325599756635,0.0,0.0,56.08595159932571,-106.2626217518442,-2.675220859618471e-05,0.11811054881177105,-25.25439907037297,133.669283447915,0.0,-25.254399070372973,133.66928344791503,0.0,37.06089152255616,-95.63715604593665,2.0329204100316596,0.0,37.06089152255617,-95.63715604593668,0.99920872775577,0.0,0.003747553065171178,37.06089152255617,-95.63715604593665,1.2253720366491767,0.0429029977448808,37.06089152255617,-95.63715604593665,0.99920872775577,0.0,37.06089152255617,-95.63715604593665,0.9972560729042854,0.0,0.0,37.06089152255617,-95.63715604593665,0.99920872775577,0.0,0.0,37.06089152255616,-95.63715604593663,0.0,37.06089152255617,-95.63715604593665,1.99841745551154,0.0,0.0,56.0859515993257,-106.2626217518442,0.99920872775577,0.0,56.08595159932571,-106.26262175184418,0.0,37.06089152255617,-95.63715604593662,0.99920872775577,0.0,-0.00011338749899227258,0.0,0.0,60.951732393101956,0.0,0.0,0.0,0.0,37.06089152255617,-95.63715604593663,0.0,37.06089152255617,-95.63715604593665,0.99920872775577,0.0,0.0,37.06089152255617,-95.63715604593665,0.99920872775577,0.0,0.0,0.0,0.0,0.0,0.0,37.06089152255617,-95.63715604593665,1.0002604986417751,0.0,0.0,37.06089152255617,-95.63715604593665,10.991296005313465,0.0,0.0,37.06089152255617,-95.63715604593665,4.99604363877885,0.0,0.0,37.06089152255617,-95.63715604593665,1.99841745551154,0.0,0.0,37.06089152255617,-95.63715604593665,0.0,0.0,37.06089152255617,-95.63715604593665,0.0,0.0,37.06089152255617,-95.63715604593665,0.0,0.0,37.06089152255616,-95.63715604593665,36.003041264818506,0.0,0.0,2.3573440020516445e+38,7.634321588655222e+38,-2.6076367364579076e+38,9.109135469428267e+38,-1.0748634610893316e+36,-6.864582043989997e+36,-1.2117571122432102e+37,1.8783160762393984e+38,2.129784011415182e+37,3.4545900029377e+38,1.0914712343016279e+30,4.2881790046291056e+29,-6.659254053455239,0.15048432933910097,22.312423594156986,8.004914444848732e+47,-2.0079364793485895e+50,5.053203563064333e+45,-9.228598798440022e+49,1.1584162808990177e+41,2.0016543828606265e+41,0.6763662159514207,0.3373084789698509,177.10221755227116,98.29766733602897,3.190995217501105,0.24056992514805142,219.5440566423635,28.961310306707777,1.0984649196204626,1.8842153333968579,130.9211054647226,59.938044279724195,323.57971837987657,1.0256466841065246,41.971845297086176,93.78154725832589,14.377646848217733,145.6163959652598,212.72843254344113,43.51704508944268,6.821209571874812,2.066354827565972,51.34323780551164,0.7173477191098934,41.09953119049649,1.2750203957415178,165.52291037002337,199.45043242060066,1.8617489035800072,207.90351543019725,0.3871885802903207,521.6217702729334,1.1477854082775338,65.39259373600176,203.7632481260755,339.3459206155556,22.40070325502177,36.48996385756486,74.0582825633853,4.8189757047149495,14.887198258700678,38.510371186688445,0.4149766653177307,52.35605671250144,47.44881859735811,2.1505709341007906,73.13526260951207,1.1440650436099578,191.84911539935422,47.854510285593406,280.3064426527211,109.6918768867437,74.4192054506702,0.5022270394709893,144.4650616822036,0.6658843988728007,1.992322989839125,15.282474803256044,0.2205291402270203,0.15033210364096064,0.499604363877885,2.003322738911895,1.0337116822758903,0.5210558627503252,0.499604363877885,0.99920872775577,2.498021819389425,0.99920872775577,5.495648002656733,0.8305817577041532,3.9705054711180576,2.0037229640436838,101.00801552434892,31.339065296841234,1.5056520387208734,4.496439274900963,38.16782261176425,0.20632428393446717,23266.28479841161,773.1635598950373,3681.4663606914696,529.4758180562286,150.97361432376496,6.309918689133534,69.21897226809716,1.014823482237492,22.792325435487683,28.274929514976947,109.67991110690296,33.40654866286935,0.8255070278352081,0.6926450239868165,15.235216789157732,51.91586505763288,28.221609001526453,114.60655553339302,14.905426570821923,0.28225503492181087,1.1889489514939051,36.742481760831865,13.050174251585473,16.070374553525927,27.298012800380985,109.9551998548315,7.297039512447402,1.2062213613656585,81.79318894216762,24.12211392094835,6.506890461835342,12.027512463726856,3.4417189511587614,0.5995252366534617,0.19984174555115397,2.844298078283093,4.31012069038957,3.837490140841934,1.676174490664589,1.67130559544866,2.6554762209689073,1.360263280800333,380.5004106721828,0.4750203325907798,1.6652648928519909,0.33302808254811045
2020-02-29 23:00:00,0.1464656053945562,35.83258477398762,104.11091946278542,35.83258477398762,104.11091946278542,35.83258477398763,104.1109194627854,35.83258477398762,104.11091946278545,35.832584773987634,104.1109194627854,35.83258477398762,104.1109194627854,35.83258477398763,104.11091946278543,35.83258477398762,104.1109194627854,35.83258477398762,104.1109194627854,0.0,35.83258477398763,104.11091946278542,35.83258477398762,104.1109194627854,35.832584773987634,104.1109194627854,35.83258477398763,104.11091946278542,35.83258477398762,104.11091946278542,35.83258477398763,104.11091946278542,35.83258477398762,104.1109194627854,35.83258477398763,104.11091946278543,35.83258477398762,104.1109194627854,35.83258477398763,104.11091946278543,0.0,35.83258477398762,104.1109194627854,35.83258477398762,104.11091946278543,0.0,35.83258477398763,104.1109194627854,0.0,35.832584773987634,104.11091946278543,-0.00033998790548943857,35.83258477398762,104.11091946278542,0.0,35.83258477398762,104.11091946278542,0.0,37.060168689557216,-95.63529074563016,1.1045331564007888,0.008339459446507628,0.0002842040856935663,37.060168689557216,-95.63529074563016,0.9991892392596331,0.0,0.0,37.06016868955721,-95.63529074563016,0.0,0.0005648124722038423,37.06016868955721,-95.63529074563016,2.055829524701428,0.0009926217659082773,0.0006498559975576142,37.06016868955721,-95.63529074563013,1.0004285953057146,0.0,0.00014845216808746493,56.08485770290475,-106.26054921320839,0.0,0.0005227478439567314,-25.253906510365187,133.6666763716939,4.006057781501056,-8.774630924416466e-06,-25.253906510365187,133.66667637169388,0.0,51.12420786648345,10.443052313042275,0.0,0.0,56.084857702904756,-106.26054921320839,-2.754891280214904e-05,0.11876824131959482,-25.253906510365187,133.66667637169388,0.0,-25.25390651036519,133.6666763716939,0.0,37.06016868955721,-95.63529074563014,2.0344088077597866,0.0,37.060168689557216,-95.63529074563019,0.9991892392596331,0.0,0.0032652584600627,37.060168689557216,-95.63529074563016,1.230874667905554,0.04353948062565376,37.060168689557216,-95.63529074563016,0.9991892392596331,0.0,37.060168689557216,-95.63529074563016,0.9972072775748522,0.0,0.0,37.060168689557216,-95.63529074563016,0.9991892392596331,0.0,0.0,37.06016868955721,-95.63529074563013,0.0,37.060168689557216,-95.63529074563016,1.9983784785192662,0.0,0.0,56.084857702904756,-106.26054921320839,0.9991892392596331,0.0,56.084857702904756,-106.26054921320838,0.0,37.060168689557216,-95.63529074563013,0.9991892392596331,0.0,-0.0001141017004928455,0.0,0.0,60.95054359483761,0.0,0.0,0.0,0.0,37.060168689557216,-95.63529074563016,0.0,37.060168689557216,-95.63529074563016,0.9991892392596331,0.0,0.0,37.060168689557216,-95.63529074563016,0.9991892392596331,0.0,0.0,0.0,0.0,0.0,0.0,37.060168689557216,-95.63529074563016,1.0002392953617827,0.0,0.0,37.060168689557216,-95.63529074563016,10.991081631855959,0.0,0.0,37.060168689557216,-95.63529074563016,4.995946196298165,0.0,0.0,37.060168689557216,-95.63529074563016,1.9983784785192662,0.0,0.0,37.060168689557216,-95.63529074563016,0.0,0.0,37.060168689557216,-95.63529074563016,0.0,0.0,37.060168689557216,-95.63529074563016,0.0,0.0,37.06016868955721,-95.63529074563014,35.99916045551943,0.0,0.0,2.3692153315609803e+38,7.672767206723817e+38,-2.6206974627657624e+38,9.154759893875123e+38,-1.0797189210553508e+36,-6.895591287958768e+36,-1.217586979516158e+37,1.887352815789332e+38,2.140740473769727e+37,3.472361798159524e+38,1.0969117328120454e+30,4.30955366916803e+29,-6.6400984926687965,0.15066547892561227,22.29302792173014,8.045226328471212e+47,-2.0179935200527916e+50,5.0760303019840226e+45,-9.272998377833109e+49,1.1641904706830535e+41,2.0112865136592502e+41,0.6749987465940551,0.33671261194029006,177.12296911245357,98.529776576618,3.2565902121731205,0.2405443890060995,219.62928773423093,28.979969375310837,1.100064721811625,1.887373445157278,131.502495848952,59.940042952118816,323.64037640887284,1.0263464927282686,42.021533284760565,93.99378830773462,14.364582075710846,145.6466594727789,212.71404450633003,43.59460266104705,6.825658304420393,2.065376911018394,51.3093641651811,0.7196179953324328,41.10733921499387,1.2732382554549306,165.32798110358644,199.69275737140592,1.8644792149506995,208.00941543024675,0.38746479146822654,521.9749796834582,1.1475912679585094,65.49295281570825,203.39831975531072,339.4799698020111,22.76655799317778,36.54946677844107,74.05754858364617,4.818563001132453,14.908539440873344,38.50959828656416,0.41496443169207875,52.42372195016584,47.55846566474807,2.151054271533604,73.20115837798548,1.1445286204431309,192.0024137169851,48.06532459737032,280.27704822846783,109.74963225650492,74.44702890528112,0.5023394975653679,144.46757690278687,0.6659376170587983,2.000961682546597,15.293982345174525,0.21651766639668835,0.15050240655658648,0.49959461962981655,2.004424217592788,1.0352195685001537,0.5213643599426433,0.49959461962981655,0.9991892392596331,2.4979730981490826,0.9991892392596331,5.4955408159279795,0.8288627689750958,3.974492780914575,2.0036841442538367,100.97262799558843,31.338454061935053,1.5056551162322231,4.4963515766683475,38.16707818925986,0.20549946666865782,23268.02697737353,773.2659398727174,3687.5272245786878,529.6531690091442,151.31106802875485,6.3053423176835475,69.20582302909655,1.0144529099904813,22.931916961361946,28.262481582638124,109.68658179195754,33.532064606246855,0.827861752963668,0.6931664092745194,15.27531934464696,51.9249407586441,28.218521802244684,114.60787937696749,14.921127069710785,0.2826514734173454,1.1936711337363615,36.7049636770222,12.992453412445869,16.191081523999834,27.297505917522464,109.9530904990011,7.296893826301304,1.2061878390885443,81.79874105961825,24.13665797073102,6.524512488440532,12.027277879977062,3.441651824116512,0.5995135435557796,0.19983784785192663,2.8429830141893655,4.310822858228246,3.8321251784647496,1.674787097380197,1.6701085624132568,2.6638490288029186,1.3607674258415046,380.36092211955037,0.4727580721175162,1.6652313296730124,0.3330210452066895
2020-03-01 00:00:00,0.1468817973568684,35.83190430948388,104.10894238561968,35.83190430948388,104.10894238561967,35.83190430948389,104.10894238561968,35.83190430948388,104.10894238561971,35.831904309483896,104.10894238561968,35.83190430948389,104.10894238561968,35.83190430948389,104.10894238561971,35.83190430948388,104.10894238561968,35.83190430948389,104.10894238561968,0.0,35.83190430948389,104.1089423856197,35.83190430948388,104.10894238561968,35.831904309483896,104.10894238561968,35.83190430948389,104.10894238561967,35.83190430948388,104.10894238561968,35.83190430948389,104.10894238561968,35.83190430948388,104.10894238561967,35.83190430948389,104.1089423856197,35.83190430948389,104.10894238561968,35.83190430948389,104.10894238561971,0.0,35.83190430948388,104.10894238561967,35.83190430948388,104.10894238561971,0.0,35.83190430948389,104.10894238561968,0.0,35.831904309483896,104.10894238561971,-0.00034369808305222474,35.83190430948389,104.1089423856197,0.0,35.83190430948389,104.1089423856197,0.0,37.05946491310752,-95.63347462153341,1.1049650487166596,0.00837453172486927,0.0002853303021670649,37.05946491310752,-95.63347462153341,0.999170264552279,0.0,0.0,37.05946491310751,-95.63347462153341,0.0,0.000567032393728028,37.05946491310751,-95.63347462153341,2.056044731411772,0.0009971420489686771,0.0006525924918749598,37.05946491310751,-95.6334746215334,1.0004131270056744,0.0,0.0001487253788242059,56.083792645636215,-106.2585313143506,0.0,0.0005220978124472007,-25.253426936059586,133.66413802763702,4.007251588941559,-1.3619186899880426e-05,-25.253426936059586,133.664138027637,0.0,51.12323701247016,10.44285399839502,0.0,0.0,56.08379264563622,-106.2585313143506,-2.835845281472238e-05,0.11832355298584338,-25.253426936059586,133.66413802763702,0.0,-25.253426936059583,133.66413802763702,0.0,37.05946491310751,-95.6334746215334,2.0356182506785028,0.0,37.05946491310752,-95.63347462153342,0.999170264552279,0.0,0.00285837766018591,37.05946491310752,-95.6334746215334,1.2355170570676048,0.04393240175481798,37.05946491310752,-95.63347462153341,0.999170264552279,0.0,37.05946491310752,-95.6334746215334,0.9971587441712519,0.0,0.0,37.05946491310752,-95.63347462153341,0.999170264552279,0.0,0.0,37.05946491310751,-95.6334746215334,0.0,37.05946491310752,-95.63347462153341,1.998340529104558,0.0,0.0,56.08379264563622,-106.2585313143506,0.999170264552279,0.0,56.08379264563622,-106.25853131435059,0.0,37.05946491310752,-95.63347462153337,0.999170264552279,0.0,-0.0001147973046156112,0.0,0.0,60.949386137689004,0.0,0.0,0.0,0.0,37.05946491310752,-95.6334746215334,0.0,37.05946491310752,-95.63347462153341,0.999170264552279,0.0,0.0,37.05946491310752,-95.63347462153341,0.999170264552279,0.0,0.0,0.0,0.0,0.0,0.0,37.05946491310752,-95.63347462153341,1.0002190224483332,0.0,0.0,37.05946491310752,-95.63347462153341,10.990872910075064,0.0,0.0,37.05946491310752,-95.63347462153341,4.9958513227613945,0.0,0.0,37.05946491310752,-95.63347462153341,1.998340529104558,0.0,0.0,37.05946491310752,-95.63347462153341,0.0,0.0,37.05946491310752,-95.63347462153341,0.0,0.0,37.05946491310752,-95.63347462153341,0.0,0.0,37.059464913107504,-95.63347462153338,35.99584496643536,0.0,0.0,2.3808322150453977e+38,7.710388794536533e+38,-2.6334750432310413e+38,9.199395218190976e+38,-1.0844451501203025e+36,-6.925775202799611e+36,-1.2232795938046547e+37,1.896176802730181e+38,2.1514725268576687e+37,3.489769593086083e+38,1.1022330927544309e+30,4.3304602613565254e+29,-6.6233244996348,0.15100805394452893,22.271644951008994,8.084674180938918e+47,-2.027832532356665e+50,5.0982494939236857e+45,-9.316352654735636e+49,1.1698382145722714e+41,2.020691969154777e+41,0.6738006606467619,0.3361962828522512,177.1347597995631,98.85066942642081,3.315636334565597,0.24052414312427672,219.6916636020697,29.00784848450202,1.1018786089707402,1.891358164711318,132.23221790115616,59.981150638300605,323.70747336766294,1.0271167397656282,42.05598547843223,94.18610041925939,14.365293345498104,145.69261184982594,212.7343565310307,43.709205337172705,6.835279472106967,2.064683741454533,51.29404451950332,0.7220745843056378,41.121555361232566,1.2717821632470785,165.18419453117758,200.09186994258647,1.8664859082126215,208.12990644183117,0.38764590991428044,522.4223665992956,1.1476389942552943,65.6007888914138,203.23239352323034,339.67457254638936,23.09871183395001,36.635972338284674,74.05727258750201,4.8192118172221186,14.938208022464229,38.51232046412488,0.41519217518806967,52.49701079981863,47.64092359814599,2.1508438689586358,73.20083095887296,1.1449003112451726,192.13584610658035,48.30298809523761,280.2813538029134,109.81375799976703,74.48036013616544,0.5025206822784746,144.47679170202235,0.6660734283577922,2.0087914623036487,15.306752680410712,0.21315436860154857,0.15060803243043341,0.4995851322761395,2.005721722130692,1.0364479861262244,0.5215513331535483,0.4995851322761395,0.999170264552279,2.4979256613806973,0.999170264552279,5.495436455037532,0.8278270277766472,3.977974404969356,2.0036451487730136,100.94146947270193,31.33785894143996,1.5056581755747147,4.496266190485253,38.16635339248389,0.20477591015029706,23273.587134615445,773.5419384426979,3695.944093203903,529.7677670735574,151.54189271500408,6.3038773682011975,69.2022787175575,1.014367440841028,23.084581308167387,28.25141668192039,109.69230205170652,33.643436616293315,0.8299444606434085,0.6937880864735895,15.322981290012896,51.93969311226782,28.215061171085814,114.6097977321245,14.93882443755254,0.2831093135175269,1.1991177309442684,36.67565396050811,12.947266247273744,16.321648991068972,27.297012587717635,109.95103875537252,7.296752069167661,1.2061553517427472,81.79510438113874,24.134996490251176,6.550339447246868,12.027049480721871,3.441586466791181,0.599502158731367,0.1998340529104558,2.842738870121362,4.310117480774314,3.8274211584858953,1.6735694545514066,1.6690820915628604,2.6705688296212537,1.3610938158591444,380.24312337997003,0.47086232725388344,1.6651986159796774,0.33301417571369923
2020-03-01 01:00:00,0.14740949515185908,35.83124210985298,104.1070183767078,35.83124210985298,104.10701837670779,35.83124210985298,104.10701837670779,35.83124210985298,104.10701837670783,35.831242109852994,104.10701837670779,35.83124210985299,104.10701837670779,35.83124210985299,104.10701837670781,35.83124210985298,104.10701837670779,35.83124210985298,104.10701837670779,0.0,35.83124210985299,104.1070183767078,35.83124210985298,104.10701837670779,35.831242109852994,104.1070183767078,35.83124210985298,104.10701837670777,35.83124210985298,104.1070183767078,35.83124210985299,104.1070183767078,35.83124210985298,104.10701837670777,35.83124210985299,104.1070183767078,35.83124210985299,104.10701837670779,35.83124210985298,104.10701837670781,0.0,35.83124210985298,104.10701837670777,35.83124210985298,104.10701837670783,0.0,35.83124210985299,104.10701837670779,0.0,35.831242109852994,104.10701837670781,-0.00034734602889037285,35.83124210985299,104.10701837670779,0.0,35.83124210985299,104.1070183767078,0.0,37.05878002726459,-95.63170724542496,1.1053842468081199,0.008408544167739201,0.000286418776381175,37.05878002726459,-95.63170724542496,0.9991517991596869,0.0,0.0,37.058780027264575,-95.63170724542496,0.0,0.0005691768778811917,37.05878002726458,-95.63170724542496,2.056253925777124,0.0010015442952291905,0.0006552464661891455,37.05878002726458,-95.63170724542496,1.0003979704717507,0.0,0.00014897147419232703,56.08275617639169,-106.2565675794732,0.0,0.0005213143821815834,-25.252960234377987,133.66166781723174,4.00866200384908,-1.8575708353712334e-05,-25.252960234377987,133.66166781723172,0.0,51.1222922178986,10.442661006864244,0.0,0.0,56.0827561763917,-106.2565675794732,-2.9180808188155466e-05,0.11679273007886003,-25.252960234377987,133.66166781723172,0.0,-25.252960234377987,133.66166781723174,0.0,37.05878002726458,-95.63170724542495,2.036512279979053,0.0,37.05878002726459,-95.63170724542499,0.9991517991596869,0.0,0.002517280130646532,37.05878002726459,-95.63170724542495,1.239461607229628,0.04410832847191416,37.05878002726459,-95.63170724542496,0.9991517991596869,0.0,37.05878002726459,-95.63170724542496,0.997110472645278,0.0,0.0,37.05878002726459,-95.63170724542496,0.9991517991596869,0.0,0.0,37.058780027264575,-95.63170724542495,0.0,37.05878002726459,-95.63170724542496,1.9983035983193738,0.0,0.0,56.0827561763917,-106.2565675794732,0.9991517991596869,0.0,56.0827561763917,-106.25656757947317,0.0,37.05878002726459,-95.63170724542493,0.9991517991596869,0.0,-0.00011547038814340382,0.0,0.0,60.94825974874089,0.0,0.0,0.0,0.0,37.05878002726459,-95.63170724542496,0.0,37.05878002726459,-95.63170724542496,0.9991517991596869,0.0,0.0,37.05878002726459,-95.63170724542496,0.9991517991596869,0.0,0.0,0.0,0.0,0.0,0.0,37.05878002726459,-95.63170724542496,1.0001995834360848,0.0,0.0,37.05878002726459,-95.63170724542496,10.99066979075655,0.0,0.0,37.05878002726459,-95.63170724542496,4.995758995798433,0.0,0.0,37.05878002726459,-95.63170724542496,1.9983035983193738,0.0,0.0,37.05878002726459,-95.63170724542496,0.0,0.0,37.05878002726459,-95.63170724542496,0.0,0.0,37.05878002726459,-95.63170724542496,0.0,0.0,37.058780027264575,-95.63170724542493,35.99302897100039,0.0,0.0,2.392186912005314e+38,7.747161284278494e+38,-2.6459609086631634e+38,9.243011508023104e+38,-1.0890385650206173e+36,-6.95511090411125e+36,-1.228830949702586e+37,1.9047818283765416e+38,2.161973199393401e+37,3.506802080029194e+38,1.107431724829618e+30,4.350884679533596e+29,-6.6087521733670265,0.15149151026830698,22.249275832565143,8.123231717570054e+47,-2.0374469177988104e+50,5.119844293059738e+45,-9.358631124448536e+49,1.175355703118963e+41,2.0298641331819925e+41,0.6727591666298611,0.3357529160344689,177.1381447042039,99.24509971162587,3.367756623681628,0.24052564588322164,219.7258458500072,29.043299868739478,1.1038232807405552,1.895992659250295,133.07849953966212,60.06093544941623,323.78896655194535,1.028049653349056,42.07601213772938,94.35650000592432,14.38034262364282,145.751595684093,212.78995013444728,43.860210852006446,6.8497027818638,2.0644228854188498,51.305833750612685,0.7247001494251206,41.14140715130443,1.2708501132763774,165.11954111201862,200.62709139610433,1.8675990048842785,208.25933732593498,0.38772061035030925,522.9438164460944,1.1479283121156934,65.7221985218285,203.28546932482175,339.9195751180265,23.393817004502832,36.744929382767594,74.0584441085162,4.8209399647840865,14.974257152473902,38.51832704683062,0.41564537953813563,52.575401156822224,47.6899586120977,2.1499628928619305,73.1367920552087,1.145209889734104,192.2556124733053,48.556915945911044,280.3193206326153,109.88109074923408,74.51994253372267,0.5027554672486609,144.49161885670713,0.6662783403239178,2.0157319176259088,15.32234983287303,0.2103527395077633,0.15065295715006066,0.49957589957984344,2.0072370056976245,1.0373604808193666,0.5216300638158003,0.49957589957984344,0.9991517991596869,2.4978794978992167,0.9991517991596869,5.495334895378275,0.8274782773821419,3.980988730207708,2.003605948554874,100.91422357039322,31.337279795033307,1.5056611873555124,4.496183096218589,38.16564805053747,0.20414594108513795,23282.742884235293,773.9812173129056,3706.507307794651,529.8121205923827,151.65394209575857,6.305821323855081,69.20877205886303,1.0145799482296622,23.243476720485546,28.241802039867146,109.69702180212207,33.73995026740987,0.8317417396645167,0.6945236413743174,15.379229438615603,51.95887385588526,28.211424698466036,114.61203757422274,14.957436125390634,0.2835973453131703,1.2049675300612284,36.6548118277893,12.914997153940712,16.461160915813522,27.296532695974218,109.94904412359492,7.2966142003212004,1.2061238815310393,81.78258654147257,24.117716063166405,6.583308452893217,12.026827212107339,3.4415228637722524,0.5994910794958118,0.19983035983193737,2.843592095134502,4.308025312693972,3.8233282112414777,1.6725087639079614,1.6682160188177144,2.675810842858147,1.3612535210152557,380.14414437831624,0.46928421363728945,1.665166744519789,0.33300747268005115
2020-03-01 02:00:00,0.14801847539305477,35.830598013255575,104.10514696582851,35.830598013255575,104.1051469658285,35.830598013255575,104.10514696582851,35.830598013255575,104.10514696582854,35.83059801325559,104.1051469658285,35.83059801325558,104.1051469658285,35.83059801325558,104.10514696582852,35.830598013255575,104.10514696582851,35.830598013255575,104.10514696582851,0.0,35.83059801325558,104.10514696582851,35.830598013255575,104.1051469658285,35.83059801325559,104.10514696582851,35.83059801325558,104.1051469658285,35.830598013255575,104.10514696582852,35.83059801325558,104.10514696582852,35.830598013255575,104.1051469658285,35.83059801325558,104.10514696582852,35.83059801325558,104.1051469658285,35.830598013255575,104.10514696582854,0.0,35.830598013255575,104.1051469658285,35.830598013255575,104.10514696582854,0.0,35.83059801325558,104.10514696582851,0.0,35.83059801325558,104.10514696582852,-0.000350905840300713,35.830598013255575,104.10514696582851,0.0,35.830598013255575,104.10514696582851,0.0,37.05811386464465,-95.62998818536413,1.105790392330151,0.008441468702470189,0.0002874685447540466,37.05811386464465,-95.62998818536413,0.999133838568978,0.0,0.0,37.05811386464464,-95.62998818536413,0.0,0.000571244007781946,37.058113864644646,-95.62998818536413,2.0564569064173313,0.0010058251958680008,0.0006578157319929465,37.058113864644646,-95.62998818536414,1.0003831168569748,0.0,0.00014918992043084622,56.08174804186162,-106.25465752864605,0.0,0.0005203955131753112,-25.252506291260094,133.659265136767,4.010310238167979,-2.3644643756610267e-05,-25.25250629126009,133.65926513676698,0.0,51.1213732518642,10.442473291283473,0.0,0.0,56.08174804186163,-106.25465752864605,-3.0015955303245787e-05,0.11422588084232281,-25.25250629126009,133.65926513676698,0.0,-25.252506291260094,133.659265136767,0.0,37.058113864644646,-95.62998818536413,2.0370631361536655,0.0,37.05811386464465,-95.62998818536416,0.999133838568978,0.0,0.0022330517718137394,37.05811386464465,-95.62998818536411,1.242911809906607,0.04410283300335797,37.05811386464465,-95.62998818536413,0.999133838568978,0.0,37.05811386464465,-95.62998818536413,0.9970624630382003,0.0,0.0,37.05811386464465,-95.62998818536413,0.999133838568978,0.0,0.0,37.05811386464464,-95.62998818536411,0.0,37.05811386464465,-95.62998818536413,1.998267677137956,0.0,0.0,56.08174804186162,-106.25465752864605,0.999133838568978,0.0,56.08174804186162,-106.25465752864602,0.0,37.05811386464465,-95.6299881853641,0.999133838568978,0.0,-0.00011611584472137116,0.0,0.0,60.94716415270764,0.0,0.0,0.0,0.0,37.05811386464465,-95.62998818536414,0.0,37.05811386464465,-95.62998818536413,0.999133838568978,0.0,0.0,37.05811386464465,-95.62998818536413,0.999133838568978,0.0,0.0,0.0,0.0,0.0,0.0,37.05811386464465,-95.62998818536413,1.0001809024463268,0.0,0.0,37.05811386464465,-95.62998818536413,10.990472224258752,0.0,0.0,37.05811386464465,-95.62998818536413,4.995669192844889,0.0,0.0,37.05811386464465,-95.62998818536413,1.998267677137956,0.0,0.0,37.05811386464465,-95.62998818536413,0.0,0.0,37.05811386464465,-95.62998818536413,0.0,0.0,37.05811386464465,-95.62998818536413,0.0,0.0,37.05811386464464,-95.62998818536413,35.99065438175419,0.0,0.0,2.403271614731454e+38,7.78305939047442e+38,-2.6581464157921296e+38,9.285578570240595e+38,-1.0934955539324791e+36,-6.983575325093262e+36,-1.2342370082710007e+37,1.9131616320645482e+38,2.1722354584988843e+37,3.523447851395374e+38,1.112504008830032e+30,4.370812700605092e+29,-6.596187218916576,0.15208679154923144,22.226958705125412,8.160872425456597e+47,-2.0468300208750657e+50,5.140797719299687e+45,-9.399803026890604e+49,1.180739094071253e+41,2.0387963341769113e+41,0.6718604492928867,0.33537582055456383,177.13286010820497,99.69404756237026,3.4127323960657914,0.2405574907573202,219.72845082729316,29.083266809326915,1.1058103448252659,1.9010693851350977,134.00405122597346,60.175429617741244,323.88900685460965,1.0291937757910337,42.08102570876329,94.5035698124956,14.409055436910034,145.82009601930318,212.87822975643564,44.043692349367134,6.867932947861101,2.064705992623317,51.351114266421085,0.7274699612604509,41.165781449706415,1.2705854985348184,165.15402152650586,201.2694208397296,1.8677104203954413,208.39171155589543,0.38768491437886443,523.515721538914,1.148436944707584,65.86004932729459,203.56594024899238,340.2022747743389,23.649478007339987,36.87031484430986,74.06156060701417,4.823667987505746,15.014183119431703,38.52699076152325,0.41628077706601585,52.65814833474937,47.70165332990617,2.148480855089583,73.01593858632522,1.1454639103423188,192.36250928130733,48.81588559050711,280.38785001744077,109.94835028775871,74.56654750272632,0.5030241987462035,144.50995100036565,0.6665261958342091,2.0217255976802537,15.341456839457527,0.20803435249043095,0.1506352992130426,0.499566919284489,2.008991274887005,1.0379292975846883,0.5216183357861678,0.499566919284489,0.999133838568978,2.4978345964224444,0.999133838568978,5.495236112129376,0.8278181328205465,3.9835772190767162,2.0035665144213333,100.89054861775219,31.33671648117369,1.5056641219360969,4.496102273560399,38.164961991037444,0.20360127289311997,23294.78250141969,774.5512071815639,3718.7093688512887,529.7835970564129,151.64323609013928,6.311291881900203,69.22487304039393,1.0150776487417514,23.40152600077297,28.2336698086041,109.7007167786461,33.821251190237476,0.8332471595483985,0.6953871716555234,15.445129287333753,51.98086113153947,28.20782568284251,114.61430422241214,14.97579665900351,0.28408187927269185,1.2108739955729004,36.642612158645655,12.895899710426159,16.608309790901437,27.29606609879944,109.94710611760158,7.296480193161836,1.2060934495811604,81.76211099599469,24.086484019073016,6.621915826485309,12.026611019811767,3.441460999515366,0.5994803031413865,0.19982676771379557,2.845566550569452,4.304610389976625,3.819792482823762,1.6715912033657474,1.6675006976098619,2.6798356055473382,1.3612650587359938,380.0613829832636,0.4679794128258581,1.6651357079811655,0.33300093470609377
2020-03-01 03:00:00,0.14867317940216732,35.82997185651186,104.1033276788659,35.82997185651186,104.10332767886588,35.82997185651186,104.1033276788659,35.82997185651186,104.10332767886592,35.829971856511875,104.10332767886588,35.82997185651187,104.1033276788659,35.82997185651187,104.10332767886592,35.82997185651186,104.1033276788659,35.82997185651186,104.10332767886591,0.0,35.82997185651187,104.10332767886591,35.82997185651186,104.1033276788659,35.829971856511875,104.10332767886591,35.82997185651187,104.1033276788659,35.82997185651186,104.10332767886591,35.82997185651187,104.10332767886592,35.82997185651186,104.1033276788659,35.82997185651187,104.10332767886592,35.82997185651187,104.10332767886588,35.82997185651186,104.10332767886594,0.0,35.82997185651186,104.1033276788659,35.82997185651186,104.10332767886592,0.0,35.82997185651186,104.10332767886591,0.0,35.829971856511875,104.10332767886592,-0.00035434392736381944,35.82997185651186,104.1033276788659,0.0,35.82997185651186,104.10332767886591,0.0,37.05746625647755,-95.62831700583257,1.1061831241754698,0.008473277042937257,0.00028847863667742855,37.05746625647755,-95.62831700583257,0.999116378229894,0.0,0.0,37.05746625647753,-95.62831700583257,0.0,0.0005732318526491364,37.05746625647754,-95.62831700583257,2.0566534703631625,0.0010099814153724778,0.0006602980841074675,37.05746625647754,-95.62831700583257,1.0003685572515706,0.0,0.00014938018126233713,56.08076798663836,-106.2528006779639,0.0,0.0005193391623984425,-25.25206499170087,133.65692937753147,4.012216025840054,-2.8826423784079902e-05,-25.25206499170087,133.6569293775314,0.0,51.12047988154988,10.442290804095569,0.0,0.0,56.080767986638364,-106.25280067796389,-3.086386733449796e-05,0.11070402496204347,-25.25206499170087,133.65692937753144,0.0,-25.252064991700873,133.65692937753147,0.0,37.05746625647754,-95.62831700583256,2.037253327161213,0.0,37.05746625647755,-95.62831700583259,0.999116378229894,0.0,0.001997576044783504,37.05746625647755,-95.62831700583256,1.246099282247931,0.04395829200723862,37.05746625647755,-95.62831700583257,0.999116378229894,0.0,37.05746625647755,-95.62831700583257,0.9970147154836125,0.0,0.0,37.05746625647755,-95.62831700583257,0.999116378229894,0.0,0.0,37.05746625647754,-95.62831700583256,0.0,37.05746625647755,-95.62831700583257,1.998232756459788,0.0,0.0,56.080767986638364,-106.2528006779639,0.999116378229894,0.0,56.080767986638364,-106.25280067796389,0.0,37.05746625647755,-95.62831700583254,0.999116378229894,0.0,-0.00011672700993123927,0.0,0.0,60.94609907202352,0.0,0.0,0.0,0.0,37.05746625647755,-95.62831700583256,0.0,37.05746625647755,-95.62831700583257,0.999116378229894,0.0,0.0,37.05746625647755,-95.62831700583257,0.999116378229894,0.0,0.0,0.0,0.0,0.0,0.0,37.05746625647755,-95.62831700583257,1.000162919726308,0.0,0.0,37.05746625647755,-95.62831700583257,10.99028016052883,0.0,0.0,37.05746625647755,-95.62831700583257,4.9955818911494685,0.0,0.0,37.05746625647755,-95.62831700583257,1.998232756459788,0.0,0.0,37.05746625647755,-95.62831700583257,0.0,0.0,37.05746625647755,-95.62831700583257,0.0,0.0,37.05746625647755,-95.62831700583257,0.0,0.0,37.05746625647753,-95.62831700583256,35.98867141430897,0.0,0.0,2.4140784489617898e+38,7.818057612116168e+38,-2.6700228479995178e+38,9.327065955487944e+38,-1.0978124768051583e+36,-7.011145218674954e+36,-1.239493697392322e+37,1.9213099017009374e+38,2.1822522102831607e+37,3.53969540062591e+38,1.1174462939472566e+30,4.390229981252105e+29,-6.5854297682381,0.15275801126196445,22.205706883886855,8.197569565695013e+47,-2.055975129601412e+50,5.161092659849241e+45,-9.43983734929618e+49,1.1859845126995331e+41,2.047481845761779e+41,0.671090296893949,0.33505845993845784,177.11787437008985,100.17564276655727,3.4504632017949843,0.24061974081866383,219.69832297302628,29.123541427961467,1.1077520406136743,1.9063586285151803,134.96760624650702,60.31737656191826,324.0077466426598,1.0305517321226147,42.06913484904966,94.62646090529068,14.449555768838374,145.89397750663588,212.99364670730694,44.25269364583743,6.888421937385408,2.065602684664398,51.43373561598943,0.7303516432427356,41.19329182513258,1.2710681802926809,165.29836952063843,201.9831970168223,1.8667827007016395,208.52107548365504,0.38754247262928027,524.1119525060399,1.1491220919136182,66.01384184276158,204.07029171600408,340.50804053701233,23.86425628053938,37.005043534756524,74.06658680118422,4.827226017249648,15.055074902277068,38.53731461140831,0.417029584206827,52.744277408672836,47.67472778372168,2.1465086191997695,72.84907106572906,1.1456457390226646,192.45196555620922,49.06876353799299,280.4809889278569,110.01233480714662,74.62095381661646,0.5033038864203008,144.52884145651512,0.6667804180685006,2.0267380929542416,15.363807978625221,0.20612926569144896,0.15054768373980446,0.499558189114947,2.011004247276536,1.0381369489313195,0.521537335118566,0.499558189114947,0.999116378229894,2.4977909455747342,0.999116378229894,5.495140080264415,0.8288463803290427,3.9857825253107193,2.003526817068614,100.8700931517147,31.336168857147342,1.5056669494365205,4.49602370203452,38.16429504017284,0.2031333823759862,23308.560696869405,775.1996512503007,3731.7808465509206,529.6846097135349,151.51426182466727,6.320222280387856,69.2493128451188,1.0158228138650436,23.551838523834917,28.2270248826336,109.70338278071115,33.887263362497826,0.8344597146727774,0.6963929096570347,15.52175651038677,52.00375774547698,28.204478863293822,114.6163010042721,14.992735832693642,0.28452899828650347,1.2164900561788958,36.63916106191392,12.890121153492196,16.761383256904846,27.295612623260457,109.94522426644144,7.296350035742116,1.206064118070745,81.7351506672664,24.04393063075319,6.664306059764666,12.026400849063535,3.4414008583474103,0.599469826937936,0.19982327564597877,2.848683148494182,4.299976258802754,3.8167585841705742,1.6708025543081026,1.666927703589459,2.682976315255028,1.3611534380134978,379.9925184123648,0.46690840062362576,1.6651054989941232,0.33299456038211483
2020-03-01 04:00:00,0.1493351283762186,35.829363475155255,104.10156003796531,35.829363475155255,104.1015600379653,35.829363475155255,104.10156003796533,35.829363475155255,104.10156003796534,35.82936347515527,104.1015600379653,35.82936347515526,104.1015600379653,35.82936347515526,104.10156003796534,35.82936347515526,104.10156003796531,35.829363475155255,104.10156003796533,0.0,35.82936347515526,104.10156003796533,35.829363475155255,104.10156003796531,35.82936347515527,104.10156003796533,35.82936347515526,104.1015600379653,35.829363475155255,104.10156003796533,35.82936347515526,104.10156003796533,35.829363475155255,104.10156003796531,35.82936347515526,104.10156003796534,35.82936347515526,104.1015600379653,35.829363475155255,104.10156003796536,0.0,35.829363475155255,104.10156003796531,35.829363475155255,104.10156003796534,0.0,35.82936347515526,104.10156003796533,0.0,35.82936347515527,104.10156003796533,-0.0003576167859644201,35.82936347515526,104.10156003796531,0.0,35.82936347515526,104.10156003796533,0.0,37.05683703266225,-95.62669326787757,1.1065620785101973,0.008503940692280984,0.00028944807461439245,37.05683703266225,-95.62669326787757,0.9990994135562953,0.0,0.0,37.05683703266224,-95.62669326787757,0.0,0.0005751384679971939,37.056837032662244,-95.62669326787757,2.056843413077512,0.0010140095918447797,0.0006626913008958971,37.056837032662244,-95.62669326787757,1.0003542826849627,0.0,0.00014954171796315203,56.079815753300196,-106.25099653970562,0.0,0.0005181432841217717,-25.251636219788395,133.6546599260136,4.014396495266569,-3.412146093670007e-05,-25.2516362197884,133.65465992601358,0.0,51.11961187230262,10.442113497368371,0.0,0.0,56.0798157533002,-106.25099653970561,-3.172451421664139e-05,0.10633445604337413,-25.2516362197884,133.65465992601358,0.0,-25.251636219788402,133.6546599260136,0.0,37.056837032662244,-95.62669326787756,2.0370766363271917,0.0,37.05683703266225,-95.62669326787758,0.9990994135562953,0.0,0.0018035681567495007,37.05683703266225,-95.62669326787757,1.2492681068612461,0.043721189802719815,37.05683703266225,-95.62669326787757,0.9990994135562953,0.0,37.05683703266225,-95.62669326787757,0.9969672302105839,0.0,0.0,37.05683703266225,-95.62669326787757,0.9990994135562953,0.0,0.0,37.05683703266224,-95.62669326787757,0.0,37.05683703266225,-95.62669326787757,1.9981988271125906,0.0,0.0,56.0798157533002,-106.25099653970562,0.9990994135562953,0.0,56.079815753300196,-106.2509965397056,0.0,37.05683703266225,-95.62669326787756,0.9990994135562953,0.0,-0.0001172951726843409,0.0,0.0,60.94506422693401,0.0,0.0,0.0,0.0,37.05683703266225,-95.62669326787757,0.0,37.05683703266225,-95.62669326787757,0.9990994135562953,0.0,0.0,37.05683703266225,-95.62669326787757,0.9990994135562953,0.0,0.0,0.0,0.0,0.0,0.0,37.05683703266225,-95.62669326787757,1.00014558810555,0.0,0.0,37.05683703266225,-95.62669326787757,10.990093549119244,0.0,0.0,37.05683703266225,-95.62669326787757,4.995497067781475,0.0,0.0,37.05683703266225,-95.62669326787757,1.9981988271125906,0.0,0.0,37.05683703266225,-95.62669326787757,0.0,0.0,37.05683703266225,-95.62669326787757,0.0,0.0,37.05683703266225,-95.62669326787757,0.0,0.0,37.05683703266224,-95.62669326787756,35.98703890845602,0.0,0.0,2.4245994745590338e+38,7.852130234856816e+38,-2.6815814160722563e+38,9.367442960818141e+38,-1.1019856657041112e+36,-7.037797159706511e+36,-1.2445969121353422e+37,1.9292202743288068e+38,2.1920163004403387e+37,3.5555331231667795e+38,1.1222548990891489e+30,4.4091220591768186e+29,-6.576281450275817,0.15346457741367733,22.186447249088218,8.233296175686903e+47,-2.064875476094388e+50,5.1807118708252585e+45,-9.478702828994857e+49,1.191088052133027e+41,2.0559138873478482e+41,0.6704346039721191,0.33479466622108317,177.09153385733623,100.66626765251115,3.4809199309631245,0.2407039186702161,219.63664203877698,29.159124652096555,1.1095669509562327,1.9116184704044077,135.9257182593138,60.476708232573365,324.14152261974647,1.0320823045493401,42.03740069166251,94.7248756501831,14.498872239041024,145.96876524055295,213.12812686742777,44.47769860859387,6.909183295446712,2.0671373926917873,51.55483067070515,0.7333053264559894,41.22236345944088,1.2723099517505305,165.55341281961006,202.72819744141654,1.8648524777090143,208.64190580412824,0.38730429678479844,524.7049917323404,1.1499233344003912,66.17988797222922,204.78342885879223,340.8210535661958,24.03764271955,37.14145309131888,74.07295489066513,4.831366868336541,15.093792738078527,38.54800678029967,0.4178026709902068,52.8325878756268,47.610663861373084,2.1441904984716644,72.65013626701003,1.1457180415788215,192.51464992428984,49.305230631278434,280.59033389624216,110.07011553436871,74.68392058992143,0.5035696253577115,144.5447584209647,0.6669971660918366,2.0307573451370886,15.388193607166428,0.20457608575233224,0.15037828641353007,0.49954970677814764,2.013293020459463,1.037977222770897,0.5214103016795074,0.49954970677814764,0.9990994135562953,2.4977485338907375,0.9990994135562953,5.495046774559622,0.8305606765727988,3.9876469837063446,2.003486827073414,100.85250833538277,31.335636779115116,1.5056696397397529,4.495947361003326,38.16364702276207,0.20273381177155708,23322.586671506426,775.8586167711887,3744.746196319548,529.5224403343923,151.27966412294887,6.3323663538994355,69.28005747491505,1.016754959466126,23.688131090783063,28.221854250406494,109.70502878661488,33.938091700610826,0.8353819630278776,0.6975547285462669,15.61015964152004,52.02550851534849,28.201585812219083,114.61774938890193,15.007158736250503,0.2849068633599712,1.2214934064609346,36.64450550609276,12.897717830870137,16.918272390643246,27.295172064082358,109.94339811645541,7.296223732329188,1.2060359951958446,81.70362294603096,23.99346336701962,6.708383955142051,12.026196644659109,3.441342424471682,0.5994596481337768,0.19981988271125906,2.852958513747642,4.294260048172061,3.814171555395298,1.6701287043602153,1.6664904573069639,2.685620833699482,1.360948770183073,379.9355133545215,0.46603648310088064,1.6650761101339921,0.33298834828884866
2020-03-01 05:00:00,0.1499655620791115,35.82877270348439,104.09984356168445,35.82877270348438,104.09984356168442,35.82877270348438,104.09984356168444,35.82877270348439,104.09984356168445,35.8287727034844,104.09984356168442,35.82877270348439,104.09984356168444,35.82877270348439,104.09984356168445,35.82877270348439,104.09984356168445,35.82877270348438,104.09984356168445,0.0,35.8287727034844,104.09984356168445,35.82877270348438,104.09984356168444,35.8287727034844,104.09984356168447,35.82877270348439,104.09984356168444,35.82877270348438,104.09984356168445,35.82877270348439,104.09984356168447,35.82877270348438,104.09984356168444,35.82877270348439,104.09984356168448,35.82877270348439,104.09984356168442,35.82877270348439,104.09984356168448,0.0,35.82877270348438,104.09984356168445,35.82877270348438,104.09984356168447,0.0,35.82877270348439,104.09984356168445,0.0,35.8287727034844,104.09984356168445,-0.00036066816900005676,35.82877270348439,104.09984356168445,0.0,35.82877270348439,104.09984356168445,0.0,37.05622602182065,-95.62511652925087,1.1069268888105075,0.008533430945731895,0.00029037587419980906,37.05622602182065,-95.62511652925087,0.99908293992761,0.0,0.0,37.056226021820635,-95.62511652925087,0.0,0.0005769618958369354,37.05622602182064,-95.62511652925087,2.0570265284770546,0.001017906337317037,0.0006649931444834909,37.056226021820635,-95.62511652925086,1.0003402841277498,0.0,0.00014967398943510298,56.078891082492746,-106.2492446224883,0.0,0.0005168058302678444,-25.251219858740505,133.65245616409584,4.0168648680317975,-3.953014912794553e-05,-25.25121985874051,133.6524561640958,0.0,51.11876898770766,10.441941322809855,0.0,0.0,56.07889108249276,-106.2492446224883,-3.2597862611531345e-05,0.10124483230681598,-25.25121985874051,133.6524561640958,0.0,-25.251219858740512,133.65245616409584,0.0,37.05622602182064,-95.62511652925086,2.0365384774657365,0.0,37.05622602182065,-95.62511652925087,0.99908293992761,0.0,0.0016445728605180548,37.05622602182065,-95.62511652925087,1.2526575205316666,0.043439119002903606,37.05622602182065,-95.62511652925087,0.99908293992761,0.0,37.05622602182065,-95.62511652925087,0.9969200075471147,0.0,0.0,37.05622602182065,-95.62511652925087,0.99908293992761,0.0,0.0,37.056226021820635,-95.62511652925087,0.0,37.05622602182065,-95.62511652925087,1.99816587985522,0.0,0.0,56.07889108249276,-106.24924462248832,0.99908293992761,0.0,56.07889108249275,-106.24924462248828,0.0,37.05622602182065,-95.62511652925085,0.99908293992761,0.0,-0.00011780894050400221,0.0,0.0,60.944059335584214,0.0,0.0,0.0,0.0,37.05622602182065,-95.62511652925087,0.0,37.05622602182065,-95.62511652925087,0.99908293992761,0.0,0.0,37.05622602182065,-95.62511652925087,0.99908293992761,0.0,0.0,0.0,0.0,0.0,0.0,37.05622602182065,-95.62511652925087,1.000128870193677,0.0,0.0,37.05622602182065,-95.62511652925087,10.989912339203709,0.0,0.0,37.05622602182065,-95.62511652925087,4.99541469963805,0.0,0.0,37.05622602182065,-95.62511652925087,1.99816587985522,0.0,0.0,37.05622602182065,-95.62511652925087,0.0,0.0,37.05622602182065,-95.62511652925087,0.0,0.0,37.05622602182065,-95.62511652925087,0.0,0.0,37.056226021820635,-95.62511652925086,35.985724485483445,0.0,0.0,2.4348266862117476e+38,7.885251333281186e+38,-2.6928132589825517e+38,9.406678632417162e+38,-1.1060114251650193e+36,-7.06350754722007e+36,-1.2495425151324208e+37,1.936886336712308e+38,2.2015205148687906e+37,3.57094931747302e+38,1.1269261132079073e+30,4.4274743543914525e+29,-6.56855080398599,0.15416364902094587,22.169962905951383,8.268025071519696e+47,-2.0735242371716413e+50,5.199637978920217e+45,-9.516367956284188e+49,1.1960457737079766e+41,2.064085624758348e+41,0.6698797562809113,0.3345788042783985,177.05178906854528,101.1417933305674,3.5040974747969513,0.24079365249508272,219.54685576277672,29.184660894686886,1.111185298848495,1.916605839558536,136.83475547091976,60.641224611070655,324.2833943262248,1.0337065908740068,41.98222974485757,94.79903698786104,14.553110108339665,146.03995158604098,213.27167590683186,44.70728822398575,6.92794081980889,2.069289307462066,51.71281857885169,0.7362842884067665,41.251331112913356,1.2742546695065364,165.9101131101691,203.4620661206329,1.8620283765827725,208.74946886392902,0.3869879636969558,525.2671905305498,1.1507667865830191,66.35178937347436,205.67961983168465,341.1251360621133,24.170006972353107,37.27183351190296,74.07960572809782,4.8357845667123005,15.127165133116026,38.5575784037754,0.41849730841280863,52.92167288653524,47.513623207939546,2.1416940778557354,72.43525405148569,1.1456274930300925,192.53759307202918,49.516454490097175,280.70560860034936,110.11921786482314,74.75615349636595,0.5037961646546298,144.55389284814044,0.6671291571535773,2.033792401455445,15.412537769042725,0.20332178741755197,0.15011245106697746,0.499541469963805,2.0158707663141278,1.037455537538127,0.5212610294652568,0.499541469963805,0.99908293992761,2.497707349819025,0.99908293992761,5.4949561696018545,0.8329556633734982,3.989211453866139,2.0034465148990273,100.83745746580658,31.33512010215794,1.5056721624960208,4.495873229674244,38.163017762308314,0.20239440022141536,23335.13848488196,776.4497033876181,3756.4958264851393,529.3087128214522,150.95934989302214,6.3473131628549515,69.31442719549224,1.0177943979518822,23.80511960660783,28.218136649820384,109.70566984461519,33.97392185910341,0.836018104481483,0.6988855250738883,15.711313430319631,52.044029707568555,28.199320992614993,114.61840820403359,15.018122107732033,0.2851879144060139,1.225610574962057,36.658636240332456,12.918660439204507,17.076505632058257,27.294744178618046,109.94162723490288,7.296101306087214,1.2060092432649094,81.6697544483412,23.93902795855191,6.75194409052801,12.02599835098049,3.441285681972878,0.5994497639565658,0.199816587985522,2.858402690082027,4.287624917007812,3.811978371596134,1.6695560323246208,1.6661847796290168,2.688189499198196,1.3606845431566066,379.88860799976055,0.46533369466605656,1.6650475339235458,0.33298229699796783
2020-03-01 06:00:00,0.15052812440152957,35.82819937461501,104.09817776514419,35.82819937461501,104.09817776514417,35.82819937461501,104.09817776514417,35.82819937461501,104.09817776514419,35.828199374615025,104.09817776514417,35.82819937461501,104.09817776514417,35.82819937461502,104.09817776514419,35.82819937461501,104.09817776514419,35.82819937461501,104.09817776514419,0.0,35.82819937461502,104.0981777651442,35.82819937461501,104.09817776514419,35.828199374615025,104.0981777651442,35.82819937461501,104.09817776514419,35.82819937461501,104.0981777651442,35.82819937461502,104.0981777651442,35.82819937461501,104.09817776514419,35.82819937461502,104.09817776514421,35.82819937461502,104.09817776514416,35.82819937461501,104.09817776514421,0.0,35.82819937461501,104.09817776514419,35.82819937461501,104.0981777651442,0.0,35.82819937461501,104.0981777651442,0.0,35.828199374615025,104.0981777651442,-0.0003634255088794218,35.82819937461501,104.09817776514419,0.0,35.82819937461501,104.09817776514419,0.0,37.055633051351236,-95.62358634454716,1.1072771859002999,0.008561718893516637,0.0002912610443436724,37.055633051351236,-95.62358634454716,0.9990669526902827,0.0,0.0,37.05563305135123,-95.62358634454716,0.0,0.0005787001648820504,37.05563305135123,-95.62358634454716,2.057202608954466,0.0010216682380760574,0.0006672013609839869,37.055633051351236,-95.62358634454714,1.0003265524936897,0.0,0.00014977645227885533,56.07799371301024,-106.24754443142135,0.0,0.0005153247507693991,-25.250815790941374,133.6503174692481,4.019629015438215,-4.505286322206703e-05,-25.250815790941374,133.65031746924808,0.0,51.11795098966263,10.44177423178326,0.0,0.0,56.077993713010244,-106.24754443142135,-3.348387587470908e-05,0.0955764984802489,-25.250815790941374,133.65031746924808,0.0,-25.25081579094138,133.6503174692481,0.0,37.05563305135123,-95.62358634454715,2.035655564393512,0.0,37.055633051351236,-95.62358634454716,0.9990669526902827,0.0,0.001514935338135284,37.055633051351236,-95.62358634454716,1.2564841334647707,0.04315769252391688,37.055633051351236,-95.62358634454716,0.9990669526902827,0.0,37.055633051351236,-95.62358634454716,0.9968730479241086,0.0,0.0,37.055633051351236,-95.62358634454716,0.9990669526902827,0.0,0.0,37.05563305135123,-95.62358634454716,0.0,37.055633051351236,-95.62358634454716,1.9981339053805653,0.0,0.0,56.07799371301024,-106.24754443142135,0.9990669526902827,0.0,56.077993713010244,-106.24754443142132,0.0,37.055633051351236,-95.62358634454714,0.9990669526902827,0.0,-0.00011825341775424615,0.0,0.0,60.943084114107236,0.0,0.0,0.0,0.0,37.055633051351236,-95.62358634454716,0.0,37.055633051351236,-95.62358634454716,0.9990669526902827,0.0,0.0,37.055633051351236,-95.62358634454716,0.9990669526902827,0.0,0.0,0.0,0.0,0.0,0.0,37.055633051351236,-95.62358634454716,1.0001127361744266,0.0,0.0,37.055633051351236,-95.62358634454716,10.989736479593109,0.0,0.0,37.055633051351236,-95.62358634454716,4.995334763451414,0.0,0.0,37.055633051351236,-95.62358634454716,1.9981339053805653,0.0,0.0,37.055633051351236,-95.62358634454716,0.0,0.0,37.055633051351236,-95.62358634454716,0.0,0.0,37.055633051351236,-95.62358634454716,0.0,0.0,37.05563305135122,-95.62358634454715,35.984704608973296,0.0,0.0,2.4447520141570063e+38,7.917394773246259e+38,-2.7037094446917066e+38,9.444741768411926e+38,-1.1098860325579803e+36,-7.088252606755607e+36,-1.2543263369679352e+37,1.944301625938774e+38,2.2107575803097355e+37,3.585932186044541e+38,1.1314561956381581e+30,4.445272170546514e+29,-6.562057192715873,0.15481278521779376,22.156844244605765,8.301728850420747e+47,-2.0819145349708982e+50,5.217853483114342e+45,-9.552800977388104e+49,1.2008537073264694e+41,2.0719901708700195e+41,0.6694129091506533,0.3344058936666119,176.99647790241764,101.57888900833748,3.5199736197679776,0.2408659291237671,219.43444430433203,29.19491358355876,1.1125534264781811,1.9210881772777508,137.65300563008108,60.79743350691863,324.42398750865357,1.0353176643198385,41.89986380426283,94.84964865816713,14.60767989159825,146.10330845570297,213.4131236506782,44.92894549251059,6.942301231011132,2.0719954099113616,51.903592997324836,0.7392361257715219,41.278544533815925,1.2767830468136305,166.350285488989,204.14293266307396,1.8584835760905152,208.84012450857375,0.386616356736613,525.7720959136412,1.151570238237491,66.52117236702544,206.72401968779553,341.4046283228278,24.262531277006406,37.388965775328785,74.08506788387615,4.840137139150128,15.152191947693073,38.56445732158778,0.4190050185592996,53.009954554977604,47.39016601257686,2.1391985453452946,72.22160286010335,1.1453112615455159,192.5057210144684,49.69565789520022,280.8153789445712,110.15777596067281,74.83826422672348,0.5039595238023846,144.55249586303478,0.6671298555367854,2.035871802061178,15.434043195566254,0.20232137293380542,0.14973471607491667,0.49953347634514134,2.018745281774953,1.0365886117032301,0.5211123226070997,0.49953347634514134,0.9990669526902827,2.497667381725707,0.9990669526902827,5.4948682397965545,0.8360215468942516,3.990514484058423,2.0034058509015367,100.8246228494881,31.334618680322237,1.505674487127214,4.4958012871062705,38.16240708105482,0.2021074514453887,23344.395766984308,776.8900857573601,3765.869491793507,529.0585607506823,150.57907854079562,6.364510679273314,69.3492553328061,1.0188469607017838,23.898853113407423,28.215851232216515,109.70532069404199,33.994930806054285,0.8363722563836156,0.7003964788099698,15.82606286445031,52.05734242023532,28.197819488320047,114.61809054733703,15.024901470785817,0.28535080696858095,1.2286379996451693,36.68148374378595,12.95282864328848,17.233310997726363,27.294328679412747,109.93991121523372,7.295982803027354,1.2059840903676355,81.63592596612324,23.884834628036216,6.792810219935449,12.025805912012661,3.441230614822083,0.5994401716141694,0.19981339053805652,2.8650159683533607,4.280251518641614,3.810129034383591,1.6690716865456647,1.6660093966447551,2.691110221158471,1.3603956813742861,379.85030875946836,0.46477460561213224,1.665019762835431,0.3329764050725743
2020-03-01 07:00:00,0.15099140485823326,35.82764332053123,104.0965621601774,35.82764332053122,104.09656216017738,35.82764332053122,104.0965621601774,35.82764332053123,104.09656216017741,35.82764332053124,104.09656216017738,35.82764332053122,104.0965621601774,35.82764332053123,104.09656216017741,35.82764332053123,104.0965621601774,35.82764332053122,104.09656216017741,0.0,35.82764332053124,104.09656216017741,35.82764332053122,104.0965621601774,35.82764332053124,104.09656216017743,35.82764332053123,104.0965621601774,35.82764332053122,104.09656216017741,35.82764332053123,104.09656216017743,35.82764332053122,104.0965621601774,35.82764332053123,104.09656216017743,35.82764332053123,104.09656216017738,35.82764332053122,104.09656216017743,0.0,35.82764332053122,104.0965621601774,35.82764332053123,104.09656216017743,0.0,35.82764332053123,104.09656216017741,0.0,35.82764332053124,104.09656216017741,-0.0003657954140165384,35.82764332053123,104.0965621601774,0.0,35.82764332053123,104.0965621601774,0.0,37.05505794748207,-95.6221022653408,1.1076125979898952,0.00858877542384701,0.00029210258733727466,37.05505794748207,-95.6221022653408,0.9990514471592007,0.0,0.0,37.05505794748207,-95.6221022653408,0.0,0.0005803512907612603,37.05505794748208,-95.6221022653408,2.0573714454011607,0.0010252918549977501,0.0006693136807324716,37.05505794748207,-95.62210226534079,1.0003130786416752,0.0,0.0001498485608689424,56.07712338187558,-106.24589546825813,0.0,0.000513697993934149,-25.250423897977605,133.64824321471886,4.022689925110561,-5.068995850720723e-05,-25.250423897977605,133.64824321471883,0.0,51.11715763845049,10.441612175322012,0.0,0.0,56.07712338187558,-106.24589546825811,-3.4382514021960315e-05,0.08947756856764201,-25.250423897977605,133.64824321471883,0.0,-25.250423897977612,133.64824321471886,0.0,37.05505794748207,-95.6221022653408,2.0344549262265677,0.0,37.05505794748207,-95.6221022653408,0.9990514471592007,0.0,0.0014097533398972177,37.05505794748207,-95.62210226534081,1.2609249009030465,0.04291758205138617,37.05505794748207,-95.6221022653408,0.9990514471592007,0.0,37.05505794748207,-95.62210226534081,0.9968263518800171,0.0,0.0,37.05505794748207,-95.6221022653408,0.9990514471592007,0.0,0.0,37.05505794748207,-95.6221022653408,0.0,37.05505794748207,-95.6221022653408,1.9981028943184014,0.0,0.0,56.07712338187557,-106.24589546825814,0.9990514471592007,0.0,56.07712338187558,-106.24589546825808,0.0,37.05505794748207,-95.62210226534077,0.9990514471592007,0.0,-0.00011860914538923666,0.0,0.0,60.942138276711226,0.0,0.0,0.0,0.0,37.05505794748207,-95.6221022653408,0.0,37.05505794748207,-95.6221022653408,0.9990514471592007,0.0,0.0,37.05505794748207,-95.6221022653408,0.9990514471592007,0.0,0.0,0.0,0.0,0.0,0.0,37.05505794748207,-95.6221022653408,1.0000971620763124,0.0,0.0,37.05505794748207,-95.6221022653408,10.989565918751207,0.0,0.0,37.05505794748207,-95.6221022653408,4.995257235796004,0.0,0.0,37.05505794748207,-95.6221022653408,1.9981028943184014,0.0,0.0,37.05505794748207,-95.6221022653408,0.0,0.0,37.05505794748207,-95.6221022653408,0.0,0.0,37.05505794748207,-95.6221022653408,0.0,0.0,37.05505794748206,-95.6221022653408,35.98396460322772,0.0,0.0,2.4543673249260126e+38,7.948534214295832e+38,-2.7142609709793383e+38,9.481600921766941e+38,-1.1136057384623915e+36,-7.112008392755132e+36,-1.258944176578638e+37,1.951459630039299e+38,2.219720165006436e+37,3.600469836495363e+38,1.1358413764456823e+30,4.4625006963008944e+29,-6.556633415990566,0.15537262438405788,22.147452202057664,8.334379893289137e+47,-2.0900394375884776e+50,5.235340756438036e+45,-9.587969897505957e+49,1.2055078518265513e+41,2.0796205862743144e+41,0.669022173222512,0.334271695646911,176.92363721077112,101.95633146956735,3.5284801856295256,0.2408928582070534,219.30653659614427,29.18524381244442,1.1136370923185663,1.924855109457702,138.3427827280674,60.931496595715984,324.55256385866727,1.0367928340299726,41.786917281369924,94.87784924348483,14.657569692950343,146.15518283524762,213.54095847607638,45.12995615518649,6.949938459960942,2.075156355407707,52.12088231477057,0.7421044746371868,41.30247476967956,1.2797218220997888,166.84795674387,204.73206182971722,1.8544436629170014,208.9115497553163,0.38621604490277384,526.1957781915366,1.152248950748592,66.6786122545179,207.8747134047918,341.6452652713579,24.317133571300303,37.4866311548518,74.08756861757001,4.8440721588182045,15.16624011531159,38.567109605556794,0.41921996122712346,53.09573574971101,47.24879449872644,2.1368823929926477,72.02624559139855,1.1447046498922002,192.4036546756098,49.838536724363664,280.9078591856744,110.18464880382206,74.93072367723313,0.5040385500492982,144.53721880964807,0.6669576941387545,2.037041716827134,15.44939305262332,0.20153744219833683,0.14923104307942325,0.49952572357960034,2.0219174480019015,1.0354034790673676,0.5209845146052934,0.49952572357960034,0.9990514471592007,2.497628617898002,0.9990514471592007,5.494782959375604,0.8397422245792935,3.9915917533087297,2.003364805336022,100.81371038995715,31.334132366664697,1.5056765828313248,4.495731512216401,38.16181480003946,0.20186584602957458,23348.581265810077,777.0989578650563,3771.745097092907,528.7895553295874,150.16864991148688,6.383297599160356,69.38107742185375,1.0198096231472313,23.96696392031243,28.214984055193604,109.70399098499162,34.0012205071715,0.8364471613040433,0.7020961968286135,15.955058535509105,52.06370109544814,28.19716733161754,114.61667711785036,15.027043967241061,0.2853819389665588,1.2304584928680982,36.712907456623526,12.999995457097135,17.385707295596212,27.293925223960635,109.93824968427882,7.295868297436947,1.2059608462506006,81.60450904164114,23.835069602580454,6.828975935150892,12.025619271360748,3.44117720688169,0.5994308682955202,0.1998102894318401,2.872784977271497,4.272329159714266,3.808577303872868,1.668663770645698,1.665966410784074,2.6947925160448305,1.3601165264440096,379.81937403013166,0.4643380792302956,1.6649927892945666,0.332970671067683
2020-03-01 08:00:00,0.15133114489856814,35.82710437213595,104.09499625547559,35.82710437213595,104.09499625547559,35.82710437213594,104.09499625547559,35.82710437213595,104.0949962554756,35.827104372135956,104.09499625547558,35.82710437213595,104.09499625547559,35.82710437213595,104.0949962554756,35.82710437213595,104.09499625547559,35.82710437213595,104.0949962554756,0.0,35.827104372135956,104.0949962554756,35.82710437213594,104.09499625547559,35.827104372135956,104.09499625547562,35.82710437213595,104.09499625547559,35.82710437213595,104.09499625547562,35.82710437213595,104.09499625547562,35.82710437213595,104.09499625547559,35.82710437213595,104.09499625547564,35.82710437213595,104.09499625547558,35.82710437213595,104.09499625547562,0.0,35.82710437213595,104.09499625547559,35.82710437213595,104.09499625547562,0.0,35.82710437213595,104.09499625547562,0.0,35.82710437213596,104.09499625547562,-0.0003676580272342373,35.82710437213595,104.09499625547559,0.0,35.82710437213595,104.09499625547559,0.0,37.054500535323,-95.62066384032056,1.1079327507157724,0.008614571225993285,0.0002928994989622876,37.054500535323,-95.62066384032056,0.9990364186191031,0.0,0.0,37.054500535323,-95.62066384032056,0.0,0.0005819132762362568,37.054500535323,-95.62066384032056,2.057532827230565,0.0010287737238914095,0.0006713278185248098,37.054500535323,-95.62066384032055,1.0002998533777065,0.0,0.0001498897674304478,56.076279824419444,-106.2442972315459,0.0,0.0005119235068162097,-25.250044060673822,133.6462327697234,4.026040152757144,-5.6441770080354475e-05,-25.250044060673822,133.64623276972338,0.0,51.116388692811675,10.44145510414444,0.0,0.0,56.07627982441945,-106.24429723154589,-3.529373369582766e-05,0.08309626790294652,-25.250044060673822,133.6462327697234,0.0,-25.250044060673822,133.6462327697234,0.0,37.054500535323,-95.62066384032053,2.0329723596664167,0.0,37.054500535323,-95.62066384032056,0.9990364186191031,0.0,0.0013248173807642837,37.054500535323,-95.62066384032056,1.2661020230662183,0.042751882529043404,37.054500535323,-95.62066384032056,0.9990364186191031,0.0,37.054500535323,-95.62066384032056,0.9967799200664197,0.0,0.0,37.054500535323,-95.62066384032056,0.9990364186191031,0.0,0.0,37.054500535323,-95.62066384032056,0.0,37.054500535323,-95.62066384032056,1.9980728372382062,0.0,0.0,56.07627982441945,-106.2442972315459,0.9990364186191031,0.0,56.07627982441945,-106.24429723154586,0.0,37.054500535323,-95.62066384032053,0.9990364186191031,0.0,-0.00011885073798273394,0.0,0.0,60.94122153576527,0.0,0.0,0.0,0.0,37.054500535323,-95.62066384032056,0.0,37.054500535323,-95.62066384032056,0.9990364186191031,0.0,0.0,37.054500535323,-95.62066384032056,0.9990364186191031,0.0,0.0,0.0,0.0,0.0,0.0,37.054500535323,-95.62066384032056,1.0000821284224086,0.0,0.0,37.054500535323,-95.62066384032056,10.989400604810134,0.0,0.0,37.054500535323,-95.62066384032056,4.995182093095515,0.0,0.0,37.054500535323,-95.62066384032056,1.9980728372382062,0.0,0.0,37.054500535323,-95.62066384032056,0.0,0.0,37.054500535323,-95.62066384032056,0.0,0.0,37.054500535323,-95.62066384032056,0.0,0.0,37.054500535322994,-95.62066384032055,35.98349866970279,0.0,0.0,2.4636644221128473e+38,7.978643112150153e+38,-2.724458766298238e+38,9.517224403270554e+38,-1.1171667670526633e+36,-7.134750791026015e+36,-1.2633918016660415e+37,1.9583537886279702e+38,2.228400879384201e+37,3.614550282656596e+38,1.1400778567868895e+30,4.479145006734154e+29,-6.552127230438047,0.1558094160913188,22.141896790035393,8.3659503673062e+47,-2.0978919597375412e+50,5.252082047785215e+45,-9.621842483953203e+49,1.2100041753637477e+41,2.086969879958483e+41,0.6686967226111813,0.3341727728778704,176.83181098330297,102.25623309149768,3.5294908802161715,0.2408438109387137,219.1714101789218,29.152053648492927,1.114423299881263,1.9277294273895036,138.87240930714782,61.03021809340517,324.65821702836274,1.0380073578977338,41.6409075700477,94.88516054467078,14.697645042176017,146.19275333345638,213.64419427586967,45.29834361061064,6.9487760023815985,2.078644795041129,52.35675700544211,0.7448312451287505,41.321814263566154,1.2828567409934377,167.37128129071348,205.19635768848266,1.8501707829687226,208.96286286518574,0.38581542458034473,526.5180799438336,1.1527217167570778,66.81466138235537,209.0851870035534,341.834998041649,24.33638060666272,37.56005277765924,74.08516821801021,4.8472532879047066,15.167218489181566,38.564159899540414,0.4190472385228683,53.177267374197655,47.09935844860769,2.134911347040102,71.864977667015,1.1437491635098,192.2176046101182,49.94349096174786,280.97175469109783,110.19948802511854,75.0338099853328,0.5040163096715559,144.5054285635979,0.6665799889648835,2.0373638523694733,15.45499417760473,0.20093973192026418,0.14859102162002966,0.49951820930955154,2.02537967258673,1.033935941047314,0.5208941505740732,0.49951820930955154,0.9990364186191031,2.4975910465477575,0.9990364186191031,5.494700302405067,0.8440930787657426,3.992475746493576,2.0033233483627964,100.80445225931177,31.333661013296425,1.505678418586926,4.495663883785962,38.16124073914844,0.20166310741343346,23346.100836707294,777.0039059631141,3773.126411187823,528.5204763734544,149.7598284755637,6.4029418802357085,69.40633941449566,1.020576696645781,24.008812633190892,28.215531507783723,109.70168275664092,33.99278405907403,0.8362435053250431,0.7039897642457132,16.098684890425304,52.06170832592419,28.197395177211327,114.6141249351884,15.02440275349701,0.2852764492301791,1.2310517773319405,36.752679062964845,13.059802551817853,17.530622584826453,27.29353340111569,109.93664231172751,7.295757899071463,1.2059399232343895,81.57770558631256,23.793612033225013,6.858737106805274,12.02543837226698,3.4411254419102426,0.5994218511714616,0.19980728372382056,2.8816782445837115,4.264047290562834,3.8072811303255296,1.668321451690046,1.666061753043123,2.699602193246076,1.3598788739037366,379.7947989329438,0.46400701141346584,1.6649666056805015,0.3329650935306991
2020-03-01 09:00:00,0.15153193457092853,35.82658235930099,104.09347955673445,35.826582359300986,104.09347955673445,35.826582359300986,104.09347955673444,35.82658235930099,104.09347955673445,35.826582359301,104.09347955673444,35.826582359300986,104.09347955673445,35.82658235930099,104.09347955673447,35.82658235930099,104.09347955673445,35.826582359300986,104.09347955673447,0.0,35.826582359301,104.09347955673447,35.826582359300986,104.09347955673445,35.826582359301,104.09347955673448,35.82658235930099,104.09347955673445,35.82658235930099,104.09347955673448,35.82658235930099,104.09347955673447,35.82658235930099,104.09347955673445,35.82658235930099,104.0934795567345,35.82658235930099,104.09347955673444,35.826582359300986,104.09347955673448,0.0,35.826582359300986,104.09347955673445,35.82658235930099,104.09347955673448,0.0,35.82658235930099,104.09347955673448,0.0,35.82658235930101,104.09347955673448,-0.0003688599948753462,35.82658235930099,104.09347955673445,0.0,35.82658235930099,104.09347955673445,0.0,37.05396063891744,-95.61927061542319,1.108237267181356,0.008639076793441995,0.00029365076860276207,37.05396063891744,-95.61927061542319,0.9990218623259768,0.0,0.0,37.05396063891743,-95.61927061542319,0.0,0.0005833841114254636,37.05396063891744,-95.61927061542319,2.0576865424019517,0.0010321103558538908,0.0006732414738636837,37.05396063891743,-95.61927061542319,1.0002868674568641,0.0,0.00014989952211738274,56.07546277435867,-106.24274921677419,0.0,0.0005099992355944629,-25.24967615912794,133.64428549963077,4.029662357436141,-6.230861211169517e-05,-25.249676159127944,133.64428549963077,0.0,51.11564391001547,10.441302968668367,0.0,0.0,56.07546277435867,-106.24274921677417,-3.621748813197219e-05,0.07657495480201917,-25.249676159127944,133.64428549963077,0.0,-25.249676159127944,133.64428549963077,0.0,37.05396063891744,-95.61927061542316,2.031250456839688,0.0,37.05396063891744,-95.61927061542319,0.9990218623259768,0.0,0.001256544460397602,37.05396063891744,-95.61927061542318,1.2720708318757608,0.042683973912575265,37.05396063891744,-95.61927061542319,0.9990218623259768,0.0,37.05396063891744,-95.61927061542318,0.996733753254899,0.0,0.0,37.05396063891744,-95.61927061542319,0.9990218623259768,0.0,0.0,37.05396063891743,-95.61927061542319,0.0,37.05396063891744,-95.61927061542319,1.9980437246519536,0.0,0.0,56.07546277435867,-106.2427492167742,0.9990218623259768,0.0,56.07546277435867,-106.24274921677414,0.0,37.05396063891744,-95.61927061542318,0.9990218623259768,0.0,-0.00011894513825693679,0.0,0.0,60.940333601884575,0.0,0.0,0.0,0.0,37.05396063891744,-95.61927061542319,0.0,37.05396063891744,-95.61927061542319,0.9990218623259768,0.0,0.0,37.05396063891744,-95.61927061542319,0.9990218623259768,0.0,0.0,0.0,0.0,0.0,0.0,37.05396063891744,-95.61927061542319,1.0000676191802276,0.0,0.0,37.05396063891744,-95.61927061542319,10.989240485585745,0.0,0.0,37.05396063891744,-95.61927061542319,4.995109311629884,0.0,0.0,37.05396063891744,-95.61927061542319,1.9980437246519536,0.0,0.0,37.05396063891744,-95.61927061542319,0.0,0.0,37.05396063891744,-95.61927061542319,0.0,0.0,37.05396063891744,-95.61927061542319,0.0,0.0,37.05396063891743,-95.61927061542318,35.98330992777587,0.0,0.0,2.4726350471661585e+38,8.007694721269834e+38,-2.7342936906546274e+38,9.551580284609922e+38,-1.1205653164946513e+36,-7.156455521272814e+36,-1.2676649491207279e+37,1.96497749355958e+38,2.236792276750998e+37,3.62816144571287e+38,1.1441618092789317e+30,4.4951900648006466e+29,-6.548401990562358,0.1560972270169851,22.140032841934108,8.396412228623882e+47,-2.1054650634259222e+50,5.2680594837770376e+45,-9.654386269392903e+49,1.2143386158038817e+41,2.0940310100063336e+41,0.668426840480228,0.3341065285745312,176.7203241026955,102.46510432129638,3.5228281415619715,0.24068776570890227,219.0379139614271,29.09315835698476,1.1149204852919041,1.9295766432875987,139.21794180602762,61.08200689220126,324.7310816675728,1.0388483085311881,41.46072509126104,94.87342858595197,14.722957367360399,146.21422747050724,213.71320772063376,45.42377058051846,6.937153684407671,2.082315540014585,52.60224835741999,0.7473592839685003,41.33556356446089,1.2859485297095712,167.88489498716712,205.5105445593994,1.8459453426108534,208.99463609046387,0.3854427607387672,526.7237028799559,1.1529167591450302,66.92088391160965,210.30710355170257,341.9647046443865,24.32338805762955,37.60623431909013,74.07590721870818,4.849385910904508,15.153719436192738,38.554501554560936,0.4184104952016735,53.25282853016651,46.95236944657094,2.133427322655022,71.75127317601232,1.1424002305931045,191.93717940370826,50.01164675853357,280.9970823527272,110.20275133969143,75.14755326774596,0.50388121526502,144.45547271269982,0.6659762312510057,2.0369130602289323,15.44724298617096,0.20050467028331742,0.1478098274677608,0.4995109311629884,2.029114412584781,1.0322285945137117,0.5208529181192759,0.4995109311629884,0.9990218623259768,2.497554655814942,0.9990218623259768,5.494620242792872,0.8490385920144878,3.9931956174280208,2.0032814500536884,100.79660802382305,31.333204471426747,1.5056799631577018,4.495598380466895,38.16068471716976,0.2014934306300856,23335.67141043391,776.5467338141766,3769.2231215186666,528.2700167727199,149.3841558928254,6.422684091103198,69.4216118405504,1.0210461973992855,24.025514531967527,28.217500182994588,109.69839053127136,33.96950927624278,0.835759943418677,0.7060777345040163,16.256983929708007,52.05040787826651,28.198475815668772,114.61047076691189,15.017150233541484,0.285038609997583,1.230498214010591,36.800461110650176,13.131728434822934,17.665035297359612,27.29315271346743,109.93508882236426,7.295651762472586,1.2059218632341426,81.55740111415642,23.763774977695938,6.88080651732302,12.025263157627496,3.441075303567252,0.5994131173955858,0.19980437246519533,2.8916415067022454,4.255587864350166,3.8062028444519282,1.668035005764809,1.6663056278011599,2.7058383293522517,1.3597101916657681,379.77580057122043,0.46376807901836686,1.6649412043297587,0.3329596710018908
2020-03-01 10:00:00,0.15158825932486072,35.82607711091619,104.09201156679649,35.82607711091618,104.09201156679649,35.826077110916174,104.09201156679649,35.82607711091619,104.0920115667965,35.82607711091619,104.09201156679649,35.82607711091618,104.09201156679649,35.82607711091619,104.09201156679649,35.82607711091618,104.09201156679649,35.82607711091618,104.09201156679649,0.0,35.82607711091619,104.09201156679649,35.82607711091618,104.09201156679649,35.82607711091619,104.0920115667965,35.82607711091619,104.09201156679647,35.82607711091618,104.0920115667965,35.82607711091618,104.09201156679651,35.82607711091619,104.09201156679649,35.82607711091618,104.09201156679651,35.82607711091619,104.09201156679649,35.82607711091618,104.09201156679651,0.0,35.82607711091618,104.09201156679649,35.82607711091618,104.0920115667965,0.0,35.82607711091618,104.09201156679649,0.0,35.826077110916195,104.09201156679649,-0.00036920575239204716,35.82607711091618,104.09201156679649,0.0,35.82607711091618,104.09201156679649,0.0,37.05343808129316,-95.61792213396463,1.1085257679988447,0.008662262427138325,0.0002943553793600289,37.05343808129316,-95.61792213396463,0.999007773508426,0.0,0.0,37.05343808129315,-95.61792213396463,0.0,0.0005847617740335543,37.05343808129316,-95.61792213396463,2.057832377444791,0.0010352982376337413,0.0006750523312112023,37.05343808129315,-95.61792213396463,1.0002741115852667,0.0,0.00014987727309266835,56.07467196387304,-106.24125091652046,0.0,0.0005079231259569762,-25.24932007274581,133.64240076614684,4.033528039964435,-6.829077694742863e-05,-25.249320072745814,133.64240076614684,0.0,51.11492304593011,10.441155719025426,0.0,0.0,56.07467196387304,-106.24125091652044,-3.715372712566204e-05,0.07004513320927101,-25.249320072745814,133.6424007661468,0.0,-25.249320072745817,133.64240076614684,0.0,37.053438081293166,-95.6179221339646,2.029336376543593,0.0,37.05343808129316,-95.61792213396463,0.999007773508426,0.0,0.0012019095399505419,37.05343808129316,-95.61792213396461,1.278811548909684,0.0427260143674868,37.05343808129316,-95.61792213396463,0.999007773508426,0.0,37.05343808129316,-95.61792213396461,0.9966878523456579,0.0,0.0,37.05343808129316,-95.61792213396463,0.999007773508426,0.0,0.0,37.05343808129315,-95.61792213396463,0.0,37.05343808129316,-95.61792213396463,1.998015547016852,0.0,0.0,56.074671963873044,-106.24125091652046,0.999007773508426,0.0,56.07467196387304,-106.2412509165204,0.0,37.05343808129316,-95.61792213396461,0.999007773508426,0.0,-0.00011884939065334634,0.0,0.0,60.939474184013974,0.0,0.0,0.0,0.0,37.05343808129316,-95.61792213396463,0.0,37.05343808129316,-95.61792213396463,0.999007773508426,0.0,0.0,37.05343808129316,-95.61792213396463,0.999007773508426,0.0,0.0,0.0,0.0,0.0,0.0,37.05343808129316,-95.61792213396463,1.000053620948015,0.0,0.0,37.05343808129316,-95.61792213396463,10.989085508592686,0.0,0.0,37.05343808129316,-95.61792213396463,4.99503886754213,0.0,0.0,37.05343808129316,-95.61792213396463,1.998015547016852,0.0,0.0,37.05343808129316,-95.61792213396463,0.0,0.0,37.05343808129316,-95.61792213396463,0.0,0.0,37.05343808129316,-95.61792213396463,0.0,0.0,37.05343808129315,-95.61792213396461,35.9834104919896,0.0,0.0,2.4812708802045517e+38,8.035662097496488e+38,-2.7437565365146697e+38,9.584636401537668e+38,-1.1237975593530931e+36,-7.17709813969933e+36,-1.2717593254589323e+37,1.9713240896063622e+38,2.244886854019398e+37,3.6412911553733536e+38,1.1480893783808171e+30,4.510620722826838e+29,-6.545336607264055,0.1562196562462584,22.141473556442836,8.425737225133585e+47,-2.1127516586541524e+50,5.2832550706773614e+45,-9.68556855516069e+49,1.2185070811275609e+41,2.100796884319288e+41,0.6682039161028344,0.33407123090141067,176.58949452991598,102.57467207381255,3.508288680014208,0.24039567497259723,218.91485723907223,29.008057943605767,1.1151570295092434,1.93031242627191,139.36451347269127,61.07774263570922,324.7634393471834,1.0392272602288521,41.246996395982414,94.84475416535619,14.729040723322898,146.21896340029932,213.74048339151057,45.49833941361666,6.91396628426612,2.0860168217689012,52.84803332167914,0.7496353237974487,41.34309806702502,1.288750807384076,168.3525527032295,205.65886086225248,1.8420466359385885,209.00879477958216,0.3851242642663139,526.8030536190612,1.1527770443154737,66.99079769655117,211.49322902974637,342.02873747545345,24.281702319558235,37.62416759550295,74.05795485115844,4.850239947315106,15.125117159222821,38.53738828074909,0.41725824348664353,53.32081531492198,46.81827517372574,2.132539088752944,71.69539470279432,1.140633832912794,191.5569340597715,50.04666518537244,280.97590954235596,110.1956597638831,75.27167972954052,0.5036278100501062,144.38687360371685,0.6651404964841824,2.0357745212006226,15.422793118219195,0.20021498307083413,0.14688974051319745,0.499503886754213,2.033092897320034,1.0303286030351675,0.5208668939379563,0.499503886754213,0.999007773508426,2.497519433771065,0.999007773508426,5.494542754296343,0.8545299739706148,3.9937771976764367,2.003239080398329,100.78996457120124,31.332762591406173,1.5056811850970062,4.495534980787916,38.16014655184538,0.2013516823221057,23316.427328759462,775.6883025795237,3759.517175357789,528.0555108601213,149.07080421630238,6.441783150082911,69.4237957847996,1.0211259719860815,24.019843230903852,28.220903193866075,109.69410402683772,33.93121967123126,0.8349938326751986,0.7083551081649676,16.42957803717807,52.029349413213424,28.200325708276768,114.60582901328337,15.005769112968085,0.2846815846522777,1.2289753801597132,36.855782754061714,13.215052199992558,17.786130538190083,27.292782554822292,109.93358901165081,7.295550098864953,1.2059073722006244,81.54504069842515,23.748086557235904,6.894401856687316,12.025093570008828,3.4410267754179102,0.5994046641050553,0.19980155470168517,2.902593113532597,4.247118962987267,3.8053091619661727,1.6677958150402679,1.6667129568736772,2.7137140071812436,1.3596321282282386,379.7618049985135,0.46361151730614486,1.6649165775381325,0.33295440201485316
2020-03-01 11:00:00,0.15150480657148765,35.82558845493839,104.0905917857935,35.825588454938384,104.0905917857935,35.82558845493838,104.0905917857935,35.82558845493839,104.09059178579352,35.8255884549384,104.0905917857935,35.825588454938384,104.09059178579352,35.82558845493839,104.0905917857935,35.82558845493839,104.09059178579352,35.825588454938384,104.09059178579352,0.0,35.82558845493839,104.0905917857935,35.825588454938384,104.0905917857935,35.8255884549384,104.09059178579352,35.82558845493839,104.09059178579349,35.825588454938384,104.09059178579352,35.825588454938384,104.09059178579353,35.82558845493839,104.09059178579352,35.825588454938384,104.09059178579353,35.82558845493839,104.0905917857935,35.825588454938384,104.09059178579353,0.0,35.825588454938384,104.09059178579352,35.825588454938384,104.09059178579352,0.0,35.82558845493839,104.09059178579352,0.0,35.8255884549384,104.09059178579352,-0.00036844678613117375,35.825588454938384,104.09059178579352,0.0,35.825588454938384,104.09059178579352,0.0,37.05293268451304,-95.61661793677077,1.1087978713321418,0.00868409823881654,0.0002950123081706601,37.05293268451304,-95.61661793677077,0.9989941473690394,0.0,0.0,37.05293268451304,-95.61661793677077,0.0,0.000586044229587082,37.05293268451304,-95.61661793677077,2.0579701174837024,0.00103833383200558,0.0006767580602484152,37.05293268451303,-95.61661793677077,1.0002615764220435,0.0,0.00014982246660995248,56.07390712368209,-106.23980182059549,0.0,0.0005056931234932414,-25.24897568027575,133.64057792749725,4.0375966203854645,-7.438853398964232e-05,-25.248975680275752,133.64057792749725,0.0,51.11422585509273,10.441013305075346,0.0,0.0,56.0739071236821,-106.23980182059547,-3.810239699794096e-05,0.06362364540731674,-25.248975680275752,133.64057792749722,0.0,-25.248975680275755,133.64057792749725,0.0,37.05293268451304,-95.61661793677074,2.0272795356568643,0.0,37.05293268451304,-95.61661793677077,0.9989941473690394,0.0,0.001158377919162159,37.05293268451304,-95.61661793677075,1.286225580616198,0.04287815678491379,37.05293268451304,-95.61661793677077,0.9989941473690394,0.0,37.05293268451304,-95.61661793677075,0.9966422183785593,0.0,0.0,37.05293268451304,-95.61661793677077,0.9989941473690394,0.0,0.0,37.05293268451303,-95.61661793677077,0.0,37.05293268451304,-95.61661793677077,1.9979882947380787,0.0,0.0,56.073907123682105,-106.23980182059549,0.9989941473690394,0.0,56.0739071236821,-106.23980182059543,0.0,37.05293268451304,-95.61661793677075,0.9989941473690394,0.0,-0.00011850781326302301,0.0,0.0,60.938642989511386,0.0,0.0,0.0,0.0,37.05293268451304,-95.61661793677077,0.0,37.05293268451304,-95.61661793677077,0.9989941473690394,0.0,0.0,37.05293268451304,-95.61661793677077,0.9989941473690394,0.0,0.0,0.0,0.0,0.0,0.0,37.05293268451304,-95.61661793677077,1.0000401223265263,0.0,0.0,37.05293268451304,-95.61661793677077,10.988935621059431,0.0,0.0,37.05293268451304,-95.61661793677077,4.994970736845196,0.0,0.0,37.05293268451304,-95.61661793677077,1.9979882947380787,0.0,0.0,37.05293268451304,-95.61661793677077,0.0,0.0,37.05293268451304,-95.61661793677077,0.0,0.0,37.05293268451304,-95.61661793677077,0.0,0.0,37.05293268451304,-95.61661793677075,35.98382158361585,0.0,0.0,2.489563540855425e+38,8.062518100769346e+38,-2.7528380297369472e+38,9.616360357129267e+38,-1.1268596430100773e+36,-7.196654041681175e+36,-1.2756706072713565e+37,1.977386875153689e+38,2.2526770524495707e+37,3.6539271510769256e+38,1.1518566807854085e+30,4.525421724051386e+29,-6.542825001678046,0.15617092646073732,22.145620933864656,8.453896899314623e+47,-2.119744604133489e+50,5.297650696360082e+45,-9.715356414682868e+49,1.222505449846221e+41,2.107260361357618e+41,0.6680204060349274,0.3340660270981386,176.44076354011807,102.58238965961718,3.4856848835737066,0.23994266533757036,218.8104083595635,28.898087442190906,1.1151782092901033,1.9299073454339426,139.3071911134904,61.011481925457076,324.7506136573282,1.0390905615471835,41.00230532867831,94.80140982613217,14.712176428901692,146.20750555747526,213.72120959537818,45.51722827155128,6.878763758296108,2.089601786378309,53.08513310494614,0.7516130289380626,41.34420945954867,1.2910287059780803,168.73986865454114,205.63613270540037,1.8387337755091409,209.00841058004093,0.3848823319922623,526.7527831737569,1.1522646205770488,67.02063086341659,212.6003260033109,342.02526488808485,24.215158680026313,37.61489083806459,74.02974694704386,4.849668092880795,15.081616161622208,38.512500564850406,0.41556844648407876,53.37983252227748,46.70674520723078,2.1323151899895807,71.70371943155608,1.1384514149298703,191.077510174451,50.05435221350863,280.9029574816022,110.18010146941307,75.40555864082206,0.5032571574826087,144.3004366890902,0.6640827894878268,2.0340403791351473,15.378803574347934,0.20005937803232127,0.14584107642100216,0.4994970736845197,2.0372741860340846,1.0282853882878256,0.5209361520769764,0.4994970736845197,0.9989941473690394,2.497485368422598,0.9989941473690394,5.494467810529716,0.860503019851661,3.9942431131592766,2.0031962093105062,100.78433515141646,31.33233522276925,1.5056820527524883,4.495473663160676,38.159626059923575,0.2012333797054188,23287.997206114924,774.4120281731425,3743.8104533192354,527.8917703780953,148.8446109833375,6.45956159943732,69.41030658116355,1.0207391602258988,23.996017790212843,28.225753411212448,109.68881313601909,33.87774769765671,0.8339425782117444,0.7108103640963229,16.615596769119886,51.998620636038474,28.202810394987548,114.60038425384397,14.991022078166356,0.28422657411364666,1.2267477289442263,36.918014872161635,13.30881625138829,17.891461476193218,27.292422181743532,109.93214276537338,7.295453191183826,1.2058973635843655,81.54153492090596,23.748124184554847,6.899299925965904,12.024929551664357,3.4409798409378007,0.5993964884214233,0.19979882947380784,2.914419936134369,4.238789931552513,3.8045710525069625,1.6675963289470108,1.6673038232896553,2.7233420679627613,1.3596593965112325,379.75243678587947,0.4635309415934153,1.664892717562982,0.3329492850969713
2020-03-01 12:00:00,0.15129600231745913,35.825116218439405,104.0892197112858,35.8251162184394,104.0892197112858,35.82511621843939,104.08921971128579,35.825116218439405,104.08921971128582,35.825116218439405,104.0892197112858,35.8251162184394,104.0892197112858,35.825116218439405,104.08921971128578,35.825116218439405,104.08921971128582,35.8251162184394,104.0892197112858,0.0,35.8251162184394,104.0892197112858,35.8251162184394,104.0892197112858,35.825116218439405,104.08921971128582,35.825116218439405,104.08921971128579,35.825116218439405,104.08921971128582,35.825116218439405,104.08921971128584,35.8251162184394,104.0892197112858,35.8251162184394,104.08921971128584,35.8251162184394,104.0892197112858,35.8251162184394,104.08921971128582,0.0,35.825116218439405,104.0892197112858,35.82511621843939,104.08921971128582,0.0,35.825116218439405,104.0892197112858,0.0,35.825116218439405,104.0892197112858,-0.00036626848352344817,35.8251162184394,104.0892197112858,0.0,35.8251162184394,104.0892197112858,0.0,37.05244426972454,-95.61535756230528,1.1090531929408354,0.008704554154416067,0.0002956205259273552,37.05244426972454,-95.61535756230528,0.9989809790857253,0.0,0.0,37.05244426972453,-95.61535756230528,0.0,0.0005872294316759115,37.05244426972453,-95.61535756230528,2.058099546263928,0.0010412135781545993,0.0006783563161414721,37.05244426972454,-95.61535756230528,1.0002492525812858,0.0,0.00014973454709700735,56.07316798312009,-106.23840141618544,0.0,0.0005033071740921363,-25.248642859842292,133.63881633860603,4.041814998185937,-8.060212827831412e-05,-25.248642859842295,133.63881633860603,0.0,51.11355209077769,10.440875676419916,0.0,0.0,56.0731679831201,-106.23840141618543,-3.9063440562031506e-05,0.05741011399073631,-25.248642859842295,133.638816338606,0.0,-25.2486428598423,133.63881633860603,0.0,37.05244426972454,-95.61535756230525,2.025129387035826,0.0,37.05244426972454,-95.61535756230528,0.9989809790857253,0.0,0.0011238407298591654,37.05244426972454,-95.61535756230526,1.2941367619595034,0.04312853548644736,37.05244426972454,-95.61535756230528,0.9989809790857253,0.0,37.05244426972453,-95.61535756230526,0.9965968525473992,0.0,0.0,37.05244426972454,-95.61535756230528,0.9989809790857253,0.0,0.0,37.052444269724525,-95.61535756230528,0.0,37.05244426972454,-95.61535756230528,1.9979619581714505,0.0,0.0,56.0731679831201,-106.23840141618544,0.9989809790857253,0.0,56.0731679831201,-106.23840141618538,0.0,37.05244426972454,-95.61535756230526,0.9989809790857253,0.0,-0.0001178484212825731,0.0,0.0,60.937839724229235,0.0,0.0,0.0,0.0,37.05244426972454,-95.61535756230528,0.0,37.05244426972454,-95.61535756230528,0.9989809790857253,0.0,0.0,37.05244426972454,-95.61535756230528,0.9989809790857253,0.0,0.0,0.0,0.0,0.0,0.0,37.05244426972454,-95.61535756230528,1.0000271134356633,0.0,0.0,37.05244426972454,-95.61535756230528,10.988790769942979,0.0,0.0,37.05244426972454,-95.61535756230528,4.994904895428626,0.0,0.0,37.05244426972454,-95.61535756230528,1.9979619581714505,0.0,0.0,37.05244426972454,-95.61535756230528,0.0,0.0,37.05244426972454,-95.61535756230528,0.0,0.0,37.05244426972454,-95.61535756230528,0.0,0.0,37.05244426972453,-95.61535756230526,35.98457365989995,0.0,0.0,2.4975045891181195e+38,8.088235397920578e+38,-2.7615288305318606e+38,9.646719525134472e+38,-1.1297476900947538e+36,-7.215098464510078e+36,-1.2793944416845483e+37,1.9831591029152425e+38,2.260155258414178e+37,3.666057083232852e+38,1.1554598058226989e+30,4.539577704209533e+29,-6.540775207547659,0.1559562635769129,22.15171079385208,8.480862591165261e+47,-2.1264367080246775e+50,5.3112281323292994e+45,-9.743716696990228e+49,1.2263295714301331e+41,2.113414250902453e+41,0.6678697702960027,0.3340909504165919,176.27673233482446,102.49159576151229,3.4548970746359746,0.23930989801634164,218.73154326789978,28.766436299736693,1.115041841274799,1.9283885405353458,139.05127685616495,60.88095273248485,324.6915663201065,1.0384261822753957,40.731252224043715,94.74574159393629,14.669607142761517,146.18153077738864,213.6536784245917,45.47911198204257,6.8318061447810825,2.0929393048732448,53.305569502764115,0.7532559113331279,41.33911842864911,1.2925768634680357,169.01696282996758,205.44813977264934,1.8362282032760686,208.9974059951968,0.3847340584982938,526.575976978268,1.1513636656872839,67.00981750195831,213.59181616665757,341.9563786642337,24.127713119670553,37.58139164219146,73.99010244421393,4.847618067664553,15.0242474101036,38.47998229786609,0.4133510458387264,53.42878143479122,46.626016103456045,2.1327795207085454,71.77831973539315,1.1358826116768883,190.50626027610764,50.04210234418949,280.77602508541946,110.15848957592502,75.54815643420729,0.5027768173193281,144.19826637874218,0.6628292412147697,2.0318057571039834,15.313147765690125,0.20003232635248896,0.1446824485374782,0.4994904895428626,2.0416047030399147,1.0261484079501009,0.5210547572860862,0.4994904895428626,0.9989809790857253,2.497452447714313,0.9989809790857253,5.494395384971489,0.8668764422034401,3.9946129758300764,2.0031528066345174,100.77955780019145,31.331922214276467,1.505682534270741,4.4954144058857635,38.15912305720986,0.20113465513576992,23250.54602468641,772.7257948775355,3722.2504198579563,527.7901002050371,148.72441829628156,6.475447288848551,69.37922243596466,1.019828615073762,23.95938918259475,28.232054515243306,109.68251451484993,33.80903077506057,0.8326054141869514,0.7134246207666053,16.813613475291817,51.958845321518424,28.205753317752475,114.59437908664479,14.97390261230495,0.2837014241262049,1.2241501040800038,36.98634720961824,13.411791996943684,17.9791038319065,27.292070677892653,109.93075008421096,7.295361412895522,1.205893012741188,81.54720105972476,23.76441121263014,6.8958523878936795,12.024771044550395,3.4409344835174975,0.5993885874514351,0.19979619581714506,2.926974229198379,4.230728109713338,3.803963516471989,1.667430000360163,1.6681039078845552,2.7347268513853824,1.3597990945469838,379.7475118141394,0.4635232237712613,1.6648696166254697,0.33294431876987207
2020-03-01 13:00:00,0.15098481292205435,35.824660227653546,104.08789483840036,35.824660227653546,104.08789483840037,35.82466022765354,104.08789483840035,35.824660227653546,104.08789483840037,35.824660227653546,104.08789483840036,35.82466022765353,104.08789483840036,35.824660227653546,104.08789483840033,35.82466022765354,104.08789483840037,35.824660227653546,104.08789483840036,0.0,35.824660227653546,104.08789483840036,35.82466022765354,104.08789483840036,35.824660227653546,104.08789483840037,35.824660227653546,104.08789483840035,35.82466022765354,104.08789483840037,35.82466022765354,104.08789483840039,35.824660227653546,104.08789483840036,35.82466022765354,104.08789483840039,35.824660227653546,104.08789483840036,35.82466022765353,104.08789483840037,0.0,35.82466022765354,104.08789483840036,35.82466022765354,104.08789483840037,0.0,35.82466022765354,104.08789483840036,0.0,35.82466022765355,104.08789483840036,-0.0003622741373394151,35.82466022765354,104.08789483840036,0.0,35.82466022765354,104.08789483840036,0.0,37.05197265720896,-95.61414054679668,1.1092913462252803,0.00872359991758595,0.0002961789976028825,37.05197265720896,-95.61414054679668,0.9989682638130396,0.0,0.0,37.05197265720895,-95.61414054679668,0.0,0.0005883153222007512,37.05197265720896,-95.61414054679668,2.0582204461773936,0.0010439338920713963,0.0006798447398146988,37.05197265720896,-95.61414054679668,1.0002371306340057,0.0,0.0001496129572409119,56.07245427021046,-106.23704918799292,0.0,0.0005007632243472886,-25.24832148897976,133.63711535127322,4.046117734629547,-8.693177866596e-05,-25.24832148897976,133.63711535127322,0.0,51.11290150506447,10.440742782416843,0.0,0.0,56.072454270210464,-106.23704918799291,-4.003679708953871e-05,0.05148559725493784,-25.248321488979762,133.63711535127322,0.0,-25.248321488979766,133.63711535127322,0.0,37.051972657208964,-95.61414054679665,2.022933424148407,0.0,37.05197265720896,-95.61414054679666,0.9989682638130396,0.0,0.0010965549991731527,37.05197265720896,-95.61414054679668,1.302297673327238,0.04345402389793193,37.05197265720896,-95.61414054679668,0.9989682638130396,0.0,37.05197265720896,-95.61414054679668,0.9965517562186148,0.0,0.0,37.05197265720896,-95.61414054679668,0.9989682638130396,0.0,0.0,37.05197265720895,-95.61414054679668,0.0,37.05197265720896,-95.61414054679668,1.9979365276260792,0.0,0.0,56.07245427021047,-106.23704918799294,0.9989682638130396,0.0,56.072454270210464,-106.23704918799288,0.0,37.05197265720896,-95.61414054679668,0.9989682638130396,0.0,-0.00011677842478380134,0.0,0.0,60.937064092595406,0.0,0.0,0.0,0.0,37.05197265720896,-95.61414054679668,0.0,37.05197265720896,-95.61414054679668,0.9989682638130396,0.0,0.0,37.05197265720896,-95.61414054679668,0.9989682638130396,0.0,0.0,0.0,0.0,0.0,0.0,37.05197265720896,-95.61414054679668,1.0000145855438545,0.0,0.0,37.05197265720896,-95.61414054679668,10.988650901943437,0.0,0.0,37.05197265720896,-95.61414054679668,4.994841319065198,0.0,0.0,37.05197265720896,-95.61414054679668,1.9979365276260792,0.0,0.0,37.05197265720896,-95.61414054679668,0.0,0.0,37.05197265720896,-95.61414054679668,0.0,0.0,37.05197265720896,-95.61414054679668,0.0,0.0,37.05197265720896,-95.61414054679668,35.985706529638065,0.0,0.0,2.5050855262508943e+38,8.112786465547792e+38,-2.7698195344474165e+38,9.675681053420922e+38,-1.132457798924182e+36,-7.23240649020936e+36,-1.2829264468346686e+37,1.988633980667394e+38,2.2673138041846825e+37,3.6776685144962166e+38,1.158894815874142e+30,4.553073193160934e+29,-6.53910824967979,0.155591533870723,22.158868895273883,8.506605441214648e+47,-2.1328207286970256e+50,5.323969035791852e+45,-9.770616030326214e+49,1.2299752667481502e+41,2.1192513148382446e+41,0.6677463926272769,0.33414692144097957,176.10110283765746,102.31130734844743,3.4159301190089426,0.23848594899281536,218.6835786661265,28.618038706916316,1.1148129894176715,1.92583818571744,138.6120302009133,60.68780228953525,324.58913520976324,1.0372664567615133,40.440347420107535,94.68005659521177,14.5996856837432,146.1437089645909,213.53945917270568,45.386333302428135,6.774070208953744,2.095923198382228,53.50292389964854,0.7545398747564751,41.32845746330303,1.2932354527638046,169.1608159240792,205.11124221899328,1.834698883477686,208.9801954093032,0.3846901068655365,526.2819801490245,1.1500820330394037,66.9611819599444,214.44001137430752,341.8279574599905,24.0232497826897,37.52836162636386,73.93830966978233,4.84413792527447,14.954814092533029,38.44044568692553,0.410648300730355,53.46693642412514,46.58233709795607,2.133909788913709,71.91682157530362,1.1329855523348107,189.85729954610133,50.01822308291919,280.59620400142086,110.13358487272075,75.69800275208563,0.5022004236620915,144.08369076942247,0.6614211742869909,2.029164201151402,15.224567531101233,0.20013395321416685,0.14344034436519026,0.4994841319065198,2.0460183885063263,1.023965160335368,0.5212111438554857,0.4994841319065198,0.9989682638130396,2.497420659532599,0.9989682638130396,5.4943254509717185,0.8735509252296411,3.99490362318119,2.0031088421515757,100.77549336919334,31.33152341395588,1.5056825976020054,4.495357187158678,38.15863735861772,0.20105221186110223,23204.78022546495,770.6621830674482,3695.3323204796984,527.757551478253,148.72181380037253,6.48900831415135,69.32938781342428,1.0183599771915974,23.916050116600346,28.23979104052377,109.67521891252832,33.72521760265384,0.8309853851723469,0.7161710158792397,17.02159841933606,51.91114849446427,28.208947348837828,114.58809823927085,14.955570857457925,0.28313880558158455,1.221566332363409,37.0597704666398,13.522452925261428,18.04779063889953,27.291726909690063,109.92941111424233,7.2952752513922015,1.2058958245412377,81.56174267905786,23.79638169048877,6.884961474815836,12.024617990342142,3.4408906864671356,0.5993809582878237,0.1997936527626079,2.940071917924815,4.223037114400136,3.8034653064120185,1.6672912058615417,1.6691449032415342,2.7477625892733184,1.3600504987708608,379.74703368912174,0.46358843046804876,1.6648472669127874,0.33293950154987373
2020-03-01 14:00:00,0.1506009081738232,35.82422030802459,104.08661665996726,35.82422030802459,104.08661665996729,35.82422030802459,104.08661665996728,35.82422030802459,104.08661665996729,35.8242203080246,104.08661665996729,35.824220308024586,104.08661665996729,35.8242203080246,104.08661665996726,35.82422030802459,104.0866166599673,35.82422030802459,104.08661665996729,0.0,35.82422030802459,104.08661665996729,35.82422030802459,104.08661665996729,35.82422030802459,104.0866166599673,35.82422030802459,104.08661665996728,35.8242203080246,104.08661665996729,35.8242203080246,104.0866166599673,35.82422030802459,104.08661665996729,35.824220308024586,104.0866166599673,35.82422030802459,104.08661665996729,35.82422030802459,104.08661665996729,0.0,35.82422030802459,104.08661665996728,35.824220308024586,104.08661665996729,0.0,35.82422030802459,104.08661665996729,0.0,35.8242203080246,104.08661665996728,-0.0003559656276701396,35.82422030802459,104.08661665996729,0.0,35.82422030802459,104.0866166599673,0.0,37.051517666429994,-95.61296642436358,1.1095119422727828,0.008741205093278095,0.00029668668237708344,37.051517666429994,-95.61296642436358,0.9989559966834938,0.0,0.0,37.05151766642999,-95.61296642436358,0.0,0.0005892998316267602,37.05151766642999,-95.61296642436358,2.0583325982893386,0.0010464911669572324,0.0006812209582305918,37.051517666429994,-95.61296642436358,1.0002252011100894,0.0,0.0001494571380749616,56.07176571173928,-106.23574461837629,0.0,0.0004980592219691604,-25.248011444665302,133.63547431434992,4.050427976994818,-9.33776754428288e-05,-25.248011444665302,133.63547431434992,0.0,51.11227384890467,10.44061457219345,0.0,0.0,56.07176571173929,-106.23574461837627,-4.1022402276671976e-05,0.04591233983565799,-25.248011444665305,133.63547431434992,0.0,-25.24801144466531,133.63547431434992,0.0,37.051517666429994,-95.61296642436355,2.0207355163457654,0.0,37.051517666429994,-95.61296642436358,0.9989559966834938,0.0,0.0010750891290767731,37.051517666429994,-95.61296642436358,1.3104008425954516,0.04382171784123997,37.051517666429994,-95.61296642436358,0.9989559966834938,0.0,37.05151766642999,-95.61296642436358,0.9965069309559607,0.0,0.0,37.051517666429994,-95.61296642436358,0.9989559966834938,0.0,0.0,37.05151766642998,-95.61296642436358,0.0,37.051517666429994,-95.61296642436358,1.9979119933669875,0.0,0.0,56.07176571173929,-106.23574461837629,0.9989559966834938,0.0,56.07176571173929,-106.23574461837624,0.0,37.051517666429994,-95.61296642436358,0.9989559966834938,0.0,-0.00011517858882275722,0.0,0.0,60.93631579769311,0.0,0.0,0.0,0.0,37.051517666429994,-95.61296642436358,0.0,37.051517666429994,-95.61296642436358,0.9989559966834938,0.0,0.0,37.051517666429994,-95.61296642436358,0.9989559966834938,0.0,0.0,0.0,0.0,0.0,0.0,37.051517666429994,-95.61296642436358,1.0000025307848184,0.0,0.0,37.051517666429994,-95.61296642436358,10.988515963518433,0.0,0.0,37.051517666429994,-95.61296642436358,4.9947799834174695,0.0,0.0,37.051517666429994,-95.61296642436358,1.9979119933669875,0.0,0.0,37.051517666429994,-95.61296642436358,0.0,0.0,37.051517666429994,-95.61296642436358,0.0,0.0,37.051517666429994,-95.61296642436358,0.0,0.0,37.051517666429994,-95.61296642436358,35.98726940884303,0.0,0.0,2.512297795682467e+38,8.136143592966076e+38,-2.7777006733822177e+38,9.703211867512769e+38,-1.1349860439556103e+36,-7.248553048422397e+36,-1.286262212353998e+37,1.9938046720033193e+38,2.274144968739764e+37,3.688748921079194e+38,1.1621577467983818e+30,4.5658926165622595e+29,-6.537756900978046,0.15510216786644998,22.166173869127494,8.531096393618152e+47,-2.138889375508429e+50,5.335854951783609e+45,-9.79602082585209e+49,1.233438328519547e+41,2.124764267956271e+41,0.6676454921156928,0.33423574381502635,175.9185295004472,102.05566085692668,3.368967299996582,0.23746761476540476,218.66981757678565,28.459347371697195,1.1145581851260833,1.9223888748658804,138.0138330664927,60.43758446286556,324.44989069813704,1.035686452803108,40.13775089212913,94.60650119988273,14.501949326183329,146.09748949555143,213.38333301775535,45.24481100210312,6.707209062104459,2.0984790797511663,53.672750068974196,0.7554551551173692,41.313225054215216,1.292903021256405,169.15715145208938,204.6512972637818,1.8342510582932348,208.96129306336425,0.384754001352521,525.8858726098481,1.148451212628247,66.8807919601666,215.12773067628544,341.6492959063596,23.9053722212449,37.46182216845053,73.87417649393967,4.839374053150325,14.875792842605827,38.39494527021483,0.40753299472048504,53.49400336917738,46.579549582471465,2.1356389514701113,72.11254903886638,1.129844729526528,189.1509829310579,49.991197558547675,280.36787318141705,110.1082970185843,75.85317354264632,0.5015469119581761,143.96110418092098,0.6599131481364537,2.02620273987731,15.112761456535075,0.20037004332081007,0.14214806544109237,0.4994779983417469,2.050437583174082,1.021779519662272,0.5213888572623668,0.4994779983417469,0.9989559966834938,2.4973899917087348,0.9989559966834938,5.494257981759216,0.8804091393822807,3.9951293836865727,2.003064285586242,100.77202334295306,31.331138669144146,1.5056822105049255,4.495301985075721,38.158168778218595,0.20098327550226414,23151.916748849697,768.2770541528513,3663.878511481069,527.7964537780942,148.84034474776138,6.49997833535721,69.26046517408398,1.0163232135916151,23.872397857737216,28.2489187146696,109.66695828495227,33.62677101204094,0.8290912690612199,0.7190143975119745,17.236895438887625,51.85709264240459,28.212168142328174,114.58185016701006,14.937279384153724,0.28257410705982,1.219404432102969,37.137066365463546,13.638959630769653,18.09701496953345,27.291389471571406,109.92812618456946,7.2951953368690905,1.2059077168087387,81.58426869976918,23.842415228778556,6.8680173563535245,12.02447033044946,3.440848433020922,0.5993735980100962,0.19979119933669873,2.9534927590420574,4.215796522788532,3.803058622934329,1.6671751573684608,1.6704648799015738,2.7622387763264884,1.3604053400306642,379.7511939745929,0.4637298261705466,1.664825660580351,0.3329348319484283
2020-03-01 15:00:00,0.15017833251432433,35.82379628425199,104.08538466665397,35.82379628425198,104.08538466665398,35.82379628425198,104.08538466665398,35.82379628425199,104.085384666654,35.82379628425199,104.085384666654,35.82379628425198,104.085384666654,35.82379628425199,104.08538466665397,35.82379628425198,104.085384666654,35.82379628425199,104.085384666654,0.0,35.82379628425199,104.08538466665398,35.82379628425198,104.085384666654,35.82379628425198,104.08538466665401,35.823796284252,104.08538466665398,35.82379628425199,104.08538466665398,35.82379628425199,104.085384666654,35.823796284252,104.085384666654,35.82379628425198,104.085384666654,35.82379628425198,104.08538466665398,35.82379628425198,104.08538466665398,0.0,35.82379628425199,104.08538466665398,35.82379628425198,104.085384666654,0.0,35.82379628425198,104.085384666654,0.0,35.823796284252,104.08538466665397,-0.00034672027278682613,35.82379628425199,104.085384666654,0.0,35.82379628425199,104.085384666654,0.0,37.05107911608147,-95.61183472713795,1.1097145899048926,0.008757339071430198,0.00029714253376694776,37.05107911608147,-95.61183472713795,0.9989441728088432,0.0,0.0,37.05107911608146,-95.61183472713795,0.0,0.0005901808792432889,37.05107911608147,-95.61183472713795,2.0584357823655197,0.0010488817736398442,0.0006824825846768025,37.05107911608147,-95.61183472713793,1.0002134545002441,0.0,0.00014926652906730072,56.071102033327605,-106.23448718748648,0.0,0.0004951931162037876,-25.247712603351477,133.6338925739105,4.054659207597651,-9.993997721976372e-05,-25.24771260335148,133.63389257391046,0.0,51.11166887218788,10.440490994660118,0.0,0.0,56.071102033327605,-106.23448718748648,-4.202018821051383e-05,0.04073444433931182,-25.24771260335148,133.6338925739105,0.0,-25.247712603351484,133.6338925739105,0.0,37.05107911608147,-95.61183472713792,2.0185746378411316,0.0,37.05107911608147,-95.61183472713795,0.9989441728088432,0.0,0.001058274172912244,37.05107911608147,-95.61183472713793,1.3180943133997727,0.044191053970351044,37.05107911608147,-95.61183472713795,0.9989441728088432,0.0,37.05107911608147,-95.61183472713795,0.9964623785532365,0.0,0.0,37.05107911608147,-95.61183472713795,0.9989441728088432,0.0,0.0,37.05107911608146,-95.61183472713796,0.0,37.05107911608147,-95.61183472713795,1.9978883456176864,0.0,0.0,56.071102033327605,-106.2344871874865,0.9989441728088432,0.0,56.071102033327605,-106.23448718748645,0.0,37.05107911608147,-95.61183472713793,0.9989441728088432,0.0,-0.00011289620483735446,0.0,0.0,60.93559454133943,0.0,0.0,0.0,0.0,37.05107911608147,-95.61183472713795,0.0,37.05107911608147,-95.61183472713795,0.9989441728088432,0.0,0.0,37.05107911608147,-95.61183472713795,0.9989441728088432,0.0,0.0,0.0,0.0,0.0,0.0,37.05107911608147,-95.61183472713795,0.9999909419418147,0.0,0.0,37.05107911608147,-95.61183472713795,10.988385900897276,0.0,0.0,37.05107911608147,-95.61183472713795,4.994720864044216,0.0,0.0,37.05107911608147,-95.61183472713795,1.9978883456176864,0.0,0.0,37.05107911608147,-95.61183472713795,0.0,0.0,37.05107911608147,-95.61183472713795,0.0,0.0,37.05107911608147,-95.61183472713795,0.0,0.0,37.05107911608147,-95.61183472713795,35.98932085538514,0.0,0.0,2.5191327839484753e+38,8.158278885240756e+38,-2.7851627166260484e+38,9.7292786742257e+38,-1.1373284762503353e+36,-7.26351291937505e+36,-1.2893972998703639e+37,1.9986642971071537e+38,2.280640978596148e+37,3.699285694098699e+38,1.165244608368542e+30,4.5780202975852324e+29,-6.536664397429153,0.15452145686945132,22.1727222799184,8.554306199337346e+47,-2.1446353096066408e+50,5.34686731535018e+45,-9.819897281450499e+49,1.2367145217781288e+41,2.1299457787794882e+41,0.6675630318281934,0.33436009285287177,175.73439642409068,101.74304367803806,3.314414754296428,0.23626010522647367,218.69132743645227,28.298011796097768,1.114339645375041,1.9182163026371257,137.28886476180423,60.139494350525396,324.28362467914206,1.0337981301859218,39.83288268636345,94.52693786577652,14.377116810117851,146.0468304287199,213.19299677164693,45.063693138918396,6.63346981268484,2.1005682030557806,53.812803486679435,0.7560074614089057,41.294714900243434,1.2915451465151009,169.00169757565692,204.1019505902791,1.8349192035471376,208.94492089963893,0.38492188015766027,525.407636621797,1.1465247556023692,66.77749363199864,215.6491594853166,341.4325274877886,23.777192576019424,37.388650825662246,73.79804194839005,4.833562102667648,14.790199416041688,38.344924369701836,0.4041047405759162,53.51015400744967,46.61882447816874,2.1378595452017435,72.35494827264043,1.126566645465091,188.41285767674273,49.96894718309076,280.09847977311824,110.08547901793244,76.01129613903545,0.5008394665393036,143.83574249595276,0.6583701699271121,2.0229968913848118,14.97840317818969,0.20075216150149983,0.14084413294598835,0.4994720864044216,2.054774728123885,1.0196304650322892,0.521567613389597,0.4994720864044216,0.9989441728088432,2.497360432022108,0.9989441728088432,5.494192950448638,0.8873169181596313,3.995302351228429,2.003019106612886,100.76904758193047,31.330767826526937,1.5056813405513376,4.495248777639794,38.15771712929108,0.20092554484920389,23093.61990538637,765.6466691155352,3628.9973606906024,527.9042516077114,149.0752487296898,6.508270003456707,69.17293316167965,1.0137325637145582,23.8346824773896,28.259356332015113,109.6577917780929,33.51455425195455,0.8269391944700486,0.7219114169194705,17.456228958395087,51.79859086732638,28.215188346783634,114.57594746411311,14.920294181254663,0.282043191441903,1.2180701393049609,37.21680858757488,13.759161149314272,18.12709026090581,27.291056618869412,109.9268958534052,7.295122477722287,1.2059311225945326,81.61335094998311,23.899940283854253,6.846801983346289,12.02432800603237,3.4408077063415696,0.5993665036853058,0.1997888345617686,2.9669827589034234,4.209062732971383,3.8027288089341114,1.667077810773887,1.6721085692907942,2.777852462775028,1.3608485467560518,379.760376246925,0.4639539413728345,1.66480478975396,0.33293030847255817
2020-03-01 16:00:00,0.14975286640354932,35.82338798033659,104.08419834709818,35.8233879803366,104.0841983470982,35.82338798033659,104.08419834709818,35.82338798033659,104.08419834709821,35.82338798033659,104.08419834709821,35.82338798033659,104.08419834709821,35.82338798033659,104.08419834709818,35.82338798033659,104.08419834709821,35.82338798033659,104.08419834709821,0.0,35.82338798033659,104.0841983470982,35.82338798033659,104.08419834709821,35.82338798033659,104.08419834709821,35.8233879803366,104.08419834709818,35.82338798033659,104.0841983470982,35.82338798033659,104.08419834709821,35.8233879803366,104.08419834709821,35.82338798033659,104.08419834709821,35.82338798033659,104.0841983470982,35.82338798033659,104.0841983470982,0.0,35.8233879803366,104.0841983470982,35.82338798033659,104.08419834709818,0.0,35.82338798033659,104.08419834709821,0.0,35.8233879803366,104.08419834709818,-0.0003337633237034312,35.82338798033659,104.08419834709821,0.0,35.82338798033659,104.08419834709821,0.0,37.05065682413473,-95.61074498538731,1.1098988957258167,0.008771971070738918,0.0002975454997598136,37.05065682413473,-95.61074498538731,0.9989327872813636,0.0,0.0,37.05065682413472,-95.61074498538731,0.0,0.0005909563734298236,37.05065682413473,-95.61074498538731,2.0585297769000084,0.0010511020609998319,0.0006836272190601823,37.05065682413473,-95.61074498538731,1.0002018812579485,0.0,0.00014904056821134605,56.070462959503075,-106.23327637340289,0.0,0.0004921628582588052,-25.24742484099852,133.63236947342347,4.058717846014368,-0.00010661880680822022,-25.24742484099852,133.63236947342347,0.0,51.11108632380699,10.440371998523641,0.0,0.0,56.07046295950307,-106.2332763734029,-4.303008333517025e-05,0.03597925954362333,-25.247424840998523,133.63236947342347,0.0,-25.247424840998526,133.63236947342347,0.0,37.05065682413473,-95.6107449853873,2.016484013455638,0.0,37.05065682413473,-95.61074498538731,0.9989327872813636,0.0,0.0010451609455764174,37.05065682413473,-95.61074498538731,1.3250007278354423,0.04451643037353334,37.05065682413473,-95.61074498538731,0.9989327872813636,0.0,37.05065682413472,-95.6107449853873,0.9964181010778719,0.0,0.0,37.05065682413473,-95.61074498538731,0.9989327872813636,0.0,0.0,37.05065682413471,-95.61074498538733,0.0,37.05065682413473,-95.61074498538731,1.9978655745627272,0.0,0.0,56.070462959503075,-106.23327637340292,0.9989327872813636,0.0,56.070462959503075,-106.23327637340287,0.0,37.05065682413473,-95.61074498538731,0.9989327872813636,0.0,-0.00010973637930433927,0.0,0.0,60.93490002416317,0.0,0.0,0.0,0.0,37.05065682413473,-95.6107449853873,0.0,37.05065682413473,-95.61074498538731,0.9989327872813636,0.0,0.0,37.05065682413473,-95.61074498538731,0.9989327872813636,0.0,0.0,0.0,0.0,0.0,0.0,37.05065682413473,-95.61074498538731,0.9999798122838549,0.0,0.0,37.05065682413473,-95.61074498538731,10.988260660095001,0.0,0.0,37.05065682413473,-95.61074498538731,4.994663936406817,0.0,0.0,37.05065682413473,-95.61074498538731,1.9978655745627272,0.0,0.0,37.05065682413473,-95.61074498538731,0.0,0.0,37.05065682413473,-95.61074498538731,0.0,0.0,37.05065682413473,-95.61074498538731,0.0,0.0,37.05065682413473,-95.61074498538733,35.99192850711374,0.0,0.0,2.5255818216524915e+38,8.179164266299678e+38,-2.7921960719276492e+38,9.753847965396963e+38,-1.1394811239490016e+36,-7.277260736911177e+36,-1.2923272435193045e+37,2.0032059335478853e+38,2.2867940086615364e+37,3.709266140959853e+38,1.1681513847209079e+30,4.5894404586793945e+29,-6.535783169986887,0.15388835432929002,22.177691143209866,8.576205419403364e+47,-2.1500511447514902e+50,5.35698745378144e+45,-9.842211385626093e+49,1.2397995843484382e+41,2.1347884704084127e+41,0.6674956286479456,0.3345234940021809,175.554539299998,101.39498054615002,3.2529310408829626,0.23487664331633878,218.74686294616816,28.142487763023226,1.1142099661004439,1.9135298100612457,136.4753889667089,59.8058778993251,324.1025225462021,1.0317408646925765,39.5359377987212,94.44283162012184,14.227012106389141,145.9958916842618,212.9785620903016,44.854784522622225,6.555577328106101,2.1021879776259706,53.92306612488564,0.7562181829334456,41.27442564294361,1.289198247097122,168.7007303541781,203.502433894812,1.8366645708873723,208.9346486520517,0.3851827215671222,524.8710814268337,1.1443753333163853,66.66217272775482,216.0098643600059,341.1918843211918,23.6411375674185,37.31604518972825,73.71075055522108,4.827011657147513,14.701429718104512,38.292139302091655,0.4004847502240278,53.51603217417092,46.69857227232304,2.140430681434417,72.63026881814295,1.1232736301744555,187.67218466440383,49.958155252245774,279.7981301022207,110.067729732733,76.16958054346838,0.5001042753929231,143.71341029115982,0.6568643069805564,2.0196060609401827,14.823091982928851,0.2012978827734746,0.1395702985823385,0.4994663936406818,2.0589349059496196,1.0175512261742754,0.5217246088274483,0.4994663936406818,0.9989327872813636,2.4973319682034085,0.9989327872813636,5.494130330047501,0.8941257360244751,3.9954326559183264,2.0029732748621942,100.76648209525784,31.33041073217897,1.505679955131122,4.495197542766135,38.15728222436971,0.20087714472247029,23031.912269583547,762.8636223144103,3592.0256237177196,528.0736539655062,149.41371688640447,6.5139751271853585,69.06803403737368,1.0106249761792143,23.808572938733395,28.2709801790093,109.64780983259493,33.38988998429205,0.8245537502665681,0.7248111001378174,17.67574718384174,51.73780413037264,28.21779172312734,114.57068740567028,14.90581615637744,0.2815801674812064,1.217940473501225,37.29737705138616,13.880616326393605,18.139161112538993,27.290726186110867,109.92572096413876,7.295057703632187,1.2059691146492837,81.64711710682792,23.96560044267394,6.823366799900472,12.024190958016412,3.4407684895246957,0.599359672368818,0.1997865574562727,2.9802591116098753,4.2028707411818145,3.8024640606157156,1.6669957757900244,1.6741275168053626,2.7942269975001564,1.361359413895043,379.7751637846274,0.46427070257461245,1.6647846465319394,0.3329259296252877
2020-03-01 17:00:00,0.14935927724430323,35.82299521962573,104.0830571880388,35.82299521962574,104.08305718803881,35.82299521962573,104.0830571880388,35.82299521962573,104.08305718803882,35.82299521962573,104.08305718803882,35.82299521962573,104.08305718803882,35.82299521962573,104.0830571880388,35.82299521962573,104.08305718803882,35.82299521962573,104.08305718803882,0.0,35.82299521962573,104.08305718803881,35.82299521962573,104.08305718803882,35.82299521962573,104.08305718803882,35.82299521962574,104.0830571880388,35.82299521962573,104.08305718803881,35.82299521962573,104.08305718803882,35.82299521962574,104.08305718803882,35.82299521962573,104.08305718803882,35.82299521962573,104.08305718803881,35.82299521962573,104.08305718803881,0.0,35.82299521962574,104.08305718803881,35.82299521962573,104.08305718803881,0.0,35.82299521962573,104.08305718803882,0.0,35.82299521962574,104.0830571880388,-0.00031613558577618314,35.82299521962573,104.08305718803882,0.0,35.82299521962573,104.08305718803882,0.0,37.05025060788517,-95.60969672763497,1.1100644641719666,0.008785070142524228,0.00029789452294968956,37.05025060788517,-95.60969672763497,0.998921835175107,0.0,0.0,37.050250607885154,-95.60969672763497,0.0,0.0005916242119281484,37.05025060788517,-95.60969672763497,2.0586143591435713,0.001053148356407776,0.0006846524482079092,37.05025060788517,-95.60969672763497,1.0001904718013943,0.0,0.00014877869211794804,56.06984821377042,-106.23211165226687,0.0,0.0004889664017360268,-25.247148033106054,133.6309043539195,4.062506663180343,-0.00011341424575154677,-25.247148033106054,133.6309043539195,0.0,51.110525951722465,10.440257532300347,0.0,0.0,56.06984821377042,-106.23211165226685,-4.4052012418015554e-05,0.031659273479700926,-25.247148033106058,133.6309043539195,0.0,-25.247148033106058,133.6309043539195,0.0,37.05025060788516,-95.60969672763494,2.014490669124068,0.0,37.05025060788517,-95.60969672763497,0.998921835175107,0.0,0.0010349827619732278,37.05025060788517,-95.60969672763495,1.3307387620784228,0.04475015902181052,37.05025060788517,-95.60969672763497,0.998921835175107,0.0,37.05025060788516,-95.60969672763494,0.9963741009290591,0.0,0.0,37.05025060788517,-95.60969672763497,0.998921835175107,0.0,0.0,37.050250607885154,-95.60969672763498,0.0,37.05025060788517,-95.60969672763497,1.997843670350214,0.0,0.0,56.06984821377043,-106.23211165226688,0.998921835175107,0.0,56.06984821377043,-106.23211165226684,0.0,37.05025060788517,-95.60969672763497,0.998921835175107,0.0,-0.00010545129964443763,0.0,0.0,60.93423194568152,0.0,0.0,0.0,0.0,37.05025060788517,-95.60969672763495,0.0,37.05025060788517,-95.60969672763497,0.998921835175107,0.0,0.0,37.05025060788517,-95.60969672763497,0.998921835175107,0.0,0.0,0.0,0.0,0.0,0.0,37.05025060788517,-95.60969672763497,0.9999691354417625,0.0,0.0,37.05025060788517,-95.60969672763497,10.988140186926179,0.0,0.0,37.05025060788517,-95.60969672763497,4.994609175875535,0.0,0.0,37.05025060788517,-95.60969672763497,1.997843670350214,0.0,0.0,37.05025060788517,-95.60969672763497,0.0,0.0,37.05025060788517,-95.60969672763497,0.0,0.0,37.05025060788517,-95.60969672763497,0.0,0.0,37.05025060788517,-95.60969672763497,35.9951685348515,0.0,0.0,2.531636184452447e+38,8.198771482127754e+38,-2.7987910865906293e+38,9.776886021713634e+38,-1.141439992758683e+36,-7.289770991603278e+36,-1.2950475504693975e+37,2.0074226170936525e+38,2.2925961831104074e+37,3.71867748677658e+38,1.1708740348153928e+30,4.600137223381213e+29,-6.535073634906967,0.15324494563068322,22.18039359212534,8.596764428266533e+47,-2.155129448158743e+50,5.3661965889013795e+45,-9.862928921506308e+49,1.242689227334459e+41,2.1392849213887644e+41,0.6674404672676507,0.33473028670718946,175.38493431266755,101.03485447992362,3.185438354895783,0.23333754423999065,218.83293798646287,28.001607176732637,1.114207720490262,1.9085614858467255,135.61577688892405,59.451560272917604,323.92009828044405,1.0296692559439544,39.257343701934694,94.35515844847684,14.054425190307523,145.94871538170733,212.75189172965437,44.63179426634948,6.4765940960248916,2.103369118969957,54.0055650835516,0.7561236069759351,41.253957964235106,1.2859682904779024,168.27085974645206,202.89503138893673,1.8393774516483872,208.9330953247004,0.3855190319986302,524.3026036149433,1.1420906987278363,66.54681228281518,216.22594760083055,340.9428469509546,23.498792432595877,37.25096451948076,73.61359395508234,4.8200859109253855,14.613087683314536,38.23856792290126,0.3968095235619481,53.51273024828947,46.81453107182655,2.143187314293294,72.92246500688502,1.1200963568702043,186.96015256916053,49.96370632313214,279.4790279958588,110.05721803637053,76.32487980364562,0.49936918355417703,143.60018045113932,0.6554709575881075,2.016069826817632,14.649244095981734,0.20203112009589888,0.13836931910509492,0.4994609175875535,2.062819179626339,1.0155688339489615,0.5218359970984586,0.4994609175875535,0.998921835175107,2.4973045879377676,0.998921835175107,5.4940700934630895,0.9006765357224948,3.9955287224375766,2.0029267599276945,100.76425691614723,31.330067231603387,1.5056780214570926,4.495148258287982,38.15686387529287,0.20083658294460796,22969.067253810746,760.0319389355768,3554.4591307992337,528.2930894112498,149.83567752764696,6.51735132383676,68.9476774564442,1.0070572472037866,23.79877097011032,28.283621679256253,109.6371359178342,33.2545849670161,0.821968454288348,0.7276559511469635,17.891105466009677,51.6770301307963,28.219786288318936,114.5663338322189,14.894908027431281,0.2812153151493719,1.2193389671998165,37.376987250219024,14.00063781113013,18.13516158869105,27.290395488301193,109.92460271303884,7.295002317611546,1.2060255557944273,81.68337385123374,24.035474545237484,6.799893497257336,12.024059127107767,3.4407307656031456,0.5993531011050641,0.1997843670350214,2.993017746300341,4.1972365651759596,3.802255169273554,1.6669262299509704,1.676580047464804,2.8109363027399334,1.3619131303622345,379.79635050176284,0.46469361748033045,1.6647652229872456,0.3329216939060691
2020-03-01 18:00:00,0.14902865932828124,35.82261782485773,104.08196067444521,35.82261782485774,104.08196067444523,35.82261782485773,104.08196067444523,35.82261782485773,104.08196067444524,35.82261782485773,104.08196067444524,35.82261782485772,104.08196067444524,35.82261782485773,104.08196067444521,35.82261782485773,104.08196067444526,35.82261782485773,104.08196067444524,0.0,35.82261782485773,104.08196067444523,35.82261782485773,104.08196067444524,35.82261782485772,104.08196067444524,35.82261782485774,104.08196067444521,35.82261782485773,104.08196067444523,35.82261782485773,104.08196067444524,35.82261782485774,104.08196067444524,35.82261782485773,104.08196067444526,35.82261782485773,104.08196067444524,35.82261782485773,104.08196067444523,0.0,35.82261782485773,104.08196067444523,35.82261782485773,104.08196067444523,0.0,35.82261782485773,104.08196067444524,0.0,35.82261782485774,104.08196067444523,-0.00029265569492603616,35.82261782485773,104.08196067444524,0.0,35.82261782485773,104.08196067444526,0.0,37.04986028399832,-95.60868948077874,1.110210897562646,0.008796605174685737,0.00029818854067675425,37.04986028399832,-95.60868948077874,0.9989113115471431,0.0,0.0,37.0498602839983,-95.60868948077874,0.0,0.000592182282120832,37.04986028399831,-95.60868948077874,2.058689305132649,0.0010550169661721768,0.0006855558461758195,37.04986028399832,-95.60868948077875,1.000179216515431,0.0,0.00014848033610935334,56.06925751868116,-106.23099249841371,0.0,0.00048560170307123535,-25.246882054744493,133.6294965541574,4.065928886266072,-0.00012032632704218546,-25.246882054744493,133.62949655415744,0.0,51.10998750302587,10.440147544329069,0.0,0.0,56.069257518681155,-106.2309924984137,-4.508589651588393e-05,0.027774310635557735,-25.246882054744493,133.6294965541574,0.0,-25.246882054744496,133.6294965541574,0.0,37.04986028399832,-95.60868948077872,2.012615347671784,0.0,37.04986028399832,-95.60868948077874,0.9989113115471431,0.0,0.0010271234388309165,37.04986028399832,-95.60868948077874,1.3349455002351855,0.0448455510746963,37.04986028399832,-95.60868948077874,0.9989113115471431,0.0,37.04986028399831,-95.60868948077872,0.9963303809153972,0.0,0.0,37.04986028399832,-95.60868948077874,0.9989113115471431,0.0,0.0,37.049860283998306,-95.60868948077876,0.0,37.04986028399832,-95.60868948077874,1.9978226230942862,0.0,0.0,56.06925751868116,-106.23099249841373,0.9989113115471431,0.0,56.06925751868117,-106.23099249841367,0.0,37.04986028399832,-95.60868948077874,0.9989113115471431,0.0,-9.972708994096405e-05,0.0,0.0,60.93359000437573,0.0,0.0,0.0,0.0,37.04986028399832,-95.60868948077874,0.0,37.04986028399832,-95.60868948077874,0.9989113115471431,0.0,0.0,37.04986028399832,-95.60868948077874,0.9989113115471431,0.0,0.0,0.0,0.0,0.0,0.0,37.04986028399832,-95.60868948077874,0.999958905314715,0.0,0.0,37.04986028399832,-95.60868948077874,10.988024427018576,0.0,0.0,37.04986028399832,-95.60868948077874,4.994556557735716,0.0,0.0,37.04986028399832,-95.60868948077874,1.9978226230942862,0.0,0.0,37.04986028399832,-95.60868948077874,0.0,0.0,37.04986028399832,-95.60868948077874,0.0,0.0,37.04986028399832,-95.60868948077874,0.0,0.0,37.04986028399831,-95.60868948077875,35.9991247109611,0.0,0.0,2.53728709407235e+38,8.217072104043439e+38,-2.8049380485973695e+38,9.798358916638748e+38,-1.1432010664517216e+36,-7.301018033938418e+36,-1.2975537014606933e+37,2.0113073425463626e+38,2.29803957628257e+37,3.727506875829094e+38,1.1734084929077376e+30,4.6100946181692284e+29,-6.534503069782996,0.15263376456907266,22.180324021785804,8.615953417231875e+47,-2.1598627413655556e+50,5.374475839413314e+45,-9.882015470942082e+49,1.2453791356207787e+41,2.1434276666007357e+41,0.6673952202781263,0.3349855679498768,175.2313763556564,100.68654855589654,3.1131141805823415,0.23166888883281422,218.9440429920427,27.884136857210798,1.1143543115707646,1.9035545557151599,134.75439828969934,59.09304692970939,323.74999369341583,1.0277393768450505,39.00719912520828,94.26434738675532,13.862924921723755,145.90891652904077,212.52582476778065,44.40946090102276,6.399766867522191,2.1041697401085777,54.0640037799287,0.7557731770322568,41.23490651886938,1.2820245662950152,167.73808283998682,202.32239288932672,1.842884046893008,208.94171575822278,0.38590795957417084,523.7298665107364,1.1397688799506112,66.44343519139287,216.32240189781817,340.7012416473474,23.35080309205102,37.199589595457425,73.50822705295374,4.813177949049978,14.528810897193097,38.18630953244254,0.39322394116414255,53.50173671179127,46.96002857684593,2.14595123997107,73.21426504200102,1.1171656481906014,186.30792512222172,49.98828598545283,279.1548063166895,110.05554020593426,76.47378040421837,0.4986623315838218,143.50208653849472,0.6542650318914882,2.012405592556191,14.459937826912054,0.20298253115163933,0.13728265440481208,0.49945565577357154,2.0663286052553493,1.0137040361246417,0.5218784313109196,0.49945565577357154,0.9989113115471431,2.497278278867858,0.9989113115471431,5.494012213509288,0.9068048387172049,3.995597510076691,2.002879531372334,100.76231412782529,31.329737169770702,1.5056755065699432,4.495100901962144,38.15646189325028,0.20080271289369214,22907.49155467548,757.2617089103546,3517.8769632605163,528.5474425730627,150.3150599467971,6.518796095598081,68.81431103096091,1.0031021712784,23.808698334657436,28.297068512442486,109.62592570824076,33.11091777637959,0.8192255306497466,0.7303836034509386,18.097591106346666,51.61859095421871,28.221015730350285,114.56310141694013,14.888430808870051,0.28097328384486875,1.22251400206516,37.453735293262156,14.116359648194736,18.117722612582206,27.290061202602615,109.92354273037,7.294957958385338,1.2061052791420288,81.7197530233967,24.105337821525517,6.778547860654881,12.023932453808204,3.4406945175512704,0.5993467869282858,0.19978226230942864,3.004943352233939,4.192160057399205,3.802095304177102,1.6668668387133343,1.6795309762486785,2.8275333030826015,1.3624825726277585,379.82495450497987,0.4652400048534134,1.6647465111695494,0.3329175998112029
2020-03-01 19:00:00,0.14878604734151238,35.82225561820578,104.08090828964495,35.82225561820579,104.08090828964497,35.82225561820578,104.08090828964495,35.82225561820578,104.08090828964498,35.82225561820578,104.08090828964498,35.82225561820577,104.08090828964498,35.82225561820578,104.08090828964495,35.82225561820577,104.08090828964498,35.82225561820578,104.08090828964497,0.0,35.82225561820578,104.08090828964497,35.82225561820577,104.08090828964498,35.82225561820577,104.08090828964498,35.82225561820579,104.08090828964495,35.82225561820578,104.08090828964497,35.82225561820578,104.08090828964498,35.82225561820579,104.08090828964498,35.82225561820578,104.08090828964498,35.82225561820577,104.08090828964497,35.82225561820577,104.08090828964497,0.0,35.82225561820577,104.08090828964495,35.82225561820577,104.08090828964497,0.0,35.82225561820577,104.08090828964497,0.0,35.82225561820579,104.08090828964495,-0.00026187666938720135,35.82225561820578,104.08090828964498,0.0,35.82225561820578,104.08090828964498,0.0,37.04948566855524,-95.60772277020824,1.1103377961518976,0.0088065448957525,0.00029842648517006,37.04948566855524,-95.60772277020824,0.9989012114387836,0.0,0.0,37.04948566855522,-95.60772277020824,0.0,0.0005926284613160865,37.049485668555235,-95.60772277020824,2.0587543897189455,0.001056704175998355,0.0006863349745640183,37.04948566855524,-95.60772277020824,1.0001681057535046,0.0,0.00014814493431497067,56.068690595902304,-106.22991838450292,0.0,0.00048206672198095046,-25.246626780585974,133.62814541078802,4.068892791638323,-0.00012735502540622487,-25.24662678058597,133.62814541078802,0.0,51.10947072400248,10.440041982783946,0.0,0.0,56.0686905959023,-106.22991838450291,-4.613165294129005e-05,0.024313856298177755,-25.24662678058597,133.62814541078802,0.0,-25.246626780585974,133.62814541078802,0.0,37.049485668555235,-95.60772277020823,2.010872731640006,0.0,37.04948566855524,-95.60772277020824,0.9989012114387836,0.0,0.0010210901001775352,37.04948566855524,-95.60772277020823,1.3372981729515714,0.04475992013475362,37.04948566855524,-95.60772277020824,0.9989012114387836,0.0,37.049485668555235,-95.60772277020823,0.9962869443585921,0.0,0.0,37.04948566855524,-95.60772277020824,0.9989012114387836,0.0,0.0,37.04948566855523,-95.60772277020826,0.0,37.04948566855524,-95.60772277020824,1.9978024228775673,0.0,0.0,56.068690595902304,-106.22991838450294,0.9989012114387836,0.0,56.068690595902304,-106.2299183845029,0.0,37.04948566855524,-95.60772277020824,0.9989012114387836,0.0,-9.216782261484732e-05,0.0,0.0,60.93297389776579,0.0,0.0,0.0,0.0,37.04948566855524,-95.60772277020823,0.0,37.04948566855524,-95.60772277020824,0.9989012114387836,0.0,0.0,37.04948566855524,-95.60772277020824,0.9989012114387836,0.0,0.0,0.0,0.0,0.0,0.0,37.04948566855524,-95.60772277020824,0.9999491160000206,0.0,0.0,37.04948566855524,-95.60772277020824,10.987913325826623,0.0,0.0,37.04948566855524,-95.60772277020824,4.994506057193918,0.0,0.0,37.04948566855524,-95.60772277020824,1.9978024228775673,0.0,0.0,37.04948566855524,-95.60772277020824,0.0,0.0,37.04948566855524,-95.60772277020824,0.0,0.0,37.04948566855524,-95.60772277020824,0.0,0.0,37.04948566855523,-95.60772277020824,36.00388698746787,0.0,0.0,2.5425257193398144e+38,8.234037532058814e+38,-2.8106271877615425e+38,9.818232520437279e+38,-1.1447603073765725e+36,-7.310976077580661e+36,-1.2998411513565462e+37,2.014853064597063e+38,2.3031162136049567e+37,3.735741373059076e+38,1.1757506690336818e+30,4.6192965743663086e+29,-6.534044591157009,0.15209513353877402,22.17718986170955,8.633742397982328e+47,-2.1642435011179074e+50,5.3818062233014593e+45,-9.89943641871047e+49,1.2478649683864617e+41,2.1472091981704103e+41,0.6673579754815417,0.3352951087152133,175.0991671821199,100.37309350156829,3.037364437767091,0.2299009317458779,219.07299623125445,27.798352001507702,1.1146523241931017,1.8987517579958506,133.93550608075176,58.747655321500076,323.6047532088739,1.0260947409615369,38.79472976013654,94.17026575930149,13.656642066708505,145.87940552127125,212.3133476223972,44.20261811961315,6.328370335474594,2.10466699360797,54.10324329756026,0.7552269037832463,41.218754157103696,1.2775890913783574,167.13618791169316,201.82487018078837,1.8469575765223443,208.9606889084425,0.3863227719568763,523.1804779972233,1.1375129593692446,66.36302923933302,216.33079745001794,340.48234178245366,23.19685275087798,37.16683832897752,73.39656754046159,4.806685367474287,14.452103302037195,38.137482887381026,0.3898742262569821,53.48485820014459,47.12640433914192,2.148543144693489,73.48834164031045,1.1146041770931312,185.74466429436308,50.03217234020617,278.83980085802176,110.06361955577967,76.61272108335149,0.4980108532215385,143.424826101202,0.6533172685464499,2.008607988470777,14.258728726703989,0.20418997753434734,0.13634823665875068,0.4994506057193918,2.0693687129471563,1.0119715202012225,0.5218305657867686,0.4994506057193918,0.9989012114387836,2.497253028596959,0.9989012114387836,5.493956662913312,0.9123469423388243,3.995644731083428,2.0028315587350805,100.76060606787635,31.329420391157193,1.5056723773432406,4.495055451474526,38.15607608882973,0.2007747026629705,22849.605342943956,754.6636156010833,3483.8641017033265,528.8190315753292,150.8214698851469,6.518810409758649,68.67077015173116,0.9988440750307276,23.840277465995896,28.31106904929757,109.61436381811065,32.961591276300815,0.8163750270549726,0.7329289910251738,18.290287410145464,51.56472560399537,28.221368491347626,114.56114314684145,14.886993273185976,0.2808716586786518,1.2276214656308186,37.52565793233679,14.224827394380666,18.09003439158187,27.289719227727854,109.9225431767545,7.294926674513565,1.2062143022416405,81.75387171301733,24.17094787523402,6.761336764287802,12.023810878429803,3.440659728289143,0.59934072686327,0.19978024228775673,3.0157214993090182,4.187627882007115,3.801979844083463,1.6668156827851237,1.6830509867097465,2.8435806984643697,1.3630402493524014,379.86223338921144,0.4659312539823107,1.6647285031072923,0.33291364583425415
2020-03-01 20:00:00,0.14864846159459708,35.82190842132117,104.07989951544907,35.82190842132117,104.07989951544909,35.82190842132116,104.07989951544909,35.82190842132117,104.0798995154491,35.82190842132116,104.07989951544911,35.82190842132116,104.07989951544911,35.82190842132117,104.07989951544907,35.82190842132117,104.07989951544911,35.82190842132117,104.07989951544909,0.0,35.82190842132117,104.07989951544909,35.82190842132117,104.07989951544911,35.82190842132116,104.0798995154491,35.82190842132117,104.07989951544909,35.82190842132117,104.07989951544909,35.82190842132116,104.0798995154491,35.821908421321176,104.0798995154491,35.82190842132116,104.07989951544911,35.821908421321154,104.0798995154491,35.821908421321154,104.07989951544909,0.0,35.82190842132116,104.07989951544909,35.82190842132116,104.07989951544909,0.0,35.82190842132117,104.0798995154491,0.0,35.82190842132117,104.07989951544909,-0.00022203651600440945,35.82190842132117,104.0798995154491,0.0,35.82190842132117,104.07989951544911,0.0,37.04912657709719,-95.60679611992008,1.1104447581814973,0.008814857879025043,0.0002986072836934084,37.04912657709719,-95.60679611992008,0.9988915298767863,0.0,0.0,37.04912657709717,-95.60679611992008,0.0,0.0005929606170389443,37.049126577097184,-95.60679611992008,2.058809386599603,0.001058206251458257,0.0006869873828396766,37.04912657709719,-95.60679611992009,1.000157129839594,0.0,0.0001477719197688853,56.06814716628394,-106.22888878164628,0.0,0.0004783594219159061,-25.246382084934794,133.62685025851516,4.071316510368969,-0.00013450024433222726,-25.24638208493479,133.62685025851516,0.0,51.10897536019292,10.439940795687008,0.0,0.0,56.06814716628394,-106.22888878164628,-4.718919522873075e-05,0.021259362460981646,-25.24638208493479,133.62685025851516,0.0,-25.246382084934794,133.62685025851516,0.0,37.04912657709719,-95.60679611992008,2.009271904854325,0.0,37.04912657709719,-95.60679611992009,0.9988915298767863,0.0,0.0010164902810177456,37.04912657709719,-95.60679611992008,1.3375336582648973,0.04445728921653254,37.04912657709719,-95.60679611992008,0.9988915298767863,0.0,37.049126577097184,-95.60679611992006,0.9962437952318928,0.0,0.0,37.04912657709719,-95.60679611992008,0.9988915298767863,0.0,0.0,37.04912657709718,-95.60679611992012,0.0,37.04912657709719,-95.60679611992008,1.9977830597535726,0.0,0.0,56.06814716628395,-106.22888878164628,0.9988915298767863,0.0,56.06814716628395,-106.22888878164626,0.0,37.04912657709719,-95.60679611992009,0.9988915298767863,0.0,-8.22762103492641e-05,0.0,0.0,60.932383322483965,0.0,0.0,0.0,0.0,37.04912657709719,-95.60679611992008,0.0,37.04912657709719,-95.60679611992008,0.9988915298767863,0.0,0.0,37.04912657709719,-95.60679611992008,0.9988915298767863,0.0,0.0,0.0,0.0,0.0,0.0,37.04912657709719,-95.60679611992008,0.999939761740554,0.0,0.0,37.04912657709719,-95.60679611992008,10.987806828644652,0.0,0.0,37.04912657709719,-95.60679611992008,4.994457649383933,0.0,0.0,37.04912657709719,-95.60679611992008,1.9977830597535726,0.0,0.0,37.04912657709719,-95.60679611992008,0.0,0.0,37.04912657709719,-95.60679611992008,0.0,0.0,37.04912657709719,-95.60679611992008,0.0,0.0,37.049126577097184,-95.60679611992009,36.00954947693295,0.0,0.0,2.5473431772492828e+38,8.249638998322843e+38,-2.8158486769090222e+38,9.836472504301417e+38,-1.1461136569805022e+36,-7.319619202709283e+36,-1.3019053297087092e+37,2.0180526987018825e+38,2.307818072536568e+37,3.7433679656024024e+38,1.1778964495050532e+30,4.6277269300886595e+29,-6.533676240841408,0.15166469028935783,22.170928057968087,8.650101206189108e+47,-2.1682641602799612e+50,5.3881686602882965e+45,-9.915156956818363e+49,1.2501423596315566e+41,2.150621966403067e+41,0.667327170937652,0.33566523594378367,174.99283110453405,100.11539847924062,2.9597810854329634,0.22806639383135466,219.21140947396813,27.751645651757052,1.1150855016618295,1.894384311124515,133.20122373017864,58.432633282762765,323.49468523637915,1.0248532603984075,38.62779145428652,94.0722530210846,13.440041318908333,145.86216083995967,212.1267674695877,44.02526414155473,6.265556799888827,2.1049471199427345,54.128686608485836,0.754552109085575,41.20677532927558,1.272922537995749,166.50464128642193,201.43803952395993,1.8513330086320205,208.98891632989842,0.38673461293706113,522.6807356636053,1.135425779853142,66.31455191898085,216.28649371527192,340.30002472717825,23.03572225753846,37.155969426756414,73.28068820074952,4.800984966761617,14.38618221989948,38.09412820160146,0.3869011819860805,53.464121471421436,47.30356907814573,2.15079490774494,73.72850707198755,1.1125186281681831,185.29566343843513,50.09323519633447,278.5483141002131,110.0816543718353,76.73813561192617,0.49743968943466993,143.37348994288377,0.6526908737068133,2.0046502437019824,14.049451898572357,0.20569900047921363,0.1355984365579461,0.49944576493839316,2.0718541769617658,1.0103803749775386,0.5216744095466594,0.49944576493839316,0.9988915298767863,2.4972288246919665,0.9988915298767863,5.493903414322326,0.9171468746805052,3.9956750457949073,2.0027828115375566,100.75909372352884,31.329116739782684,1.5056686004884667,4.495011884445539,38.15570627206307,0.20075201151127964,22797.727081445075,752.3436727853693,3453.9369121948203,529.0887698287057,151.32218039068613,6.51795480212221,68.52012011088937,0.9943741221210876,23.893819005276793,28.325339594635516,109.60265846889834,32.80965523800936,0.8134733732156277,0.735226957095457,18.464270825598522,51.517492137442645,28.22078407496672,114.56054162962081,14.8909168972861,0.28091996489053506,1.2347126911113466,37.59080531444627,14.323107366167747,18.05567342401849,27.28936451841587,109.92160685658081,7.294911011644793,1.2063600791645706,81.78349573864001,24.228336667049632,6.749977639207787,12.023694341109467,3.440626380686709,0.5993349179260717,0.19977830597535728,3.0250522156642488,4.183616470027225,3.801906262779179,1.666771193192478,1.687215596059512,2.858681914512163,1.3635602641337858,379.90970007981207,0.4667930934946003,1.6647111908097112,0.33290983046646216
2020-03-01 21:00:00,0.1486235090275232,35.82157605537605,104.07893383227653,35.82157605537605,104.07893383227655,35.82157605537604,104.07893383227653,35.82157605537605,104.07893383227656,35.82157605537604,104.07893383227656,35.82157605537604,104.07893383227656,35.82157605537604,104.07893383227653,35.82157605537604,104.07893383227656,35.82157605537604,104.07893383227655,0.0,35.82157605537604,104.07893383227655,35.82157605537604,104.07893383227656,35.82157605537604,104.07893383227656,35.82157605537604,104.07893383227653,35.82157605537605,104.07893383227653,35.82157605537604,104.07893383227655,35.821576055376056,104.07893383227656,35.821576055376035,104.07893383227656,35.821576055376035,104.07893383227655,35.821576055376035,104.07893383227655,0.0,35.82157605537604,104.07893383227653,35.821576055376035,104.07893383227653,0.0,35.82157605537604,104.07893383227655,0.0,35.82157605537604,104.07893383227653,-0.0001710029109577519,35.82157605537605,104.07893383227656,0.0,35.82157605537605,104.07893383227656,0.0,37.04878282466988,-95.60590905263211,1.110531379935135,0.008821512546813029,0.0002987298586945219,37.04878282466988,-95.60590905263211,0.9988822618745488,0.0,0.0,37.048782824669864,-95.60590905263211,0.0,0.0005931766073289874,37.04878282466987,-95.60590905263211,2.058854068348014,0.0010595194384714615,0.0006875106086673159,37.04878282466988,-95.60590905263214,1.0001462790701485,0.0,0.00014736072450925643,56.06762694992626,-106.22790315953469,0.0,0.00047447777052200824,-25.24614784175758,133.62561043025536,4.0731327182635155,-0.00014176179875052125,-25.24614784175757,133.62561043025536,0.0,51.10850115645425,10.439843930920654,0.0,0.0,56.06762694992625,-106.22790315953469,-4.825843310091692e-05,0.018586424216219533,-25.246147841757573,133.6256104302554,0.0,-25.24614784175758,133.62561043025536,0.0,37.04878282466987,-95.60590905263211,2.0078169819850675,0.0,37.04878282466988,-95.60590905263213,0.9988822618745488,0.0,0.0010130128137981883,37.04878282466988,-95.60590905263211,1.3354642669084913,0.043910607016434906,37.04878282466988,-95.60590905263211,0.9988822618745488,0.0,37.048782824669864,-95.60590905263211,0.9962009383447242,0.0,0.0,37.04878282466988,-95.60590905263211,0.9988822618745488,0.0,0.0,37.04878282466987,-95.60590905263216,0.0,37.04878282466988,-95.60590905263211,1.9977645237490975,0.0,0.0,56.067626949926265,-106.22790315953469,0.9988822618745488,0.0,56.067626949926265,-106.22790315953468,0.0,37.04878282466988,-95.60590905263213,0.9988822618745488,0.0,-6.943047026074483e-05,0.0,0.0,60.931817974347474,0.0,0.0,0.0,0.0,37.04878282466988,-95.60590905263213,0.0,37.04878282466988,-95.60590905263211,0.9988822618745488,0.0,0.0,37.04878282466988,-95.60590905263211,0.9988822618745488,0.0,0.0,0.0,0.0,0.0,0.0,37.04878282466988,-95.60590905263211,0.9999308368855847,0.0,0.0,37.04878282466988,-95.60590905263211,10.987704880620038,0.0,0.0,37.04878282466988,-95.60590905263211,4.994411309372745,0.0,0.0,37.04878282466988,-95.60590905263211,1.9977645237490975,0.0,0.0,37.04878282466988,-95.60590905263211,0.0,0.0,37.04878282466988,-95.60590905263211,0.0,0.0,37.04878282466988,-95.60590905263211,0.0,0.0,37.04878282466987,-95.60590905263214,36.016207736689275,0.0,0.0,2.551730534051448e+38,8.263847570649478e+38,-2.82059263308785e+38,9.853044344577244e+38,-1.1472570363444943e+36,-7.326921359434933e+36,-1.3037416413360351e+37,2.020899121979074e+38,2.3121370835369656e+37,3.750373564360113e+38,1.1798416974180005e+30,4.6353694322425925e+29,-6.533380181638622,0.15137124103472654,22.16170533561878,8.664999505211144e+47,-2.171917108765736e+50,5.393543974349312e+45,-9.92914208890983e+49,1.2522069187165135e+41,2.1536583807389903e+41,0.6673015377929675,0.33610267234136126,174.9158722721843,99.93113068413392,2.882088466083286,0.22619878047881342,219.35024077594593,27.750190534281394,1.1156203447802318,1.8906619508263576,132.58972196686548,58.1643138382069,323.42691119979725,1.0240963523200926,38.512445354618436,93.96920355273782,13.21770001189709,145.8580663782123,211.9769402672944,43.889692987322746,6.214218937309221,2.1050949135029544,54.14562797848752,0.7538197302163387,41.19995460155333,1.268307797216305,165.8861219305434,201.19055050553763,1.8557245452943905,209.02413070913883,0.3871144301395213,522.2544936205005,1.1336048801415894,66.30410369326127,216.22560879324547,340.166027827112,22.86543473059526,37.168299591305455,73.16271092024157,4.796409117549917,14.333844653619176,38.058117807998904,0.3844340263564293,53.44166213567252,47.4806684537312,2.152561300350178,73.92084886422866,1.1109928131600677,184.98070768060285,50.16714270492527,278.2939108394424,110.10911708281246,76.84661213551072,0.4969705578520317,143.35232879099937,0.6524386242905377,2.000487542942848,13.836027720046815,0.20756326667166702,0.13505832696516387,0.4994411309372744,2.0737133435048136,1.0089347201105188,0.5213964344454918,0.4994411309372744,0.9988822618745488,2.4972056546863723,0.9988822618745488,5.493852440310019,0.9210636601506166,3.9956922344070263,2.0027332592907205,100.75774531909117,31.328826059247948,1.505664142560118,4.494970178435469,38.15535225247182,0.20073437403951028,22753.968462843026,750.3984202705943,3429.4749670036526,529.3374409981399,151.78431645125346,6.516801666308707,68.36550275962904,0.9897857530077979,23.96802290752878,28.33957368612692,109.5910346429265,32.658407086854375,0.8105815301138051,0.7372151655422992,18.614830951521448,51.4786826243211,28.21925629046633,114.5613046226256,14.900217945496616,0.28111915579478686,1.24372838392119,37.647322629294315,14.408409262515695,18.018406133127314,27.288990892584273,109.92073735010611,7.2949141141680816,1.2065517941885981,81.80669509918071,24.27408806055347,6.745788471208713,12.023582781823272,3.4405944575678906,0.5993293571247292,0.1997764523749098,3.032664155749714,4.180094811117094,3.8018740724965228,1.6667320941358432,1.6921036243037815,2.8725098434005747,1.3640201534861507,379.96913767621305,0.4678558432634824,1.6646945662688457,0.33290615219714814
2020-03-01 22:00:00,0.14870862535471047,35.82125834110544,104.07801071927622,35.82125834110544,104.07801071927624,35.821258341105434,104.07801071927622,35.82125834110545,104.07801071927625,35.821258341105434,104.07801071927626,35.821258341105434,104.07801071927625,35.82125834110544,104.07801071927622,35.821258341105434,104.07801071927626,35.82125834110544,104.07801071927624,0.0,35.82125834110544,104.07801071927624,35.82125834110544,104.07801071927626,35.821258341105434,104.07801071927625,35.82125834110544,104.07801071927624,35.82125834110544,104.07801071927624,35.821258341105434,104.07801071927625,35.82125834110545,104.07801071927625,35.821258341105434,104.07801071927625,35.821258341105434,104.07801071927625,35.821258341105434,104.07801071927624,0.0,35.821258341105434,104.07801071927622,35.821258341105434,104.07801071927624,0.0,35.82125834110544,104.07801071927626,0.0,35.82125834110544,104.07801071927624,-0.00010621231794359122,35.82125834110545,104.07801071927625,0.0,35.82125834110545,104.07801071927626,0.0,37.04845422586691,-95.60506108989554,1.110597255793767,0.008826477174767172,0.0002987931279574436,37.04845422586691,-95.60506108989554,0.998873402433279,0.0,0.0,37.0484542258669,-95.60506108989554,0.0,0.0005932742810445058,37.048454225866905,-95.60506108989554,2.0588882064452343,0.0010606399637973366,0.0006879021782464113,37.04845422586691,-95.60506108989556,1.0001355437160198,0.0,0.00014691077967947646,56.06712966624522,-106.22696098656279,0.0,0.00047041974010787746,-25.24592392471287,133.62442525729463,4.074292860921995,-0.0001491393919187088,-25.245923924712862,133.6244252572946,0.0,51.10804785701981,10.439751336239876,0.0,0.0,56.06712966624523,-106.22696098656279,-4.933927243515801e-05,0.016266749533781308,-25.245923924712862,133.62442525729463,0.0,-25.24592392471287,133.62442525729463,0.0,37.048454225866905,-95.60506108989556,2.006507838970029,0.0,37.04845422586691,-95.60506108989556,0.998873402433279,0.0,0.0010104119972183367,37.04845422586691,-95.60506108989554,1.330988617120459,0.043103318261911175,37.04845422586691,-95.60506108989554,0.998873402433279,0.0,37.0484542258669,-95.60506108989556,0.9961583795885778,0.0,0.0,37.04845422586691,-95.60506108989554,0.998873402433279,0.0,0.0,37.048454225866905,-95.60506108989557,0.0,37.04845422586691,-95.60506108989554,1.997746804866558,0.0,0.0,56.06712966624523,-106.22696098656279,0.998873402433279,0.0,56.06712966624523,-106.22696098656277,0.0,37.04845422586691,-95.60506108989554,0.998873402433279,0.0,-5.28568362565538e-05,0.0,0.0,60.93127754843001,0.0,0.0,0.0,0.0,37.04845422586691,-95.60506108989556,0.0,37.04845422586691,-95.60506108989554,0.998873402433279,0.0,0.0,37.04845422586691,-95.60506108989554,0.998873402433279,0.0,0.0,0.0,0.0,0.0,0.0,37.04845422586691,-95.60506108989554,0.9999223358617167,0.0,0.0,37.04845422586691,-95.60506108989554,10.98760742676607,0.0,0.0,37.04845422586691,-95.60506108989554,4.9943670121663954,0.0,0.0,37.04845422586691,-95.60506108989554,1.997746804866558,0.0,0.0,37.04845422586691,-95.60506108989554,0.0,0.0,37.04845422586691,-95.60506108989554,0.0,0.0,37.04845422586691,-95.60506108989554,0.0,0.0,37.048454225866905,-95.60506108989557,36.023955275144445,0.0,0.0,2.5556788063690665e+38,8.2766341561313e+38,-2.8248491188073963e+38,9.867913327093462e+38,-1.1481863467303578e+36,-7.332856371293671e+36,-1.3053454669168138e+37,2.0233851741271645e+38,2.316065131058581e+37,3.756745005607918e+38,1.1815822531734825e+30,4.642207738569387e+29,-6.533141998605912,0.15123505184470504,22.149902323436404,8.678406789884057e+47,-2.175194694493304e+50,5.397912896285007e+45,-9.941356634777265e+49,1.254054230914579e+41,2.1563108107317757e+41,0.6672800506204093,0.3366143268727381,174.87058398046634,99.83379573941843,2.8060832928186197,0.22433084686003657,219.48040003734758,27.79866480308796,1.116209203545698,1.8877643761117162,132.13364665642376,57.95734705450261,323.40468537175684,1.0238611470319146,38.45262338829626,93.85969321016981,12.994108447989067,145.86682331745737,211.8725983061734,43.80573805766427,6.176870779089796,2.1051836680001292,54.15863297894566,0.7531004344285417,41.19892500358868,1.2640323929638158,165.3238844569975,201.1024139634161,1.8598447777459752,209.06310563971397,0.3874349485394412,521.9221895555329,1.1321379050041145,66.33434274578336,216.1819979386339,340.0893378697295,22.68347540287552,37.203051950356084,73.044710021144,4.79322517310731,14.297355741773606,38.031078821919166,0.3825850553827277,53.41960767320066,47.64681012466499,2.1537302187285796,74.05472203876374,1.1100821432845003,184.8127575596255,50.24775883393656,278.0887798468001,110.14480440921454,76.93505905661551,0.4966210997511521,143.36456530590183,0.6526005341367684,1.996062157091158,13.622284838077384,0.20984492579385236,0.13474431878785115,0.4994367012166395,2.0748922630007014,1.0076344365367502,0.5209883603475951,0.4994367012166395,0.998873402433279,2.4971835060831977,0.998873402433279,5.493803713383035,0.9239783634599117,3.9956993462036987,2.002682871501573,100.75653508876971,31.32854819277147,1.5056589699608516,4.494930310949757,38.155013839111895,0.20072179234758222,22720.143432397424,748.9107592157658,3411.661745454385,529.5470042682698,152.17709141006827,6.515887682906189,68.20999802399382,0.9851705665751712,24.06009271569412,28.353452578748648,109.57972636410962,32.511279984576035,0.8077629032783522,0.738837131805641,18.73769957542805,51.44975275689098,28.21683329481209,114.5633649749997,14.91460751639635,0.28146160613975774,1.2544989733103076,37.69353542147775,14.478214302738895,17.98198239117394,27.28859080923288,109.91993916556865,7.2949398422779135,1.2068007000150873,81.82197994777168,24.30558040922443,6.7496047817127,12.023476140400582,3.440563941714628,0.5993240414599673,0.19977468048665584,3.038328327745409,4.177026983905593,3.8018848279062563,1.6666973533653147,1.697795091073134,2.884830961643941,1.364402458078519,380.04261135719617,0.46915461644129514,1.664678621461515,0.3329026095141177
2020-03-01 23:00:00,0.14889100275978842,35.820955098848756,104.0771296544476,35.820955098848756,104.0771296544476,35.820955098848756,104.0771296544476,35.82095509884876,104.07712965444763,35.82095509884875,104.07712965444763,35.82095509884875,104.07712965444763,35.820955098848756,104.0771296544476,35.820955098848756,104.07712965444763,35.820955098848756,104.0771296544476,0.0,35.820955098848756,104.0771296544476,35.820955098848756,104.07712965444763,35.82095509884875,104.07712965444762,35.820955098848756,104.07712965444762,35.82095509884876,104.0771296544476,35.82095509884875,104.07712965444762,35.82095509884876,104.07712965444762,35.82095509884875,104.07712965444763,35.82095509884875,104.07712965444762,35.82095509884874,104.07712965444762,0.0,35.82095509884875,104.0771296544476,35.82095509884875,104.0771296544476,0.0,35.820955098848756,104.07712965444763,0.0,35.820955098848756,104.0771296544476,-2.4604372402866476e-05,35.82095509884876,104.07712965444762,0.0,35.82095509884876,104.07712965444763,0.0,37.04814059487274,-95.60425175220564,1.1106419782921604,0.008829719896307112,0.0002987960047582377,37.04814059487274,-95.60425175220564,0.9988649465431534,0.0,0.0,37.04814059487273,-95.60425175220564,0.0,0.0005932514781732123,37.048140594872734,-95.60425175220564,2.058911571312024,0.0010615640355384637,0.0006881596066565087,37.04814059487274,-95.60425175220566,1.0001249140243933,0.0,0.00014642151563118303,56.06665503403762,-106.226061729952,0.0,0.0004661833081196984,-25.24571020718039,133.62329406944306,4.074770581354353,-0.00015663258460410848,-25.24571020718038,133.62329406944306,0.0,51.10761520555852,10.439662959284375,0.0,0.0,56.06665503403762,-106.226061729952,-5.0431615229738335e-05,0.014269876251196453,-25.245710207180387,133.62329406944306,0.0,-25.24571020718039,133.62329406944306,0.0,37.048140594872734,-95.60425175220566,2.005340885074674,0.0,37.04814059487274,-95.60425175220566,0.9988649465431534,0.0,0.0010084945782035948,37.04814059487274,-95.60425175220564,1.3240968242243032,0.042030188693940776,37.04814059487274,-95.60425175220564,0.9988649465431534,0.0,37.04814059487273,-95.60425175220566,0.996116126263942,0.0,0.0,37.04814059487274,-95.60425175220564,0.9988649465431534,0.0,0.0,37.048140594872734,-95.60425175220567,0.0,37.04814059487274,-95.60425175220564,1.9977298930863068,0.0,0.0,56.06665503403762,-106.226061729952,0.9988649465431534,0.0,56.06665503403762,-106.22606172995198,0.0,37.04814059487274,-95.60425175220564,0.9988649465431534,0.0,-3.1597204382400235e-05,0.0,0.0,60.93076173913235,0.0,0.0,0.0,0.0,37.04814059487274,-95.60425175220566,0.0,37.04814059487274,-95.60425175220564,0.9988649465431534,0.0,0.0,37.04814059487274,-95.60425175220564,0.9988649465431534,0.0,0.0,0.0,0.0,0.0,0.0,37.04814059487274,-95.60425175220564,0.9999142531514581,0.0,0.0,37.04814059487274,-95.60425175220564,10.98751441197469,0.0,0.0,37.04814059487274,-95.60425175220564,4.994324732715768,0.0,0.0,37.04814059487274,-95.60425175220564,1.9977298930863068,0.0,0.0,37.04814059487274,-95.60425175220564,0.0,0.0,37.04814059487274,-95.60425175220564,0.0,0.0,37.04814059487274,-95.60425175220564,0.0,0.0,37.048140594872734,-95.60425175220567,36.03287923004441,0.0,0.0,2.559178962339209e+38,8.287969504838683e+38,-2.8286081433067926e+38,9.881044551592324e+38,-1.1488974701400417e+36,-7.337397938819116e+36,-1.3067121635947975e+37,2.0255036583643587e+38,2.319594054562816e+37,3.7624690526443855e+38,1.1831139350099848e+30,4.6482254197383005e+29,-6.532950099021889,0.15126666096362998,22.136082634583023,8.69029239039898e+47,-2.178089224361512e+50,5.401256066350484e+45,-9.951765234976775e+49,1.255679857977208e+41,2.158571587049265e+41,0.6672618847847975,0.33720703005243724,174.85791730036863,99.83205717463389,2.7335731121377282,0.2224933015333016,219.59336734210643,27.900049034382285,1.1167946116669476,1.8858343151249912,131.85883707654475,57.82403950409271,323.4270448705674,1.0241364779125435,38.44989709309819,93.7421392129776,12.773502952969464,145.8869417199429,211.8198133712634,43.78016876879981,6.155550122494588,2.1052666061007925,54.171011022140924,0.7524607935693912,41.20392959973807,1.2603709554241795,164.85913062928083,201.18381276385708,1.8634242457035564,209.10194968516277,0.3876725540053431,521.7000560333606,1.1310986733192703,66.40419338867189,216.184488455554,340.0757392807392,22.48706864384524,37.25734510389757,72.92863066937545,4.791619033695678,14.278360602379728,38.014329900536694,0.3814452789730308,53.3999622611866,47.791806050410116,2.1542306626392724,74.12352075693805,1.1098097625820287,184.79702889479466,50.32769971155176,277.9431870286859,110.18693503542073,77.0008655441923,0.4964042133894523,143.41225634166568,0.6532021440210178,1.9913099255446294,13.41181090325954,0.21261480865552596,0.13466322120419316,0.4994324732715767,2.0753578907279424,1.0064759385315205,0.520447567618547,0.4994324732715767,0.9988649465431534,2.497162366357884,0.9988649465431534,5.493757205987345,0.9258003447857315,3.995698827707327,2.002631617679905,100.75544222284893,31.32828298322573,1.5056530489466857,4.494892259444191,38.15469084061781,0.20071453629171146,22697.693836189646,747.9465436825135,3401.435877934568,529.7018401015424,152.47394100029544,6.515670275587238,68.0565079650387,0.9806148722067453,24.1659554849388,28.366656051668873,109.56896874127477,32.37172736903832,0.8050811918863844,0.740045155621656,18.829272293295467,51.43176683692613,28.213614437906365,114.56658497599669,14.93350957681569,0.2819316100772495,1.266751547864827,37.72803232761675,14.530399501361979,17.94993219073635,27.28815511598583,109.91921791207228,7.294992905038472,1.2071205022128755,81.82840660807378,24.321175381273882,6.761728269168482,12.023374356537959,3.4405348158708624,0.5993189679258919,0.19977298930863072,3.0418702816196617,4.174374366543569,3.8019421924957086,1.6666661395933924,1.7043684785921114,2.8955226193034327,1.3646958991226361,380.1324749816928,0.47072943141452217,1.664663348351276,0.33289920090406105
2020-03-02 00:00:00,0.14914820576930132,35.82066614859071,104.07629011475952,35.82066614859071,104.07629011475952,35.82066614859071,104.07629011475952,35.82066614859071,104.07629011475954,35.8206661485907,104.07629011475954,35.8206661485907,104.07629011475953,35.82066614859071,104.07629011475952,35.8206661485907,104.07629011475954,35.82066614859071,104.07629011475952,0.0,35.82066614859071,104.07629011475952,35.8206661485907,104.07629011475954,35.8206661485907,104.07629011475953,35.8206661485907,104.07629011475953,35.82066614859071,104.07629011475952,35.8206661485907,104.07629011475953,35.82066614859072,104.07629011475953,35.820666148590696,104.07629011475954,35.820666148590696,104.07629011475953,35.820666148590696,104.07629011475953,0.0,35.820666148590696,104.0762901147595,35.820666148590696,104.07629011475952,0.0,35.8206661485907,104.07629011475954,0.0,35.8206661485907,104.07629011475952,7.74470325968675e-05,35.82066614859071,104.07629011475953,0.0,35.82066614859071,104.07629011475953,0.0,37.04784174550494,-95.60348055911105,1.1106651381766501,0.008831208707146751,0.0002987373980240394,37.04784174550494,-95.60348055911105,0.9988568891844574,0.0,0.0,37.04784174550493,-95.60348055911105,0.0,0.0005931060301496366,37.04784174550494,-95.60348055911105,2.0589239323415267,0.0010622878436555624,0.0006882803982099341,37.04784174550495,-95.60348055911105,1.0001143802207202,0.0,0.00014589236202914788,56.06620277154502,-106.2252048558719,0.0,0.00046176645762326454,-25.245506562289883,133.62221619518772,4.074564075203861,-0.00016424075405255256,-25.245506562289876,133.62221619518772,0.0,51.10720294523321,10.439578747590474,0.0,0.0,56.06620277154502,-106.2252048558719,-5.1535359570346276e-05,0.012564616405724087,-25.245506562289876,133.62221619518772,0.0,-25.24550656228988,133.62221619518772,0.0,37.04784174550494,-95.60348055911103,2.004309827810647,0.0,37.04784174550494,-95.60348055911106,0.9988568891844574,0.0,0.001007109118746516,37.04784174550494,-95.60348055911103,1.3148697420332462,0.04069735178331801,37.04784174550494,-95.60348055911105,0.9988568891844574,0.0,37.04784174550493,-95.60348055911105,0.9960741875141407,0.0,0.0,37.04784174550494,-95.60348055911105,0.9988568891844574,0.0,0.0,37.04784174550493,-95.60348055911106,0.0,37.04784174550494,-95.60348055911105,1.9977137783689147,0.0,0.0,56.06620277154503,-106.2252048558719,0.9988568891844574,0.0,56.06620277154503,-106.22520485587188,0.0,37.04784174550494,-95.60348055911105,0.9988568891844574,0.0,-4.4714406829617255e-06,0.0,0.0,60.9302702402519,0.0,0.0,0.0,0.0,37.04784174550494,-95.60348055911103,0.0,37.04784174550494,-95.60348055911105,0.9988568891844574,0.0,0.0,37.04784174550494,-95.60348055911105,0.9988568891844574,0.0,0.0,0.0,0.0,0.0,0.0,37.04784174550494,-95.60348055911105,0.999906583277522,0.0,0.0,37.04784174550494,-95.60348055911105,10.987425781029035,0.0,0.0,37.04784174550494,-95.60348055911105,4.994284445922288,0.0,0.0,37.04784174550494,-95.60348055911105,1.9977137783689147,0.0,0.0,37.04784174550494,-95.60348055911105,0.0,0.0,37.04784174550494,-95.60348055911105,0.0,0.0,37.04784174550494,-95.60348055911105,0.0,0.0,37.04784174550494,-95.60348055911106,36.043055214919164,0.0,0.0,2.562221922782582e+38,8.297824213606688e+38,-2.8318596638533378e+38,9.892402936265306e+38,-1.1493862698875451e+36,-7.340519643194865e+36,-1.307837065599242e+37,2.0272473423896417e+38,2.3227156495604885e+37,3.767532397478606e+38,1.1844325395488211e+30,4.6534059614888685e+29,-6.532795202433647,0.1514662660813979,22.120948985404677,8.700625476273175e+47,-2.1805929652497538e+50,5.4035540369440703e+45,-9.960332355550425e+49,1.2570793387127982e+41,2.1604330024976223e+41,0.6672463802237268,0.33788721043068604,174.87741372670243,99.92932067589715,2.6663174381758283,0.2207138064309404,219.68178074635395,28.05549848779537,1.117314509542557,1.8849723195175425,131.78335585492118,57.773822428035736,323.4888215430823,1.0248630168703758,38.503358408395066,93.61497880981176,12.55973849191888,145.9158121426777,211.8216222769165,43.81627077693669,6.15174406899909,2.1053706434647514,54.18443279773086,0.7519597492174197,41.21480830783573,1.2575688653644788,164.5285555272228,201.43449080941517,1.8662300303844368,209.13646068403142,0.38780895055806625,521.5995284005053,1.1305440281522534,66.50887595172007,216.25459334351385,340.1275378590184,22.273486983068366,37.32632363764113,72.81622600661831,4.791683682091043,14.277819741132992,38.00883317540425,0.38108110388379624,53.38450034716616,47.90687790609617,2.154037822327788,74.12516696528672,1.1101645488259198,184.93051890862782,50.399003466879144,277.8650373452423,110.23328822736507,77.04204398338001,0.4963275736454393,143.49620795644077,0.6542534665372257,1.986167499763592,13.207837664509471,0.21595238163247316,0.1348117598539482,0.4994284445922287,2.0751001775367595,1.0054529386261897,0.5197771204838878,0.4994284445922287,0.9988568891844574,2.497142222961144,0.9988568891844574,5.493712890514518,0.9264721858657909,3.9956926315915475,2.002579467345083,100.75444997209152,31.328030273172985,1.5056463456322582,4.494856001330059,38.15438306524628,0.20071315185018207,22687.633080817453,747.5519927162677,3399.4538875857693,529.7898463342118,152.65439999370435,6.516491589669845,67.9076681173658,0.9761970530879197,24.280572843834978,28.378872784492163,109.55899032854956,32.24311189505687,0.8025983235754423,0.7408029237820997,18.886805193734098,51.42535813688672,28.2097440599285,114.57076490411755,14.956096192512499,0.28250636022522085,1.2801232271757026,37.74973858067902,14.563348073016886,17.925377708993576,27.287672766397108,109.9185804931575,7.295079009381492,1.2075277896990355,81.82564516751334,24.320337816076105,6.781909947562598,12.023277369812915,3.440507062746465,0.5993141335106743,0.19977137783689153,3.0431797116654775,4.172097502845774,3.802052068326298,1.6666377863385196,1.7118973247577245,2.904581750502592,1.3648960591836619,380.2413695824837,0.4726251860592551,1.6646487388903632,0.33289592485295266
2020-03-02 01:00:00,0.1494494362644893,35.82039131000158,104.07549157626728,35.820391310001575,104.07549157626728,35.82039131000158,104.07549157626728,35.82039131000158,104.07549157626731,35.82039131000157,104.07549157626731,35.82039131000157,104.07549157626728,35.820391310001575,104.07549157626728,35.82039131000157,104.07549157626731,35.820391310001575,104.07549157626727,0.0,35.820391310001575,104.07549157626728,35.820391310001575,104.07549157626731,35.82039131000157,104.0754915762673,35.820391310001575,104.07549157626728,35.82039131000158,104.07549157626727,35.82039131000157,104.0754915762673,35.82039131000158,104.0754915762673,35.82039131000157,104.07549157626731,35.82039131000157,104.0754915762673,35.82039131000156,104.07549157626728,0.0,35.82039131000157,104.07549157626727,35.82039131000157,104.07549157626728,0.0,35.820391310001575,104.07549157626731,0.0,35.820391310001575,104.07549157626728,0.00020420375922646818,35.82039131000158,104.0754915762673,0.0,35.82039131000158,104.0754915762673,0.0,37.04755749125591,-95.60274702932116,1.1106663244640935,0.008830911469915978,0.00029861621249541387,37.04755749125591,-95.60274702932116,0.9988492253287092,0.0,0.0,37.0475574912559,-95.60274702932116,0.0,0.000592835760179088,37.047557491255915,-95.60274702932116,2.0589250579325706,0.0010628075604937823,0.0006882620468120207,37.047557491255915,-95.6027470293212,1.0001039325106442,0.0,0.00014532274795796708,56.06577259651691,-106.22438982955966,0.0,0.0004571671777928825,-25.245312862949486,133.62119096184273,4.073697192027087,-0.00017196303944949642,-25.24531286294948,133.62119096184273,0.0,51.10681081875813,10.439498648602862,0.0,0.0,56.06577259651691,-106.22438982955967,-5.265039959661058e-05,0.011120229013036512,-25.245312862949483,133.62119096184273,0.0,-25.245312862949483,133.62119096184273,0.0,37.047557491255915,-95.60274702932116,2.0034063934014563,0.0,37.04755749125591,-95.60274702932118,0.9988492253287092,0.0,0.0010061373648767693,37.04755749125591,-95.60274702932116,1.3034725321660183,0.039121613555241866,37.04755749125591,-95.60274702932116,0.9988492253287092,0.0,37.04755749125591,-95.60274702932118,0.9960325748998,0.0,0.0,37.04755749125591,-95.60274702932116,0.9988492253287092,0.0,0.0,37.0475574912559,-95.6027470293212,0.0,37.04755749125591,-95.60274702932116,1.9976984506574185,0.0,0.0,56.065772596516915,-106.22438982955966,0.9988492253287092,0.0,56.065772596516915,-106.22438982955966,0.0,37.04755749125591,-95.60274702932116,0.9988492253287092,0.0,2.9966024980828282e-05,0.0,0.0,60.929802745051255,0.0,0.0,0.0,0.0,37.04755749125591,-95.60274702932116,0.0,37.04755749125591,-95.60274702932116,0.9988492253287092,0.0,0.0,37.04755749125591,-95.60274702932116,0.9988492253287092,0.0,0.0,0.0,0.0,0.0,0.0,37.04755749125591,-95.60274702932116,0.9998993207914262,0.0,0.0,37.04755749125591,-95.60274702932116,10.987341478615804,0.0,0.0,37.04755749125591,-95.60274702932116,4.994246126643547,0.0,0.0,37.04755749125591,-95.60274702932116,1.9976984506574185,0.0,0.0,37.04755749125591,-95.60274702932116,0.0,0.0,37.04755749125591,-95.60274702932116,0.0,0.0,37.04755749125591,-95.60274702932116,0.0,0.0,37.04755749125591,-95.60274702932118,36.05454139260689,0.0,0.0,2.5647985623996442e+38,8.306168729908776e+38,-2.8345935870705572e+38,9.901953222392374e+38,-1.1496485911831691e+36,-7.342194949985809e+36,-1.3087154848788072e+37,2.028608959365368e+38,2.3254216686765074e+37,3.771921662557059e+38,1.1855338423518449e+30,4.6577327668221285e+29,-6.532669911305633,0.1518237133623011,22.10528936427731,8.709375060411877e+47,-2.1826981450406486e+50,5.404787275354068e+45,-9.967022292853873e+49,1.2582481895786101e+41,2.1618873130683103e+41,0.6672330109731915,0.33866051210394166,174.92720447777262,100.12359767286777,2.6059747330218292,0.21901629825732097,219.73995003107748,28.264292114479698,1.1177079209676861,1.8852333268158459,131.9168398543402,57.81286181922755,323.5810178990096,1.0259375803205582,38.609617505954276,93.47684969575562,12.356203485682279,145.94985273314626,211.87783241086166,43.91363025809848,6.166338315350182,2.1054931033769737,54.198730545249745,0.7516455663118325,41.231010620078074,1.2558280214542707,164.3622113635186,201.84374850208582,1.8680820063182932,209.1625107976363,0.3878324663881657,521.6268537845015,1.1305115436745303,66.64025980096808,216.40488424303092,340.24346943664744,22.040362725277973,37.403422363582926,72.70901457634089,4.7934132301936945,14.29596773949051,38.01516172075846,0.3815320887677438,53.37467492988105,47.98527323581383,2.1531748578942,74.06227518982965,1.111101094463641,185.202006417916,50.453857883071734,277.8595558957897,110.28137388137002,77.05734229029173,0.4963933338291904,143.61594384361499,0.65574859418045,1.980579657865691,13.013163251665077,0.21994536068593915,0.13517657182731269,0.4994246126643546,2.0741328664088914,1.0045571680727474,0.5189854194419756,0.4994246126643546,0.9988492253287092,2.4971230633217734,0.9988492253287092,5.493670739307902,0.925972839220346,3.9956823083805055,2.0025263900328687,100.75354489370906,31.327789904900527,1.5056388259961337,4.4948215139791925,38.154090320919096,0.2007184774941963,22690.50839001671,747.7519511582836,3406.0649009528224,529.8033019644165,152.70557918084646,6.518552830569439,67.76578794332433,0.9719857953770128,24.398322063142952,28.389809730137358,109.5500062245006,32.12860480244814,0.8003725889568278,0.7410875622849734,18.908569933995164,51.4307042935616,28.205402539140305,114.57565536585774,14.981338311760808,0.28315736073006537,1.2941804792915534,37.75797393789313,14.576036432173549,17.91087130122407,27.28713050890685,109.91803531976738,7.29520502404303,1.2080425083828963,81.81400311992779,24.303676666713272,6.809368758523978,12.023185119697427,3.4404806650211106,0.5993095351972255,0.19976984506574189,3.04221660662834,4.170157626364698,3.8022227892510645,1.6666117615337823,1.7204461482238202,2.9121239329649833,1.3650055060664394,380.37221053606027,0.47489143964135616,1.6646347850216097,0.33289277984644994
2020-03-02 02:00:00,0.14975736795493544,35.820130402476984,104.07473351422819,35.820130402476984,104.07473351422819,35.82013040247699,104.07473351422817,35.82013040247699,104.07473351422821,35.82013040247698,104.07473351422821,35.82013040247698,104.07473351422819,35.820130402476984,104.07473351422819,35.82013040247698,104.07473351422821,35.820130402476984,104.07473351422817,0.0,35.820130402476984,104.07473351422819,35.820130402476984,104.07473351422821,35.82013040247698,104.07473351422819,35.82013040247698,104.07473351422819,35.82013040247699,104.07473351422817,35.82013040247698,104.07473351422819,35.82013040247699,104.0747335142282,35.82013040247698,104.07473351422821,35.82013040247698,104.0747335142282,35.82013040247697,104.07473351422819,0.0,35.820130402476984,104.07473351422817,35.820130402476984,104.07473351422819,0.0,35.820130402476984,104.07473351422821,0.0,35.82013040247698,104.07473351422819,0.00036063140720432076,35.82013040247699,104.07473351422819,0.0,35.82013040247699,104.0747335142282,0.0,37.047287645333974,-95.60205068081241,1.1106451245020592,0.008828795918881666,0.0002984313488921188,37.047287645333974,-95.60205068081241,0.9988419499397676,0.0,0.0,37.04728764533397,-95.60205068081241,0.0,0.0005924384835684091,37.04728764533398,-95.60205068081241,2.0589147155236236,0.0010631193413206796,0.0006881020363290894,37.04728764533398,-95.60205068081243,1.0000935610819308,0.0,0.0001447121020306738,56.06536422627283,-106.22361611543795,0.0,0.00045238346440772473,-25.24512898187377,133.62021769569762,4.072219219035422,-0.0001797982695635296,-25.245128981873766,133.6202176956976,0.0,51.10643856845564,10.43942260968618,0.0,0.0,56.06536422627283,-106.22361611543795,-5.3776625468664446e-05,0.009907337976229953,-25.245128981873766,133.62021769569762,0.0,-25.245128981873773,133.62021769569762,0.0,37.04728764533398,-95.60205068081243,2.00262097677462,0.0,37.047287645333974,-95.60205068081243,0.9988419499397676,0.0,0.0010054872816748685,37.047287645333974,-95.60205068081241,1.2901433328029113,0.03732911509621627,37.047287645333974,-95.60205068081241,0.9988419499397676,0.0,37.047287645333974,-95.60205068081243,0.995991303157778,0.0,0.0,37.047287645333974,-95.60205068081241,0.9988419499397676,0.0,0.0,37.04728764533397,-95.60205068081243,0.0,37.047287645333974,-95.60205068081241,1.9976838998795352,0.0,0.0,56.06536422627283,-106.22361611543795,0.9988419499397676,0.0,56.06536422627283,-106.22361611543795,0.0,37.047287645333974,-95.60205068081243,0.9988419499397676,0.0,7.347553680923629e-05,0.0,0.0,60.92935894632583,0.0,0.0,0.0,0.0,37.047287645333974,-95.60205068081243,0.0,37.047287645333974,-95.60205068081241,0.9988419499397676,0.0,0.0,37.047287645333974,-95.60205068081241,0.9988419499397676,0.0,0.0,0.0,0.0,0.0,0.0,37.047287645333974,-95.60205068081241,0.9998924602653039,0.0,0.0,37.047287645333974,-95.60205068081241,10.987261449337447,0.0,0.0,37.047287645333974,-95.60205068081241,4.994209749698839,0.0,0.0,37.047287645333974,-95.60205068081241,1.9976838998795352,0.0,0.0,37.047287645333974,-95.60205068081241,0.0,0.0,37.047287645333974,-95.60205068081241,0.0,0.0,37.047287645333974,-95.60205068081241,0.0,0.0,37.047287645333974,-95.60205068081243,36.06737191361667,0.0,0.0,2.566899710994252e+38,8.312973355819473e+38,-2.836799770296721e+38,9.909659979087643e+38,-1.1496802617305191e+36,-7.34239721295086e+36,-1.3093427117496813e+37,2.02958120892191e+38,2.3277038227392174e+37,3.7756234025306716e+38,1.186413598491915e+30,4.661189158241773e+29,-6.532568352604827,0.1523190888224857,22.089917077010128,8.716510003263275e+47,-2.184396953666103e+50,5.404936166565381e+45,-9.971799178492437e+49,1.2591819052862243e+41,2.1629267390085373e+41,0.6672213597550949,0.33953135773884724,175.00407731611799,100.40765286295493,2.5540572111842597,0.2174206271391038,219.7642565925803,28.523857784974744,1.117920601274202,1.8866249939148214,132.26017518697373,57.94381783972964,323.6915195790864,1.02722129056826,38.76291968096523,93.3267547622133,12.165775766787775,145.98472254204677,211.98501623306518,44.068133034751696,6.199590213843589,2.105601708768776,54.21190122323979,0.7515534335321301,41.25163351341445,1.2552954891565224,164.38180365905663,202.3910465472761,1.8688654929559376,209.17642957388802,0.3877389073780036,521.7829015433703,1.131018127204375,66.78751471232486,216.63814984055577,340.4187962313581,21.785972086361742,37.48074810667415,72.60825777483355,4.796702750604998,14.332294984492226,38.033482508809236,0.382809767948943,53.371545312288085,48.02274432794385,2.151711224293532,73.94197892827577,1.11254168883325,185.59253219179448,50.48532406416078,277.929093494976,110.32862191647932,77.0463160912258,0.49659800545763,143.76972643660764,0.6576659613542232,1.974505984020409,12.83011111909527,0.22468887784918423,0.1357346836727916,0.4994209749698838,2.0724929296721135,1.0037790268348525,0.5180855325179919,0.4994209749698838,0.9988419499397676,2.4971048748494193,0.9988419499397676,5.493630724668724,0.924318703287313,3.995669082998808,2.002472355302281,100.75271622192665,31.327561720455407,1.5056304558861717,4.494788774728955,38.15381241526551,0.20073166832545353,22706.38179611931,748.549007325268,3421.2975373536774,529.7394316640615,152.6231272334479,6.52190094429645,67.63281968688885,0.9680391619520854,24.51342017704564,28.39920012458437,109.54221217490829,32.03109948009361,0.7984570474343351,0.7408909551509621,18.89395339968992,51.44751738722815,28.2007950452666,114.58097279679842,15.008069556111847,0.2838522024917766,1.3084435149309248,37.752489774691036,14.568089884531636,17.90826786572557,27.286512551726922,109.91759253968131,7.295379156184587,1.2086884714591148,81.79440310702057,24.272903497433525,6.842844757433378,12.023097545571279,3.4404556053480895,0.5993051699638605,0.1997683899879536,3.039013372429737,4.168517864819285,3.8024653764778695,1.6665876422245083,1.7300657586945987,2.918372561259178,1.3650333461715385,380.52815984638454,0.47758194183612923,1.6646214786803597,0.33288976437029577
2020-03-02 03:00:00,0.15003043245481879,35.819883245176975,104.074015403215,35.81988324517697,104.07401540321501,35.819883245176975,104.074015403215,35.819883245176975,104.07401540321504,35.81988324517696,104.07401540321504,35.81988324517696,104.07401540321501,35.81988324517697,104.07401540321501,35.81988324517697,104.07401540321504,35.81988324517697,104.074015403215,0.0,35.81988324517697,104.07401540321501,35.81988324517697,104.07401540321504,35.81988324517696,104.07401540321501,35.81988324517696,104.07401540321501,35.81988324517698,104.07401540321501,35.81988324517696,104.07401540321501,35.819883245176975,104.07401540321503,35.81988324517696,104.07401540321504,35.81988324517696,104.07401540321503,35.81988324517695,104.07401540321501,0.0,35.81988324517697,104.07401540321501,35.81988324517697,104.07401540321501,0.0,35.81988324517697,104.07401540321504,0.0,35.81988324517697,104.07401540321503,0.0005524610431393157,35.819883245176975,104.07401540321501,0.0,35.819883245176975,104.07401540321501,0.0,37.04703202070379,-95.60139103093239,1.1106011240302325,0.008824829664766262,0.0002981817040822233,37.04703202070379,-95.60139103093239,0.9988350579749223,0.0,0.0,37.04703202070378,-95.60139103093239,0.0,0.0005919120080633781,37.047032020703796,-95.60139103093239,2.0588926716273783,0.0010632193248757537,0.0006877978409640375,37.047032020703796,-95.60139103093242,1.0000832561063926,0.0,0.00014405985249915784,56.0649773777636,-106.22288317723081,0.0,0.0004474133203549169,-25.24495479161127,133.61929572216312,4.070203409994496,-0.00018774486695487952,-25.244954791611264,133.61929572216312,0.0,51.10608593631198,10.439350578136407,0.0,0.0,56.0649773777636,-106.22288317723081,-5.491392333387265e-05,0.008898622388983361,-25.244954791611264,133.61929572216314,0.0,-25.24495479161127,133.61929572216312,0.0,37.047032020703796,-95.6013910309324,2.0019432053217203,0.0,37.04703202070379,-95.6013910309324,0.9988350579749223,0.0,0.0010050874635557866,37.04703202070379,-95.60139103093239,1.2751781870349628,0.03535350162836985,37.04703202070379,-95.60139103093239,0.9988350579749223,0.0,37.04703202070378,-95.6013910309324,0.9959503912013001,0.0,0.0,37.04703202070379,-95.60139103093239,0.9988350579749223,0.0,0.0,37.04703202070378,-95.6013910309324,0.0,37.04703202070379,-95.60139103093239,1.9976701159498447,0.0,0.0,56.0649773777636,-106.2228831772308,0.9988350579749223,0.0,56.064977377763604,-106.22288317723081,0.0,37.04703202070379,-95.6013910309324,0.9988350579749223,0.0,0.0001281874584153933,0.0,0.0,60.92893853647026,0.0,0.0,0.0,0.0,37.04703202070379,-95.6013910309324,0.0,37.04703202070379,-95.60139103093239,0.9988350579749223,0.0,0.0,37.04703202070379,-95.60139103093239,0.9988350579749223,0.0,0.0,0.0,0.0,0.0,0.0,37.04703202070379,-95.60139103093239,0.9998859962861125,0.0,0.0,37.04703202070379,-95.60139103093239,10.98718563772415,0.0,0.0,37.04703202070379,-95.60139103093239,4.994175289874612,0.0,0.0,37.04703202070379,-95.60139103093239,1.9976701159498447,0.0,0.0,37.04703202070379,-95.60139103093239,0.0,0.0,37.04703202070379,-95.60139103093239,0.0,0.0,37.04703202070379,-95.60139103093239,0.0,0.0,37.04703202070379,-95.6013910309324,36.08154995002021,0.0,0.0,2.5685161547245917e+38,8.318208252065694e+38,-2.8384680229736346e+38,9.915487608150686e+38,-1.1494770923360855e+36,-7.341099677936041e+36,-1.3097140155578218e+37,2.0301567581841783e+38,2.329553781894486e+37,3.7786241060618256e+38,1.1870675431360262e+30,4.6637583800452824e+29,-6.532485880937546,0.15292388641350596,22.07560911712254,8.721999017066534e+47,-2.1856815441766994e+50,5.403981016125321e+45,-9.974626984364633e+49,1.2598759594204407e+41,2.1635434659150764e+41,0.6672110969650948,0.34050246746899343,175.10360998511072,100.76943068233174,2.511894269575241,0.21594248516502068,219.75340727108411,28.82987135360826,1.1179101672623064,1.889107794331176,132.80549798072832,58.16575709698449,323.80608882431665,1.0285509564822195,38.95538018164797,93.16419552124867,11.990815673336316,146.01558734837832,212.13669530453006,44.27217990564611,6.251125372975425,2.105637860499056,54.22031298683598,0.7517038266095248,41.2754824640921,1.2560555853018347,164.59950445891334,203.04719341625693,1.8685392883479008,209.175351801433,0.38753189146431,522.0631743276912,1.1320595301049314,66.93801075827899,216.9474033434498,340.6455873275609,21.509464840793445,37.54955486719384,72.51495559609904,4.801353910779182,14.385552580862198,38.06355463419945,0.38489752889431716,53.375727824684546,48.01785095130827,2.149757681740485,73.77543213640432,1.1143802313253008,186.07634359426325,50.48799335746318,278.07305865008857,110.37257695838778,77.00935414049187,0.4969325144484598,143.95462867114105,0.6599692352727567,1.9679262778250266,12.660522457669316,0.23028408655990842,0.13645446594856095,0.49941752898746117,2.070238709645516,1.003108147346798,0.5170942798016461,0.49941752898746117,0.9988350579749223,2.497087644937306,0.9988350579749223,5.493592818862075,0.9215625171083421,3.995653918176304,2.002417332742488,100.75195534665784,31.327345561678655,1.5056212010249455,4.494757760887151,38.15354915566383,0.20075422756082456,22734.829835848595,749.9234682504689,3444.859096330851,529.6006269234065,152.41160128398607,6.526428639161441,67.51035288507575,0.9644044291852529,24.620359728661892,28.406809983983955,109.53577978925426,31.953140773006453,0.7968982340846915,0.740220208842655,18.843492799784187,51.47504857874373,28.196138613488518,114.58641727735038,15.035059547918507,0.28455660347150213,1.3224144901617827,37.733481858945396,14.539801769766003,17.91863780053351,27.285800211051473,109.9172642783558,7.295611136801134,1.2094938950890843,81.7683166157499,24.23071184092792,6.880684071245568,12.023014586735178,3.440431866358067,0.5993010347849533,0.19976701159498453,3.0336727223795226,4.167144161010773,3.8027938537016865,1.6665650937018195,1.7407880701695735,2.9236388016212898,1.3649942445493548,380.7125797638106,0.4807538446652872,1.6646088117963749,0.33288687691072594
2020-03-02 04:00:00,0.150225405617202,35.819649657064524,104.07333671722803,35.81964965706452,104.07333671722805,35.819649657064524,104.07333671722805,35.819649657064524,104.07333671722806,35.81964965706451,104.07333671722806,35.81964965706451,104.07333671722806,35.81964965706452,104.07333671722803,35.81964965706452,104.07333671722807,35.81964965706452,104.07333671722803,0.0,35.81964965706452,104.07333671722803,35.81964965706452,104.07333671722807,35.81964965706451,104.07333671722805,35.81964965706451,104.07333671722805,35.819649657064524,104.07333671722805,35.81964965706452,104.07333671722805,35.819649657064524,104.07333671722805,35.81964965706451,104.07333671722806,35.81964965706451,104.07333671722805,35.8196496570645,104.07333671722805,0.0,35.81964965706452,104.07333671722805,35.81964965706452,104.07333671722803,0.0,35.81964965706452,104.07333671722807,0.0,35.81964965706452,104.07333671722806,0.0007862392165276892,35.819649657064524,104.07333671722805,0.0,35.819649657064524,104.07333671722805,0.0,37.04679043012622,-95.60076759650282,1.1105339072430562,0.008818980199666066,0.00029786617125463757,37.04679043012622,-95.60076759650282,0.9988285443859681,0.0,0.0,37.046790430126215,-95.60076759650282,0.0,0.0005912541341929209,37.04679043012622,-95.60076759650282,2.0588586918659924,0.0010631036339317085,0.0006873469256397091,37.04679043012622,-95.60076759650283,1.0000730077418123,0.0,0.00014336542736648238,56.064611767631625,-106.22219047807792,0.0,0.00044225475613993495,-25.244790164571636,133.61842436591493,4.067744438537598,-0.0001958007214473735,-25.24479016457163,133.61842436591493,0.0,51.10575266403226,10.439282501192102,0.0,0.0,56.06461176763163,-106.22219047807792,-5.606217529362375e-05,0.008069312750549486,-25.24479016457163,133.61842436591493,0.0,-25.244790164571636,133.61842436591493,0.0,37.04679043012623,-95.60076759650282,2.0013624093816538,0.0,37.04679043012622,-95.60076759650283,0.9988285443859681,0.0,0.0010048826714501797,37.04679043012622,-95.60076759650282,1.258913629258993,0.033233777125206525,37.04679043012622,-95.60076759650282,0.9988285443859681,0.0,37.046790430126215,-95.60076759650282,0.9959098634345284,0.0,0.0,37.04679043012622,-95.60076759650282,0.9988285443859681,0.0,0.0,37.04679043012621,-95.60076759650283,0.0,37.04679043012622,-95.60076759650282,1.9976570887719363,0.0,0.0,56.064611767631625,-106.2221904780779,0.9988285443859681,0.0,56.06461176763163,-106.22219047807792,0.0,37.04679043012622,-95.60076759650282,0.9988285443859681,0.0,0.00019666295697469058,0.0,0.0,60.928541207544065,0.0,0.0,0.0,0.0,37.04679043012622,-95.60076759650282,0.0,37.04679043012622,-95.60076759650282,0.9988285443859681,0.0,0.0,37.04679043012622,-95.60076759650282,0.9988285443859681,0.0,0.0,0.0,0.0,0.0,0.0,37.04679043012622,-95.60076759650282,0.9998799234516215,0.0,0.0,37.04679043012622,-95.60076759650282,10.987113988245653,0.0,0.0,37.04679043012622,-95.60076759650282,4.994142721929841,0.0,0.0,37.04679043012622,-95.60076759650282,1.9976570887719363,0.0,0.0,37.04679043012622,-95.60076759650282,0.0,0.0,37.04679043012622,-95.60076759650282,0.0,0.0,37.04679043012622,-95.60076759650282,0.0,0.0,37.04679043012622,-95.60076759650282,36.09704065790628,0.0,0.0,2.569638637381749e+38,8.321843442167332e+38,-2.839588108065898e+38,9.919400349024497e+38,-1.1490348775315679e+36,-7.338275486848946e+36,-1.3098246453554633e+37,2.030328242820266e+38,2.330963176744591e+37,3.780910197671717e+38,1.187491392141242e+30,4.665423600665098e+29,-6.532418834439519,0.15360269989077346,22.06304764780528,8.725810670193336e+47,-2.186544033834601e+50,5.401902053069328e+45,-9.975469527814354e+49,1.2603258050717545e+41,2.1637296458515805e+41,0.6672019634426629,0.3415743509421709,175.22036725038421,101.1927455699139,2.4806043442119554,0.21459358119267952,219.7085210551496,29.176425095661557,1.117650256544016,1.8925968753422096,133.5365232877979,58.47421871855019,323.9095589603566,1.0297527571544207,39.17733207112759,92.98926222299173,11.833190215644207,146.03742039853006,212.32370605171525,44.515109969776574,6.319957524240372,2.105522892369726,54.21909569566226,0.75210170937173,41.30115210718033,1.2581257516991713,165.01733759219292,203.77606396273177,1.8671384193075486,209.15749945599615,0.3872226392314386,522.4580193145758,1.1336107652401406,67.07839487087786,217.31673607436474,340.9131730536426,21.21101883895646,37.600781135209395,72.42985791447286,4.807086171122109,14.453781069282073,38.10474255776223,0.3877515261383832,53.38737177005302,47.972061493223435,2.1474584010400357,73.57702575702764,1.116487910015179,186.62226461177798,50.45851953653498,278.2879756197001,110.41108319378827,76.94765462632638,0.4973824358420346,144.16665300778473,0.6626087935828697,1.9608442079057427,12.505777015932399,0.2368360918232368,0.13729704277759566,0.49941427219298407,2.0674469444356105,1.0025338649956854,0.5160311607555874,0.49941427219298407,0.9988285443859681,2.4970713609649207,0.9988285443859681,5.493556994122827,0.9177901736213093,3.9956375665867077,2.0023612919797427,100.75125538483603,31.32714127023896,1.5056110270152185,4.494728449736858,38.15330034928248,0.2007880446942772,22774.961904174554,751.8341925371903,3476.1471586139864,529.3943075516852,152.0842179004159,6.531887702555055,67.39963037602537,0.9611185630046327,24.714322246166134,28.412443118791053,109.53085284908398,31.896869694704876,0.7957351616963357,0.7390972193390968,18.75884295143306,51.51210747862545,28.1916483055602,114.59169160668988,15.061092425330836,0.28523659309182253,1.335607862005433,37.701577566665236,14.4921141922954,17.942224582830384,27.28497155391212,109.91706488342763,7.295912408950971,1.2104919422356353,81.73765907309861,24.180587163464516,6.920950904913925,12.022936182423692,3.4404094306627804,0.5992971266315807,0.19976570887719372,3.026361527856282,4.166005954550557,3.8032256167139376,1.6665438524652678,1.7526206108906002,2.9282938595261654,1.3649069968470122,380.9289639472837,0.484466532926332,1.6645967762957434,0.33288411595488726
2020-03-02 05:00:00,0.1503001170960897,35.81942945694355,104.07269692980536,35.81942945694355,104.07269692980537,35.81942945694356,104.07269692980539,35.81942945694356,104.0726969298054,35.81942945694354,104.07269692980542,35.81942945694354,104.07269692980539,35.81942945694355,104.07269692980537,35.819429456943546,104.0726969298054,35.81942945694355,104.07269692980537,0.0,35.81942945694355,104.07269692980539,35.81942945694355,104.0726969298054,35.81942945694354,104.07269692980537,35.81942945694354,104.07269692980539,35.81942945694356,104.07269692980539,35.819429456943546,104.07269692980537,35.81942945694356,104.0726969298054,35.81942945694354,104.07269692980539,35.81942945694354,104.07269692980539,35.81942945694354,104.07269692980537,0.0,35.81942945694355,104.07269692980537,35.81942945694355,104.07269692980537,0.0,35.81942945694355,104.0726969298054,0.0,35.819429456943546,104.07269692980539,0.0010693594599432941,35.81942945694356,104.07269692980537,0.0,35.81942945694356,104.07269692980537,0.0,37.04656268619762,-95.60017989392084,1.110443056853638,0.008811214902070985,0.00029748364009513084,37.04656268619762,-95.60017989392084,0.9988224041202647,0.0,0.0,37.04656268619761,-95.60017989392084,0.0,0.0005904626556202542,37.04656268619762,-95.60017989392084,2.0588125410069913,0.0010627683758677262,0.0006867467463901721,37.046562686197625,-95.60017989392085,1.00006280613387,0.0,0.00014262825450112992,56.06426711227035,-106.22153748064727,0.0,0.0004369057904043405,-25.24463497305242,133.61760295103537,4.064955045695689,-0.00020396302341054925,-25.244634973052417,133.61760295103537,0.0,51.10543849309462,10.439218326045456,0.0,0.0,56.06426711227036,-106.22153748064727,-5.722125937020076e-05,0.0073975293395166924,-25.244634973052413,133.6176029510354,0.0,-25.244634973052424,133.61760295103537,0.0,37.046562686197625,-95.60017989392084,2.000867999329619,0.0,37.04656268619762,-95.60017989392084,0.9988224041202647,0.0,0.0010048302870969347,37.04656268619762,-95.60017989392082,1.2417083989792292,0.03101203228205566,37.04656268619762,-95.60017989392084,0.9988224041202647,0.0,37.04656268619762,-95.60017989392084,0.9958697514756545,0.0,0.0,37.04656268619762,-95.60017989392084,0.9988224041202647,0.0,0.0,37.04656268619761,-95.60017989392084,0.0,37.04656268619762,-95.60017989392084,1.9976448082405294,0.0,0.0,56.06426711227035,-106.22153748064727,0.9988224041202647,0.0,56.06426711227036,-106.22153748064727,0.0,37.04656268619762,-95.60017989392084,0.9988224041202647,0.0,0.00028195949025283564,0.0,0.0,60.928166651336156,0.0,0.0,0.0,0.0,37.04656268619762,-95.60017989392084,0.0,37.04656268619762,-95.60017989392084,0.9988224041202647,0.0,0.0,37.04656268619762,-95.60017989392084,0.9988224041202647,0.0,0.0,0.0,0.0,0.0,0.0,37.04656268619762,-95.60017989392084,0.9998742363677231,0.0,0.0,37.04656268619762,-95.60017989392084,10.987046445322914,0.0,0.0,37.04656268619762,-95.60017989392084,4.994112020601324,0.0,0.0,37.04656268619762,-95.60017989392084,1.9976448082405294,0.0,0.0,37.04656268619762,-95.60017989392084,0.0,0.0,37.04656268619762,-95.60017989392084,0.0,0.0,37.04656268619762,-95.60017989392084,0.0,0.0,37.04656268619762,-95.60017989392084,36.11376450555145,0.0,0.0,2.570257861696526e+38,8.323848816669498e+38,-2.8401497435115852e+38,9.921362283862937e+38,-1.1483493962092862e+36,-7.333897681716699e+36,-1.3096698305922517e+37,2.0300882681127625e+38,2.331923599512604e+37,3.782468039629014e+38,1.187680842663728e+30,4.666167915061504e+29,-6.5323643353876255,0.15431535682329517,22.052769351176185,8.727913391585592e+47,-2.1869765052305314e+50,5.3986794329082034e+45,-9.974290476894579e+49,1.260526875482751e+41,2.1634773984901225e+41,0.667193756462002,0.3427447974107564,175.3481558635355,101.65820936641707,2.4610742754762764,0.21338200892591197,219.63304116583183,29.55625848465293,1.1171333453992456,1.8969656742224812,134.42920494428347,58.86143296449376,323.98713103709895,1.0306570959765542,39.41777738174053,92.80267373533437,11.694321052986075,146.04531747429377,212.5347307825137,44.78381367991601,6.4045313371728545,2.1051667025373617,54.202678179344545,0.7527366077180455,41.32712174494492,1.2614563794850358,165.6271623742649,204.53676724281195,1.8647713713096605,209.1223725688435,0.3868292407657936,522.9530395239623,1.1356274157950619,67.19575516942898,217.7229475989701,341.2087555060842,20.891907492055772,37.62561268194528,72.35348795730238,4.813553042367398,14.534363917642741,38.15604409673707,0.39130261283316264,53.40616165132425,47.8896433875074,2.144980795524978,73.3633810865765,1.118720380374761,187.19542805485804,50.39597868873338,278.5676664405845,110.44244437251467,76.86315461471584,0.4979284119495322,144.40089263526943,0.6655237256454041,1.9532889287526638,12.3668361968999,0.24445109948499497,0.13821811575583026,0.49941120206013234,2.064208954386095,1.0020455952093539,0.5149172182011603,0.49941120206013234,0.9988224041202647,2.497056010300662,0.9988224041202647,5.493523222661457,0.9131157419812859,3.9956206134352734,2.0023042026843556,100.75061083029554,31.326948687665894,1.5055998993454829,4.494700818541192,38.15306580312046,0.20083543932558862,22825.457202947342,754.220279965474,3514.273696461081,529.1324367817272,151.6620069787928,6.537914521023796,67.30158082445855,0.9582091861651736,24.79153572181001,28.415944823697558,109.5275445913416,31.863981860921637,0.7949985863652151,0.7375573829730567,18.642678861041496,51.55709665232668,28.187523349097148,114.59652040677747,15.085045469891735,0.2858607000824383,1.3475809142751551,37.65779871931154,14.426562112445046,17.978448900120387,27.284001051772915,109.91701116186664,7.296296310325669,1.2117212501446577,81.70465473162011,24.126562502055563,6.961559990882048,12.022862271818001,3.4403882808586905,0.5992934424721587,0.19976448082405301,3.017301193270745,4.165076672418887,3.8037818492480513,1.6665237124677965,1.7655410073729372,2.93273581509363,1.3647927779170277,381.1808426537905,0.4887800133766079,1.6645853641028103,0.3328814799912725
2020-03-02 06:00:00,0.15021609182696935,35.81922246349639,104.0720955141318,35.819222463496374,104.0720955141318,35.81922246349639,104.0720955141318,35.81922246349639,104.07209551413182,35.819222463496374,104.07209551413183,35.819222463496374,104.07209551413183,35.81922246349639,104.0720955141318,35.819222463496374,104.07209551413183,35.819222463496374,104.0720955141318,0.0,35.819222463496374,104.0720955141318,35.81922246349638,104.07209551413183,35.81922246349637,104.07209551413182,35.819222463496374,104.0720955141318,35.81922246349639,104.07209551413182,35.819222463496374,104.07209551413182,35.81922246349639,104.07209551413182,35.819222463496374,104.07209551413183,35.819222463496374,104.0720955141318,35.81922246349637,104.07209551413179,0.0,35.81922246349638,104.0720955141318,35.81922246349638,104.0720955141318,0.0,35.81922246349638,104.07209551413183,0.0,35.81922246349638,104.0720955141318,0.0014100670941864287,35.81922246349639,104.0720955141318,0.0,35.81922246349639,104.0720955141318,0.0,37.04634860138855,-95.59962743925902,1.110328154158927,0.008801501041986126,0.0002970329969658476,37.04634860138855,-95.59962743925902,0.9988166321217802,0.0,0.0,37.04634860138854,-95.59962743925902,0.0,0.0005895353595009884,37.04634860138855,-95.59962743925902,2.0587539829998445,0.0010622096432546992,0.0006859947507599617,37.04634860138856,-95.59962743925905,1.0000526414180688,0.0,0.00014184776175318187,56.063943127882865,-106.22092364724622,0.0,0.0004313644504510064,-25.24448908926547,133.61683080115313,4.0619622045843915,-0.00021222804465596823,-25.244489089265464,133.61683080115313,0.0,51.10514316480371,10.439157999853224,0.0,0.0,56.06394312788287,-106.22092364724622,-5.839104947374333e-05,0.006864499014924572,-25.24448908926546,133.61683080115316,0.0,-25.24448908926547,133.61683080115313,0.0,37.04634860138856,-95.59962743925905,2.000449754275711,0.0,37.04634860138855,-95.59962743925905,0.9988166321217802,0.0,0.0010048975090110298,37.04634860138855,-95.59962743925904,1.2239256644659977,0.028731222538545008,37.04634860138855,-95.59962743925902,0.9988166321217802,0.0,37.046348601388544,-95.59962743925902,0.9958300964089634,0.0,0.0,37.04634860138855,-95.59962743925902,0.9988166321217802,0.0,0.0,37.04634860138854,-95.59962743925905,0.0,37.04634860138855,-95.59962743925902,1.9976332642435604,0.0,0.0,56.063943127882865,-106.22092364724622,0.9988166321217802,0.0,56.063943127882865,-106.22092364724622,0.0,37.04634860138855,-95.59962743925904,0.9988166321217802,0.0,0.0003876995514339686,0.0,0.0,60.927814559428604,0.0,0.0,0.0,0.0,37.04634860138855,-95.59962743925904,0.0,37.04634860138855,-95.59962743925902,0.9988166321217802,0.0,0.0,37.04634860138855,-95.59962743925902,0.9988166321217802,0.0,0.0,0.0,0.0,0.0,0.0,37.04634860138855,-95.59962743925902,0.9998689296467211,0.0,0.0,37.04634860138855,-95.59962743925902,10.986982953339584,0.0,0.0,37.04634860138855,-95.59962743925902,4.994083160608901,0.0,0.0,37.04634860138855,-95.59962743925902,1.9976332642435604,0.0,0.0,37.04634860138855,-95.59962743925902,0.0,0.0,37.04634860138855,-95.59962743925902,0.0,0.0,37.04634860138855,-95.59962743925902,0.0,0.0,37.046348601388544,-95.59962743925902,36.13159149957096,0.0,0.0,2.570364490674586e+38,8.324194137466305e+38,-2.84014260370412e+38,9.921337342707418e+38,-1.1474164122706783e+36,-7.32793920882769e+36,-1.3092447818210134e+37,2.029429410052731e+38,2.332426605232264e+37,3.7832839338799194e+38,1.1876315737809141e+30,4.66597434716686e+29,-6.532320128356026,0.1550193836611056,22.045126939942904,8.728275475289094e+47,-2.1869710074249305e+50,5.394293240676793e+45,-9.971053355742258e+49,1.2604745847084264e+41,2.162778812276864e+41,0.6671863184460726,0.34400839649703563,175.48032845484283,102.14435606584685,2.453944874149039,0.21231275197203286,219.53247947006514,29.961041158965493,1.1163719736178586,1.9020512810937014,135.45272659614315,59.31668828670499,324.0256624807679,1.031113363276082,39.66492582178844,92.60576592872587,11.575248585126149,146.03480404435552,212.75696833514277,45.063506693476334,6.502787626913354,2.104477924621161,54.165420354856174,0.753583553339222,41.35185969145011,1.265934561231276,166.41125423674265,205.2861513013273,1.8616120179452662,209.07083194689702,0.38637546062077566,523.5297037972082,1.1380478045426607,67.27877384217854,218.1378200649727,341.5181489127957,20.554478134789704,37.61603107406188,72.28617441102269,4.820362617899109,14.62410672750364,38.21613274799765,0.3954592613921066,53.431345584650145,47.777351144529625,2.1425038642949588,73.15219690363608,1.1209260765402789,187.7592817730459,50.3020245574514,278.9035526229339,110.46554538953866,76.75841916555245,0.4985467590192138,144.651727737545,0.6686442691207337,1.9453146098196987,12.244301921470036,0.25323269864448195,0.13917013787912694,0.4994083160608901,2.0606263220421472,1.0016331221539305,0.5137739273301627,0.4994083160608901,0.9988166321217802,2.4970415803044506,0.9988166321217802,5.493491476669792,0.9076751408990359,3.9956035110283397,2.0022460345777167,100.75001726959586,31.326767655382675,1.5055877833955553,4.494674844548012,38.15284532404721,0.20089920919510015,22884.620049253033,757.00360877,3558.1016527243773,528.8307308851653,151.17243876241938,6.544065728192173,67.21686249676618,0.9556958800714378,24.849545594989067,28.417204472229717,109.52593579816991,31.855697247684002,0.7947104910962992,0.7356475704242826,18.4985426238103,51.6080616818811,28.183934221005586,114.60066792508958,15.105962330897025,0.2864019912980812,1.3579622609259587,37.603503476703864,14.345185957838497,18.025959217193815,27.282859266576796,109.91712259492246,7.296778238718637,1.2132264084156268,81.67168177229198,24.07293851234394,7.000421152991338,12.022792794058466,3.440368399530577,0.599289979273068,0.19976332642435612,3.0067554128172773,4.164334076602561,3.804487972674945,1.6665045141641897,1.7794918048619746,2.9373537900154867,1.3646732189184947,381.4716590958565,0.4937528140938031,1.6645745671421421,0.3328789675101806
2020-03-02 07:00:00,0.14994093264489855,35.81902849532025,104.07153194314489,35.81902849532023,104.07153194314489,35.81902849532025,104.07153194314489,35.81902849532025,104.07153194314492,35.81902849532023,104.07153194314493,35.81902849532024,104.07153194314492,35.81902849532025,104.07153194314489,35.81902849532023,104.07153194314493,35.81902849532024,104.07153194314489,0.0,35.81902849532024,104.0715319431449,35.81902849532024,104.07153194314493,35.819028495320225,104.0715319431449,35.81902849532023,104.0715319431449,35.81902849532025,104.07153194314492,35.81902849532023,104.0715319431449,35.81902849532025,104.07153194314492,35.81902849532024,104.07153194314492,35.81902849532023,104.07153194314489,35.819028495320225,104.07153194314489,0.0,35.81902849532024,104.07153194314489,35.81902849532024,104.0715319431449,0.0,35.81902849532024,104.07153194314493,0.0,35.81902849532024,104.0715319431449,0.0018174278520529125,35.81902849532025,104.0715319431449,0.0,35.81902849532025,104.0715319431449,0.0,37.04614798808159,-95.59910974836293,1.1101887791060587,0.008789805786147895,0.0002965131250880328,37.04614798808159,-95.59910974836293,0.9988112233321107,0.0,0.0,37.04614798808159,-95.59910974836293,0.0,0.000588470026847596,37.04614798808159,-95.59910974836293,2.0586827810131387,0.0010614235144518341,0.0006850883782106871,37.0461479880816,-95.59910974836296,1.0000425037216476,0.0,0.00014102337707211973,56.0636395305391,-106.22034843992985,0.0,0.00042562877277469227,-25.244352385362664,133.6161072395795,4.058903136158947,-0.0002205908512770173,-25.24435238536266,133.6161072395795,0.0,51.104866420342795,10.439101469747365,0.0,0.0,56.063639530539106,-106.22034843992985,-5.9571415369603746e-05,0.006454684781149071,-25.244352385362657,133.61610723957952,0.0,-25.244352385362664,133.6161072395795,0.0,37.0461479880816,-95.59910974836296,2.0000980308265457,0.0,37.04614798808159,-95.59910974836296,0.9988112233321107,0.0,0.001005059144724746,37.04614798808159,-95.59910974836296,1.20591692487716,0.026433145723657372,37.04614798808159,-95.59910974836293,0.9988112233321107,0.0,37.04614798808159,-95.59910974836295,0.9957909517193322,0.0,0.0,37.04614798808159,-95.59910974836293,0.9988112233321107,0.0,0.0,37.046147988081586,-95.59910974836296,0.0,37.04614798808159,-95.59910974836293,1.9976224466642214,0.0,0.0,56.0636395305391,-106.22034843992985,0.9988112233321107,0.0,56.06363953053909,-106.22034843992986,0.0,37.04614798808159,-95.59910974836295,0.9988112233321107,0.0,0.000518140459946421,0.0,0.0,60.927484623258756,0.0,0.0,0.0,0.0,37.04614798808159,-95.59910974836296,0.0,37.04614798808159,-95.59910974836293,0.9988112233321107,0.0,0.0,37.04614798808159,-95.59910974836293,0.9988112233321107,0.0,0.0,0.0,0.0,0.0,0.0,37.04614798808159,-95.59910974836293,0.999863997906327,0.0,0.0,37.04614798808159,-95.59910974836293,10.98692345665322,0.0,0.0,37.04614798808159,-95.59910974836293,4.994056116660554,0.0,0.0,37.04614798808159,-95.59910974836293,1.9976224466642214,0.0,0.0,37.04614798808159,-95.59910974836293,0.0,0.0,37.04614798808159,-95.59910974836293,0.0,0.0,37.04614798808159,-95.59910974836293,0.0,0.0,37.04614798808159,-95.59910974836295,36.150336913733206,0.0,0.0,2.569949148958516e+38,8.322849042212107e+38,-2.839556321004078e+38,9.919289308767948e+38,-1.1462316752869318e+36,-7.320372922950581e+36,-1.3085446914173267e+37,2.0283442164551235e+38,2.3324637129622748e+37,3.783344124017719e+38,1.1873392471261068e+30,4.6648258523790564e+29,-6.532284449614192,0.15567266271137278,22.0402662264429,8.726865085078905e+47,-2.186519557112026e+50,5.388723494039848e+45,-9.965721550058635e+49,1.2601643282897291e+41,2.1616259456205437e+41,0.667179527971835,0.3453561293216163,175.61012355110245,102.628909823542,2.459601318849047,0.21138827112154981,219.41401377312795,30.38169445775743,1.1153982698808065,1.9076614975933983,136.5708163217659,59.826838398623586,324.0148356414851,1.0310033230171094,39.90679838927204,92.40043278457921,11.476704640618468,146.00211231525807,212.9769093912981,45.33862460170281,6.612249809816181,2.1033746438201324,54.10227850458413,0.754604855376622,41.373929472762825,1.2713915638125277,167.3434525743001,205.98150374062644,1.857886899570758,209.00506651892405,0.38588917690487745,524.1661496605465,1.1407959688092724,67.3187674422144,218.53084984429327,341.82661420371187,20.20204864238437,37.565308176776085,72.22808869856128,4.827101310434313,14.719342532287,38.28341357061561,0.4001114198381738,53.46178864002089,47.64393671714399,2.1402059060943532,72.96103478571015,1.1229551904031942,188.27775690508807,50.18082570006487,279.2850688997136,110.4799247223587,76.6365000477232,0.4992102637809513,144.91304743474666,0.671894565286874,1.9369980479199955,12.138484928680645,0.2632772251415254,0.14010474589506874,0.49940561166605535,2.0568064147722778,1.0012868074944348,0.512622184527884,0.49940561166605535,0.9988112233321107,2.497028058330277,0.9988112233321107,5.49346172832661,0.901618998802512,3.9955866066706283,2.0021867574393184,100.74947115271794,31.326598014738106,1.5055746444422158,4.494650504994499,38.1526387188416,0.20098268038847472,22950.45285633051,760.0921902212918,3606.2936123671134,528.5076268000876,150.6476332135287,6.549861049903823,67.14591315213671,0.9535916684847677,24.887375110613124,28.41615725611047,109.52607351639438,31.872738794227384,0.7948837396233132,0.7334235452419023,18.33064834769799,51.66275689615505,28.181011643940877,114.60395320066806,15.123115303623425,0.2868398085746857,1.3664760965245741,37.54031250453752,14.250420597804727,18.08272659626949,27.281512597318486,109.91742151165461,7.297375785597278,1.2150583449138133,81.64110904295438,24.023988477531592,7.035586275492682,12.022727688256888,3.4403497692550484,0.5992867339992662,0.1997622446664222,2.9950163482778134,4.16376051477315,3.805374111888779,1.6664861359554959,1.7943760639575033,2.9424924602086873,1.3645684771202171,381.804615235543,0.49943936459315663,1.6645643773405308,0.3328765770042097
2020-03-02 08:00:00,0.14945027085092533,35.81884737096387,104.07100568964132,35.818847370963866,104.07100568964134,35.81884737096387,104.07100568964131,35.818847370963866,104.07100568964134,35.818847370963866,104.07100568964135,35.81884737096386,104.07100568964134,35.818847370963866,104.07100568964131,35.81884737096386,104.07100568964135,35.818847370963866,104.07100568964132,0.0,35.818847370963866,104.07100568964131,35.818847370963866,104.07100568964135,35.81884737096385,104.07100568964132,35.81884737096386,104.07100568964131,35.81884737096387,104.07100568964134,35.81884737096385,104.07100568964134,35.818847370963866,104.07100568964132,35.81884737096386,104.07100568964134,35.818847370963866,104.07100568964134,35.81884737096386,104.07100568964132,0.0,35.81884737096386,104.07100568964132,35.81884737096386,104.07100568964134,0.0,35.818847370963866,104.07100568964135,0.0,35.818847370963866,104.07100568964132,0.002301249741490794,35.81884737096387,104.07100568964132,0.0,35.81884737096387,104.07100568964134,0.0,37.045960658609175,-95.59862633694866,1.110024510360161,0.008776096203356287,0.0002959229047287872,37.045960658609175,-95.59862633694866,0.9988061726914996,0.0,0.0,37.045960658609175,-95.59862633694866,0.0,0.0005872644329019336,37.045960658609175,-95.59862633694866,2.0585986974725428,0.0010604060542166484,0.0006840250605366759,37.04596065860918,-95.59862633694868,1.0000323831655167,0.0,0.00014015452862707611,56.06335603623307,-106.2198113206094,0.0,0.00041969680360311873,-25.244224733461706,133.61543158944485,4.055921480743063,-0.0002290449283669574,-25.2442247334617,133.61543158944485,0.0,51.10460800082594,10.439048682845701,0.0,0.0,56.06335603623308,-106.2198113206094,-6.07622226453516e-05,0.006155859209709472,-25.244224733461696,133.61543158944488,0.0,-25.244224733461706,133.61543158944485,0.0,37.04596065860918,-95.59862633694868,1.9998039023694143,0.0,37.045960658609175,-95.59862633694868,0.9988061726914996,0.0,0.0010052958797697178,37.045960658609175,-95.59862633694867,1.1880084623017735,0.024156731278257248,37.045960658609175,-95.59862633694866,0.9988061726914996,0.0,37.045960658609175,-95.59862633694866,0.9957523871039491,0.0,0.0,37.045960658609175,-95.59862633694866,0.9988061726914996,0.0,0.0,37.04596065860917,-95.59862633694868,0.0,37.045960658609175,-95.59862633694866,1.9976123453829993,0.0,0.0,56.06335603623306,-106.21981132060938,0.9988061726914996,0.0,56.06335603623307,-106.21981132060938,0.0,37.045960658609175,-95.59862633694867,0.9988061726914996,0.0,0.000678242053319507,0.0,0.0,60.927176534181484,0.0,0.0,0.0,0.0,37.045960658609175,-95.59862633694868,0.0,37.045960658609175,-95.59862633694866,0.9988061726914996,0.0,0.0,37.045960658609175,-95.59862633694866,0.9988061726914996,0.0,0.0,0.0,0.0,0.0,0.0,37.045960658609175,-95.59862633694866,0.9998594357692007,0.0,0.0,37.045960658609175,-95.59862633694866,10.9868678996065,0.0,0.0,37.045960658609175,-95.59862633694866,4.994030863457498,0.0,0.0,37.045960658609175,-95.59862633694866,1.9976123453829993,0.0,0.0,37.045960658609175,-95.59862633694866,0.0,0.0,37.045960658609175,-95.59862633694866,0.0,0.0,37.045960658609175,-95.59862633694866,0.0,0.0,37.045960658609175,-95.59862633694866,36.16975915914642,0.0,0.0,2.569002424221254e+38,8.319783048833995e+38,-2.8383804872856075e+38,9.915181823825242e+38,-1.144790921174573e+36,-7.311171591648945e+36,-1.3075647343154913e+37,2.026825208099567e+38,2.3320264070286523e+37,3.782634797298003e+38,1.1867995075376963e+30,4.662705320111935e+29,-6.53225592231435,0.1562361185359574,22.03812085833509,8.72365025919099e+47,-2.185614139810615e+50,5.381950146468163e+45,-9.958258312714169e+49,1.259591483942569e+41,2.160010828108062e+41,0.6671732926998897,0.3467750750342701,175.73102497021108,103.09012785360862,2.4781672388464244,0.2106091240273349,219.2859697427234,30.80873454754248,1.1142618255608023,1.913583468704396,137.74336304860992,60.376934509282826,323.9481024709988,1.0302519347433234,40.131866101063984,92.18902898779842,11.399186857502743,145.9444080433954,213.18117257959673,45.59378810647923,6.73012943858559,2.1017946021364273,54.00943823157226,0.7557526179162805,41.39209033836844,1.2776136254997403,168.39081670566407,206.5832827439737,1.853858854806613,208.9284485561077,0.3854005736836724,524.8381651221175,1.143785351113824,67.31052086216862,218.87220770296614,342.11974286526515,19.83873752668278,37.46841051362981,72.17928427432348,4.833359449836656,14.816062369163495,38.35609121847834,0.40513520660412816,53.496048637254205,47.49952048320203,2.1382524623920967,72.80612719094242,1.124668772876928,188.71746629585132,50.038790627123475,279.7001765097698,110.48579106074442,76.50077607743484,0.49988916288448126,145.17848579838193,0.6751955890841032,1.9284347180923778,12.049476752634877,0.2746682043846872,0.14097533126831657,0.4994030863457498,2.0528580764474307,1.0009977296779142,0.5114814519848785,0.4994030863457498,0.9988061726914996,2.497015431728749,0.9988061726914996,5.49343394980325,0.8951052653021776,3.995570165054898,2.002126341113882,100.74896960905853,31.32643960703859,1.5055604476649382,4.4946277771117495,38.15244579423079,0.20108975696610726,23020.74529529164,763.3842725065779,3657.3716095478817,528.1830866027916,150.1222875153772,6.554829760654738,67.0890013522633,0.9519045434174829,24.905560052663787,28.412785269535522,109.52797025933008,31.915317835766935,0.7955218606110364,0.7309470465971282,18.143661704080955,51.71872619334955,28.178838379098185,114.60626137605789,15.136051600685057,0.2871610641991751,1.3729601385665549,37.4700257400344,14.144970183704828,18.146179423044643,27.27992312212309,109.91793319711533,7.298108819346172,1.2172745662660587,81.61513584021213,23.983668845754984,7.065388151287558,12.022666893508793,3.440332372604055,0.5992837036148996,0.1997612345383,2.982390322652372,4.163343115966012,3.8064755532458667,1.666468487694,1.8100542317195392,2.9484199120387062,1.3644954601264718,382.1824869573996,0.5058868557219797,1.6645547866291155,0.33287430696880754
2020-03-02 09:00:00,0.14872914638013168,35.8186789089629,104.07051622637972,35.818678908962895,104.07051622637972,35.8186789089629,104.0705162263797,35.818678908962895,104.07051622637972,35.818678908962895,104.07051622637974,35.81867890896289,104.07051622637972,35.818678908962895,104.07051622637971,35.81867890896288,104.07051622637974,35.818678908962895,104.07051622637971,0.0,35.818678908962895,104.07051622637971,35.818678908962895,104.07051622637974,35.81867890896288,104.07051622637971,35.81867890896288,104.07051622637971,35.8186789089629,104.07051622637974,35.81867890896288,104.07051622637974,35.818678908962895,104.07051622637971,35.81867890896289,104.07051622637972,35.818678908962895,104.07051622637972,35.81867890896289,104.07051622637971,0.0,35.81867890896289,104.07051622637971,35.81867890896289,104.07051622637972,0.0,35.818678908962895,104.07051622637974,0.0,35.818678908962895,104.07051622637971,0.0028719468777455353,35.8186789089629,104.07051622637971,0.0,35.8186789089629,104.07051622637972,0.0,37.045786425290174,-95.5981767206973,1.1098349253732518,0.008760339269896028,0.0002952612133908265,37.045786425290174,-95.5981767206973,0.9988014751398254,0.0,0.0,37.04578642529017,-95.5981767206973,0.0,0.0005859163475137128,37.045786425290174,-95.5981767206973,2.0585014940993327,0.0010591533143258225,0.0006828022222876168,37.045786425290174,-95.59817672069731,1.0000222698661723,0.0,0.00013924064492847402,56.0630923609383,-106.21931175115725,0.0,0.0004135665994420175,-25.244106005671068,133.61480317383078,4.053163868119759,-0.0002375816910589433,-25.24410600567106,133.61480317383078,0.0,51.104367647348525,10.438999586262243,0.0,0.0,56.06309236093831,-106.21931175115725,-6.196333267840821e-05,0.005959148765004654,-25.244106005671057,133.61480317383078,0.0,-25.244106005671068,133.61480317383078,0.0,37.045786425290174,-95.59817672069732,1.999559240173706,0.0,37.045786425290174,-95.59817672069732,0.9988014751398254,0.0,0.0010055929258573951,37.045786425290174,-95.59817672069732,1.1704908819011663,0.021936710852420396,37.045786425290174,-95.5981767206973,0.9988014751398254,0.0,37.04578642529017,-95.5981767206973,0.9957144934070532,0.0,0.0,37.045786425290174,-95.5981767206973,0.9988014751398254,0.0,0.0,37.04578642529017,-95.59817672069731,0.0,37.045786425290174,-95.5981767206973,1.9976029502796508,0.0,0.0,56.06309236093829,-106.21931175115725,0.9988014751398254,0.0,56.0630923609383,-106.21931175115724,0.0,37.045786425290174,-95.59817672069731,0.9988014751398254,0.0,0.0008737280376354188,0.0,0.0,60.926889983529364,0.0,0.0,0.0,0.0,37.045786425290174,-95.59817672069732,0.0,37.045786425290174,-95.5981767206973,0.9988014751398254,0.0,0.0,37.045786425290174,-95.5981767206973,0.9988014751398254,0.0,0.0,0.0,0.0,0.0,0.0,37.045786425290174,-95.5981767206973,0.9998552378628602,0.0,0.0,37.045786425290174,-95.5981767206973,10.986816226538084,0.0,0.0,37.045786425290174,-95.5981767206973,4.994007375699127,0.0,0.0,37.045786425290174,-95.5981767206973,1.9976029502796508,0.0,0.0,37.045786425290174,-95.5981767206973,0.0,0.0,37.045786425290174,-95.5981767206973,0.0,0.0,37.045786425290174,-95.5981767206973,0.0,0.0,37.04578642529017,-95.5981767206973,36.18956041401319,0.0,0.0,2.5675148685854695e+38,8.314965560128607e+38,-2.8366046555116177e+38,9.908978393733158e+38,-1.1430898728824723e+36,-7.300307899668882e+36,-1.3063000687576809e+37,2.0248648798916193e+38,2.331106138290652e+37,3.781142086692004e+38,1.1860079837203429e+30,4.659595576393024e+29,-6.5322334728105345,0.15667625679509967,22.038425278833703,8.71859891514191e+47,-2.184246711077031e+50,5.373953090468233e+45,-9.948626769454114e+49,1.2587514122595736e+41,2.157925461741788e+41,0.6671675439240343,0.3482482802586491,175.83712032561516,103.50813755494141,2.5095017709139174,0.20997457441279654,219.15722693542233,31.232617580546023,1.1130261105094372,1.9195936594911573,138.92829229998375,60.95095936611711,323.82332015337283,1.028834634894179,40.32968766812015,91.97424584987384,11.34302873690109,145.85995102108,213.35735009235933,45.814779431340504,6.853447203752663,2.099703882030356,53.88485241371043,0.7569718787390562,41.40538453239417,1.2843554839351863,169.5157000595474,207.05769812778365,1.8498082524267823,208.84528990483918,0.38494021675262285,525.520323440636,1.1469230683315979,67.25283794862077,219.13567416170605,342.384337159579,19.46924806269043,37.322284580795305,72.13973521793832,4.8387571721854385,14.910068507315897,38.43224781005672,0.4103982841760174,53.5324706465768,47.35487048532006,2.1367852842925075,72.70128686021422,1.1259473610252617,189.04978866298492,49.8841057907012,280.1359569403809,110.48398236649527,76.35478774182275,0.5005522854341424,145.44165863281776,0.6784680886729677,1.9197337432267898,11.977220416653452,0.28746993989986,0.1417396047783399,0.4994007375699127,2.0488877602538644,1.0007577650338801,0.5103690929961229,0.4994007375699127,0.9988014751398254,2.4970036878495634,0.9988014751398254,5.493408113269042,0.8882921052759656,3.9955543861385032,2.0020647555184636,100.74851030053763,31.326292273579064,1.5055451581516501,4.494606638129216,38.152266356928024,0.2012249664288694,23093.176990388572,766.7730720379868,3709.7862919186873,527.8773248420729,149.63147005148198,6.558556781561052,67.04627511523124,0.9506389120458967,24.90605388660947,28.407118060559334,109.53160360093779,31.983125219844332,0.7966189379190889,0.7282827676199624,17.94247158795104,51.77339732209827,28.177444519292536,114.60755018488206,15.144619577769962,0.28736098387674464,1.3773756073683938,37.394536415726996,14.031678863896454,18.213371403627335,27.278048577897454,109.91868590639807,7.298999496012318,1.219939188887747,81.5956452929919,23.955354375059514,7.08856064775951,12.022610348905308,3.4403161921482885,0.5992808850838951,0.19976029502796516,2.969184060051283,4.163073968125667,3.807833162744524,1.6664515059843328,1.8263428123680434,2.9553015755793366,1.3644663503139225,382.6074108281755,0.5131316168392588,1.664545786945605,0.3328721559028894
2020-03-02 10:00:00,0.14777272883124312,35.81852292787502,104.07006302618277,35.818522927875016,104.07006302618277,35.81852292787503,104.07006302618274,35.818522927875016,104.07006302618277,35.818522927875016,104.07006302618278,35.818522927875016,104.07006302618277,35.81852292787503,104.07006302618275,35.818522927875016,104.07006302618278,35.818522927875016,104.07006302618277,0.0,35.818522927875016,104.07006302618274,35.81852292787502,104.07006302618278,35.81852292787501,104.07006302618277,35.818522927875016,104.07006302618275,35.81852292787502,104.07006302618278,35.81852292787501,104.07006302618278,35.81852292787503,104.07006302618277,35.81852292787502,104.07006302618277,35.818522927875016,104.07006302618277,35.818522927875016,104.07006302618275,0.0,35.81852292787502,104.07006302618275,35.81852292787502,104.07006302618278,0.0,35.818522927875016,104.0700630261828,0.0,35.81852292787502,104.07006302618275,0.0035403339539717745,35.81852292787503,104.07006302618275,0.0,35.81852292787503,104.07006302618277,0.0,37.04562510046627,-95.59776041534887,1.1096196004545336,0.0087425018750691,0.0002945269260060659,37.04562510046627,-95.59776041534887,0.9987971256175816,0.0,0.0,37.04562510046626,-95.59776041534887,0.0,0.0005844235355265751,37.04562510046627,-95.59776041534887,2.0583909319496554,0.0010576613342090386,0.000681417281199824,37.04562510046626,-95.59776041534889,1.0000121539376194,0.0,0.00013828115495186522,56.06284822066283,-106.21884919351122,0.0,0.00040723622762905975,-25.243996074114765,133.61422131590106,4.05077704519545,-0.00024618984945243977,-25.243996074114758,133.6142213159011,0.0,51.104145101037396,10.438954127117423,0.0,0.0,56.06284822066284,-106.21884919351123,-6.317460260360118e-05,0.005859071601222933,-25.243996074114754,133.61422131590106,0.0,-25.243996074114765,133.61422131590106,0.0,37.04562510046627,-95.59776041534889,1.999356747549351,0.0,37.04562510046627,-95.59776041534889,0.9987971256175816,0.0,0.001005938969205802,37.04562510046627,-95.59776041534889,1.1536119517691936,0.019802698770914097,37.04562510046627,-95.59776041534887,0.9987971256175816,0.0,37.04562510046626,-95.59776041534889,0.9956773889865815,0.0,0.0,37.04562510046627,-95.59776041534887,0.9987971256175816,0.0,0.0,37.04562510046625,-95.59776041534887,0.0,37.04562510046627,-95.59776041534887,1.9975942512351632,0.0,0.0,56.062848220662815,-106.21884919351122,0.9987971256175816,0.0,56.06284822066282,-106.2188491935112,0.0,37.04562510046627,-95.59776041534887,0.9987971256175816,0.0,0.001111135510697083,0.0,0.0,60.92662466267249,0.0,0.0,0.0,0.0,37.04562510046627,-95.5977604153489,0.0,37.04562510046627,-95.59776041534887,0.9987971256175816,0.0,0.0,37.04562510046627,-95.59776041534887,0.9987971256175816,0.0,0.0,0.0,0.0,0.0,0.0,37.04562510046627,-95.59776041534887,0.9998513988198771,0.0,0.0,37.04562510046627,-95.59776041534887,10.986768381793402,0.0,0.0,37.04562510046627,-95.59776041534887,4.993985628087907,0.0,0.0,37.04562510046627,-95.59776041534887,1.9975942512351632,0.0,0.0,37.04562510046627,-95.59776041534887,0.0,0.0,37.04562510046627,-95.59776041534887,0.0,0.0,37.04562510046627,-95.59776041534887,0.0,0.0,37.04562510046625,-95.59776041534886,36.20939054189427,0.0,0.0,2.5654770000734528e+38,8.308365868457581e+38,-2.8342183413427234e+38,9.900642394039188e+38,-1.1411242410931552e+36,-7.287754453417814e+36,-1.304745837058934e+37,2.0224557020485914e+38,2.329694325434152e+37,3.7788520729845276e+38,1.1849602889202956e+30,4.6554793865167945e+29,-6.53221626417544,0.1569673769851506,22.040744822461434,8.711678854652501e+47,-2.1824091977440127e+50,5.364712160879474e+45,-9.936789924724593e+49,1.257639457426824e+41,2.1553618222031357e+41,0.6671622324950791,0.3497548373482027,175.92343595116205,103.86617924308025,2.553199431866153,0.20948315571774534,219.0365921659499,31.644066273216733,1.1117637454535434,1.925468816842527,140.0836332216671,61.53262972387864,323.64301987544854,1.0267804151277642,40.491505540958485,91.75897380027853,11.308460368066628,145.74817891799202,213.49480693894043,45.98946523233809,6.979164051189934,2.0971032074462417,53.72863075851822,0.7582042012778671,41.41320443273515,1.2913558435772188,170.67812153777155,207.3789601184381,1.8460131902789456,208.76052059011624,0.3845371420423511,526.1872299301016,1.150114566422301,67.14875641849197,219.3012933868511,342.60922862748095,19.098629390192635,37.126004554515,72.10937189453843,4.842968889397633,14.997145461937137,38.509927230637274,0.41576567662885416,53.569295134233315,47.22064217941218,2.1359130079997284,72.65698555752662,1.1266985280234803,189.2526922381404,49.72612683741653,280.5792592929319,110.47587080336054,76.20207802175257,0.5011683226266572,145.6963870059794,0.6816353604884066,1.911012319143655,11.921575780030704,0.30172039972253656,0.14236199243805217,0.4993985628087908,2.044996299533368,1.0005596219317692,0.5092999121942479,0.4993985628087908,0.9987971256175816,2.4969928140439537,0.9987971256175816,5.493384190896701,0.8813315237756256,3.995539419347094,2.0020019706496277,100.74809130491255,31.326155855673754,1.5055287409045675,4.494587065279119,38.152100213670025,0.2013934964693438,23165.429681401703,770.1519442831153,3761.9926636988807,527.6095442285061,149.20842852642875,6.560724399049166,67.01780455245311,0.9497968646856834,24.892011070158315,28.399232672576566,109.53691614540833,32.075328051001044,0.7981596023525551,0.725495447004008,17.73197033750938,51.82418665101092,28.1768067227419,114.60785100804706,15.148972382415696,0.28744322767878555,1.3798081937420124,37.31574860819866,13.913406791239076,18.28117385173353,27.275842526365572,109.91971075115671,7.300072171830682,1.223122686222165,81.58408044535807,23.94161437730456,7.104330529979721,12.022557993544966,3.4403012104605595,0.5992782753705488,0.19975942512351638,2.9556923411464435,4.162950308632882,3.809493723889198,1.666435151086241,1.843015344393282,2.9631824926934103,1.3644875483344203,383.0806475028942,0.521195096238132,1.6645373702367012,0.33287012230955937
2020-03-02 11:00:00,0.1465863498147643,35.81837924631449,104.06964556203744,35.81837924631448,104.06964556203744,35.81837924631449,104.06964556203741,35.81837924631448,104.06964556203742,35.81837924631448,104.06964556203744,35.81837924631448,104.06964556203744,35.81837924631449,104.06964556203741,35.81837924631448,104.06964556203745,35.818379246314485,104.06964556203744,0.0,35.81837924631448,104.06964556203741,35.818379246314485,104.06964556203744,35.81837924631448,104.06964556203742,35.81837924631448,104.06964556203741,35.818379246314485,104.06964556203745,35.81837924631448,104.06964556203744,35.81837924631449,104.06964556203742,35.818379246314485,104.06964556203744,35.81837924631448,104.06964556203744,35.81837924631448,104.06964556203742,0.0,35.818379246314485,104.06964556203742,35.818379246314485,104.06964556203744,0.0,35.81837924631448,104.06964556203745,0.0,35.818379246314485,104.06964556203742,0.004317340854474076,35.81837924631449,104.06964556203742,0.0,35.81837924631449,104.06964556203744,0.0,37.04547649653761,-95.59737693679426,1.1093781108419585,0.008722550826829295,0.0002937189151327171,37.04547649653761,-95.59737693679426,0.9987931190668379,0.0,0.0,37.0454764965376,-95.59737693679426,0.0,0.0005827837571711608,37.04547649653762,-95.59737693679426,2.05826677145446,0.0010559261415949515,0.0006798676486355192,37.04547649653761,-95.59737693679428,1.0000020254932946,0.0,0.0001372754882636362,56.06262333150319,-106.21842310977678,0.0,0.00040070376689453277,-25.24389481095666,133.61368533903044,4.04890562659924,-0.00025485458648500173,-25.24389481095666,133.61368533903047,0.0,51.10394010310007,10.438912252548157,0.0,0.0,56.062623331503204,-106.2184231097768,-6.439588528096016e-05,0.005853586722180837,-25.243894810956657,133.61368533903044,0.0,-25.243894810956668,133.61368533903044,0.0,37.04547649653762,-95.59737693679428,1.9991899576181797,0.0,37.04547649653761,-95.59737693679428,0.9987931190668379,0.0,0.0010063253553459894,37.04547649653761,-95.59737693679429,1.1375726676187912,0.017778674597582273,37.04547649653761,-95.59737693679426,0.9987931190668379,0.0,37.0454764965376,-95.59737693679426,0.9956412278985369,0.0,0.0,37.04547649653761,-95.59737693679426,0.9987931190668379,0.0,0.0,37.0454764965376,-95.59737693679428,0.0,37.04547649653761,-95.59737693679426,1.9975862381336758,0.0,0.0,56.06262333150319,-106.21842310977678,0.9987931190668379,0.0,56.0626233315032,-106.21842310977677,0.0,37.04547649653761,-95.59737693679426,0.9987931190668379,0.0,0.0013978458231269767,0.0,0.0,60.92638026307713,0.0,0.0,0.0,0.0,37.04547649653761,-95.59737693679429,0.0,37.04547649653761,-95.59737693679426,0.9987931190668379,0.0,0.0,37.04547649653761,-95.59737693679426,0.9987931190668379,0.0,0.0,0.0,0.0,0.0,0.0,37.04547649653761,-95.59737693679426,0.9998479132782712,0.0,0.0,37.04547649653761,-95.59737693679426,10.986724309735221,0.0,0.0,37.04547649653761,-95.59737693679426,4.993965595334189,0.0,0.0,37.04547649653761,-95.59737693679426,1.9975862381336758,0.0,0.0,37.04547649653761,-95.59737693679426,0.0,0.0,37.04547649653761,-95.59737693679426,0.0,0.0,37.04547649653761,-95.59737693679426,0.0,0.0,37.0454764965376,-95.59737693679426,36.2288546601428,0.0,0.0,2.562879304085816e+38,8.299953160536343e+38,-2.831211024778065e+38,9.890137075716313e+38,-1.1388897249373063e+36,-7.273483785527675e+36,-1.3028971663870289e+37,2.0195901213083295e+38,2.3277823562910595e+37,3.775750786914086e+38,1.1836520216140912e+30,4.65033945775038e+29,-6.532203643625204,0.15709329482322998,22.044520305593196,8.702857768669033e+47,-2.1800934991842013e+50,5.3542071382331224e+45,-9.922710667611816e+49,1.2562509479547969e+41,2.1523118601405773e+41,0.6671573259281851,0.3512702105845889,175.9862248824848,104.15166455011459,2.608593217377616,0.20913316178070945,218.93218343194812,32.03435842134744,1.1105510307449888,1.9309974141328814,141.16968130905164,62.106223521549545,323.41428425102913,1.0241704171082486,40.610758484430136,91.54616442765465,11.295655873744485,145.60971104274415,213.58537744330835,46.108600520478554,7.104315275182644,2.0940312396894902,53.54324235955243,0.7593915104775196,41.41533402062646,1.2983538072848695,171.83828396032095,207.53102794181024,1.8427300269646998,208.67931693241553,0.3842170756225648,526.8148236923392,1.1532684100391677,67.00540492854384,219.35750921220216,342.78597598053744,18.73203707708281,36.880776197819124,72.08811193011135,4.84574461291762,15.073241490165195,38.58722133319497,0.421105718183933,53.60477345144987,47.10663098302918,2.1357040852869695,72.67965680379669,1.126862800125772,189.31216287350514,49.57467448256881,281.01736640743565,110.46322187898595,76.04604946020608,0.5017071709195583,145.93689424035617,0.6846256948129177,1.9023901214340695,11.882376356502336,0.31742365383738846,0.14281569559750001,0.49939655953341894,2.041276429201546,1.000396838551341,0.5082858968322101,0.49939655953341894,0.9987931190668379,2.4969827976670946,0.9987931190668379,5.493362154867611,0.8743640539651207,3.995525374808006,2.001937956590657,100.74771102351848,31.32603019468633,1.5055111608460885,4.494569035800772,38.15194717125374,0.20160121740751324,23235.303276264647,773.4197360161743,3812.5285704782377,527.3967583618469,148.88254840787008,6.5611459016229015,67.00361585955511,0.9493791856431069,24.867467348703777,28.389253096847863,109.54381593037743,32.19057312097513,0.8001191406329821,0.7226472574412918,17.516856384484996,51.86861000590867,28.17685150491154,114.60726433682501,15.14954834601222,0.28741937044700905,1.3804597141403208,37.23550359522237,13.79291936322022,18.346481056502313,27.273254760956963,109.9210414213256,7.301353188826166,1.2269012692578192,81.58135029864252,23.94404327983223,7.112473161864179,12.022509766545273,3.440287410119109,0.5992758714401026,0.19975862381336765,2.9421877186318923,4.162974752781409,3.811510145156616,1.6664194052931314,1.8598061157358834,2.97197953575571,1.3645591194723465,383.602330198752,0.5300795878848688,1.6645295284607828,0.33286820469697204
2020-03-02 12:00:00,0.14518487870916502,35.818247682986154,104.06926330719406,35.81824768298615,104.06926330719408,35.818247682986154,104.06926330719405,35.818247682986154,104.06926330719406,35.81824768298614,104.06926330719408,35.818247682986154,104.06926330719406,35.818247682986154,104.06926330719405,35.81824768298614,104.06926330719408,35.81824768298615,104.06926330719406,0.0,35.818247682986154,104.06926330719403,35.81824768298615,104.06926330719406,35.81824768298615,104.06926330719406,35.81824768298615,104.06926330719405,35.818247682986154,104.06926330719408,35.81824768298615,104.06926330719408,35.818247682986154,104.06926330719406,35.81824768298615,104.06926330719406,35.818247682986154,104.06926330719408,35.81824768298615,104.06926330719406,0.0,35.81824768298615,104.06926330719406,35.81824768298615,104.06926330719408,0.0,35.818247682986154,104.06926330719409,0.0,35.818247682986154,104.06926330719405,0.005213638926993025,35.818247682986154,104.06926330719405,0.0,35.818247682986154,104.06926330719406,0.0,37.04534042599812,-95.59702580116628,1.1091100307751773,0.008700452857527935,0.00029283605115617336,37.04534042599812,-95.59702580116628,0.9987894504321921,0.0,0.0,37.04534042599811,-95.59702580116628,0.0,0.0005809947684657282,37.04534042599813,-95.59702580116628,2.0581287724601696,0.001053943753170224,0.000678150730030724,37.04534042599812,-95.5970258011663,0.9999918746479932,0.0,0.00013622307514887019,56.0624174096978,-106.21803296232822,0.0,0.0003939673079304297,-25.243802088424502,133.61319456693178,4.047690441281303,-0.0002635564973208389,-25.243802088424502,133.61319456693178,0.0,51.10375239487339,10.438873909717772,0.0,0.0,56.062417409697815,-106.21803296232822,-6.56270292635295e-05,0.0059441676478566435,-25.243802088424502,133.61319456693178,0.0,-25.24380208842451,133.61319456693178,0.0,37.04534042599812,-95.59702580116631,1.999053204169484,0.0,37.04534042599812,-95.59702580116631,0.9987894504321921,0.0,0.0010067454594346625,37.04534042599812,-95.59702580116631,1.1225262422499385,0.01588283148787175,37.04534042599812,-95.59702580116628,0.9987894504321921,0.0,37.04534042599812,-95.5970258011663,0.9956062103783094,0.0,0.0,37.04534042599812,-95.59702580116628,0.9987894504321921,0.0,0.0,37.04534042599811,-95.5970258011663,0.0,37.04534042599812,-95.59702580116628,1.9975789008643843,0.0,0.0,56.0624174096978,-106.21803296232821,0.9987894504321921,0.0,56.0624174096978,-106.2180329623282,0.0,37.04534042599812,-95.59702580116628,0.9987894504321921,0.0,0.0017420885573745115,0.0,0.0,60.92615647636374,0.0,0.0,0.0,0.0,37.04534042599812,-95.59702580116631,0.0,37.04534042599812,-95.59702580116628,0.9987894504321921,0.0,0.0,37.04534042599812,-95.59702580116628,0.9987894504321921,0.0,0.0,0.0,0.0,0.0,0.0,37.04534042599812,-95.59702580116628,0.9998447758820526,0.0,0.0,37.04534042599812,-95.59702580116628,10.986683954754117,0.0,0.0,37.04534042599812,-95.59702580116628,4.99394725216096,0.0,0.0,37.04534042599812,-95.59702580116628,1.9975789008643843,0.0,0.0,37.04534042599812,-95.59702580116628,0.0,0.0,37.04534042599812,-95.59702580116628,0.0,0.0,37.04534042599812,-95.59702580116628,0.0,0.0,37.04534042599811,-95.59702580116627,36.24752447384503,0.0,0.0,2.559712234910939e+38,8.289696522322526e+38,-2.8275721518301548e+38,9.877425571013565e+38,-1.1363820127225366e+36,-7.25746835950925e+36,-1.3007491695582206e+37,2.0162605621627736e+38,2.3253615891863046e+37,3.771824211357739e+38,1.1820787662114934e+30,4.644158442095256e+29,-6.532195101125539,0.15704844111385008,22.049123190392947,8.692103242488817e+47,-2.1772914885998048e+50,5.3424177521784916e+45,-9.906351777902718e+49,1.2545811974244044e+41,2.1487675024840217e+41,0.6671528065543901,0.352766836831133,176.02318608805805,104.35696761066932,2.6747618205069648,0.20892304414784527,218.85086440242318,32.39556153345217,1.1094621752411713,1.9359909458535476,142.1511359671105,62.65737912755603,323.1482444042806,1.021132169839708,40.68347158237589,91.33870342631104,11.304764646446955,145.44627575593347,213.6239070992896,46.166453220607735,7.226138929860976,2.090564545064073,53.33351123748157,0.7604799292968829,41.41196111417704,1.305105150946637,172.95906637316068,207.50872190232855,1.8401755107153024,208.60670931922127,0.38400088743283184,527.3816622849395,1.1563009064382093,66.83351240700961,219.30259055390113,342.90938814810295,18.37451280326469,36.5898036657455,72.07588518731131,4.8469265429344235,15.134651024398769,38.66235254411274,0.4262957536714197,53.63728334275166,47.02108612563222,2.1361823632782095,72.77126245355446,1.1264174888187022,189.22312670409303,49.439292032958285,281.4386379420166,110.44802018629157,75.88984491835853,0.5021412789233313,146.1579654866556,0.687374356826434,1.8939841544477654,11.859475226373366,0.33454222722133314,0.14308425923494084,0.49939472521609607,2.037811087525648,1.0002637537372914,0.507336140960032,0.49939472521609607,0.9987894504321921,2.49697362608048,0.9987894504321921,5.493341977377058,0.8675147100030847,3.995512332195662,2.001872683518822,100.74736810864772,31.32591513205975,1.5054923828247608,4.494552526944866,38.15180703657266,0.20185468362733103,23300.828856678338,776.4859977109262,3860.0911384937453,527.2527690431976,148.6775789321655,6.559788116314251,67.00371473881829,0.9493860497721296,24.836944984394933,28.377348970576442,109.5521773856204,32.326999014110996,0.8024637545281804,0.7197956268650204,17.301469610699687,51.90439381433767,28.177462359498303,114.60594995833053,15.147029427014864,0.287307777787839,1.379630961415369,37.155518931559556,13.672795571175673,18.406415683776988,27.270232012633706,109.92271370229722,7.302870502882422,1.2313558118829655,81.58777105101139,23.963155106547312,7.113327058267545,12.022465607054166,3.4402747737108843,0.5992736702593151,0.1997578900864385,2.928912684579141,4.163155578732205,3.813941477172667,1.6664042727289696,1.8764169089196276,2.981484431479919,1.36467478631994,384.1712103618191,0.5397639104681664,1.6645222535909683,0.3328664015793876
2020-03-02 13:00:00,0.14359153015546913,35.81812805671866,104.06891573526256,35.818128056718656,104.06891573526258,35.81812805671866,104.06891573526255,35.81812805671866,104.06891573526256,35.81812805671865,104.06891573526258,35.818128056718656,104.06891573526256,35.81812805671866,104.06891573526255,35.81812805671865,104.06891573526258,35.818128056718656,104.06891573526256,0.0,35.81812805671866,104.06891573526254,35.818128056718656,104.06891573526256,35.818128056718656,104.06891573526256,35.818128056718656,104.06891573526255,35.81812805671866,104.06891573526258,35.818128056718656,104.06891573526258,35.81812805671866,104.06891573526256,35.818128056718656,104.06891573526256,35.818128056718656,104.06891573526258,35.81812805671865,104.06891573526255,0.0,35.818128056718656,104.06891573526256,35.818128056718656,104.06891573526258,0.0,35.81812805671866,104.06891573526259,0.0,35.81812805671866,104.06891573526255,0.006239173896214468,35.81812805671866,104.06891573526255,0.0,35.81812805671866,104.06891573526256,0.0,37.04521670146971,-95.59670652492805,1.1088149335696125,0.008676174629749844,0.0002918772024929758,37.04521670146971,-95.59670652492805,0.9987861146616926,0.0,0.0,37.045216701469705,-95.59670652492805,0.0,0.0005790543216228558,37.04521670146972,-95.59670652492805,2.05797669426993,0.001051710175249524,0.0006762639253502754,37.04521670146971,-95.59670652492807,0.9999816915197821,0.0,0.00013512334674061106,56.06223017167877,-106.21767821390681,0.0,0.000387024953963748,-25.24371777883326,133.61274832377956,4.047267366415091,-0.0002722702260173973,-25.243717778833265,133.61274832377956,0.0,51.10358171787076,10.438839045825665,0.0,0.0,56.062230171678785,-106.2176782139068,-6.686787876578884e-05,0.006135908940134209,-25.24371777883326,133.61274832377953,0.0,-25.24371777883327,133.61274832377956,0.0,37.04521670146972,-95.59670652492808,1.9989415737719836,0.0,37.04521670146971,-95.59670652492808,0.9987861146616926,0.0,0.0010071942014834817,37.04521670146971,-95.59670652492808,1.1085795653516073,0.014127734378185632,37.04521670146971,-95.59670652492805,0.9987861146616926,0.0,37.04521670146971,-95.59670652492807,0.9955725962103887,0.0,0.0,37.04521670146971,-95.59670652492805,0.9987861146616926,0.0,0.0,37.045216701469705,-95.59670652492807,0.0,37.04521670146971,-95.59670652492805,1.9975722293233853,0.0,0.0,56.06223017167877,-106.2176782139068,0.9987861146616926,0.0,56.06223017167878,-106.21767821390678,0.0,37.04521670146971,-95.59670652492805,0.9987861146616926,0.0,0.002152909087084361,0.0,0.0,60.925952994363264,0.0,0.0,0.0,0.0,37.04521670146971,-95.59670652492808,0.0,37.04521670146971,-95.59670652492805,0.9987861146616926,0.0,0.0,37.04521670146971,-95.59670652492805,0.9987861146616926,0.0,0.0,0.0,0.0,0.0,0.0,37.04521670146971,-95.59670652492805,0.9998419812818524,0.0,0.0,37.04521670146971,-95.59670652492805,10.986647261278621,0.0,0.0,37.04521670146971,-95.59670652492805,4.993930573308463,0.0,0.0,37.04521670146971,-95.59670652492805,1.9975722293233853,0.0,0.0,37.04521670146971,-95.59670652492805,0.0,0.0,37.04521670146971,-95.59670652492805,0.0,0.0,37.04521670146971,-95.59670652492805,0.0,0.0,37.045216701469705,-95.59670652492805,36.264953175524845,0.0,0.0,2.55596621726056e+38,8.277564943989098e+38,-2.8232911362286884e+38,9.862470899407928e+38,-1.1335967826737275e+36,-7.239680574480193e+36,-1.298296945846328e+37,2.0124594281120303e+38,2.322423354308757e+37,3.767058283554804e+38,1.1802360937705321e+30,4.636918939096544e+29,-6.532190236937584,0.15683824997085116,22.053916521576728,8.679382760974862e+47,-2.173995014334547e+50,5.3293236849633315e+45,-9.887675932246508e+49,1.25262550524591e+41,2.144720653781088e+41,0.6671486706254212,0.35421500859306754,176.03359710391376,104.47988218782055,2.750542167677749,0.20885170157784608,218.7977639673299,32.7207038507855,1.1085636729195216,1.9402943449175276,142.999073794523,63.17380849321792,322.85924124584056,1.0178299797571742,40.70849162969821,91.13930322802385,11.335924415954644,145.260571805731,213.60859770556988,46.161200305643625,7.342189024610709,2.0868142346878225,53.10640493147894,0.7614233521702181,41.40365919963871,1.3113972415986235,174.00830440021085,207.31810955849656,1.838511595725975,208.54720004344242,0.3839033604935899,527.8701066007865,1.1591402323171622,66.64661035731078,219.1452172165513,342.97782877701,18.030798354067226,36.258037683231755,72.07265180074931,4.846459634884778,15.178186869381369,38.7337468211507,0.43122717321997267,53.66543653474684,46.970127727149716,2.13732555129042,72.92914760479358,1.125378140790025,188.98979484960313,49.32852209809969,281.8330843213567,110.43227690891482,75.73625653654311,0.5024469163982259,146.3550630329577,0.6898250181279924,1.8859043983983819,11.852778350641858,0.3529898463539305,0.1431625207720338,0.4993930573308463,2.034672455302151,1.0001554591102904,0.5064569245199392,0.4993930573308463,0.9987861146616926,2.4969652866542313,0.9987861146616926,5.493323630639311,0.8608902791064934,3.9955003476676323,2.0018061217126353,100.74706140662838,31.325810509345203,1.5054723716212834,4.494537515977618,38.15167961665212,0.20216110629893425,23360.370766164324,779.2756914639745,3903.605730260768,527.187352242861,148.61022092525027,6.556780824443815,67.01809799354523,0.9498173672773803,24.805017143575085,28.363733300886373,109.56184300894654,32.48225944703264,0.8051510138577136,0.7169915750358832,17.089665647895664,51.929579822219424,28.17849015123545,114.60411263152794,15.14228090171796,0.2871319656269458,1.3776970292349622,37.07734260865986,13.555359013313387,18.45852005410974,27.266719013144424,109.92476474753711,7.304653123455465,1.2365702320228966,81.60304569190745,23.998347737994397,7.107765624623589,12.022425454261114,3.440263283834719,0.5992716687970154,0.19975722293233858,2.9160744341054063,4.1635070807135115,3.816852670365131,1.666389780575491,1.8925268625998877,2.9913776101026426,1.364822468337491,384.7844164200553,0.5501993087774627,1.6645155376186682,0.3328647114784874
2020-03-02 14:00:00,0.14183623552174796,35.81802018649748,104.06860232030853,35.81802018649747,104.06860232030853,35.81802018649748,104.06860232030851,35.81802018649747,104.06860232030851,35.81802018649746,104.06860232030853,35.81802018649747,104.06860232030853,35.81802018649748,104.0686023203085,35.81802018649746,104.06860232030854,35.81802018649746,104.06860232030853,0.0,35.81802018649748,104.0686023203085,35.81802018649747,104.06860232030851,35.81802018649747,104.06860232030851,35.81802018649747,104.0686023203085,35.81802018649748,104.06860232030854,35.81802018649747,104.06860232030853,35.81802018649748,104.06860232030851,35.81802018649747,104.06860232030851,35.81802018649747,104.06860232030854,35.81802018649746,104.06860232030851,0.0,35.81802018649747,104.06860232030851,35.81802018649747,104.06860232030854,0.0,35.81802018649747,104.06860232030854,0.0,35.81802018649748,104.06860232030851,0.0074026055515837375,35.81802018649748,104.06860232030851,0.0,35.81802018649748,104.06860232030851,0.0,37.045105135736485,-95.59641862496127,1.1084923916920961,0.008649682742274595,0.000290841235799086,37.045105135736485,-95.59641862496127,0.9987831067077613,0.0,0.0,37.04510513573648,-95.59641862496127,0.0,0.0005769601654647596,37.04510513573649,-95.59641862496127,2.057810295685699,0.0010492214044600014,0.0006742046295525397,37.045105135736485,-95.5964186249613,0.9999714662319324,0.0,0.0001339757351517491,56.06206133412369,-106.21735832771887,0.0,0.0003798748213406783,-25.243641754608433,133.61234593433326,4.047766475276666,-0.00028096271967886083,-25.243641754608433,133.61234593433332,0.0,51.10342781382936,10.438807608116944,0.0,0.0,56.0620613341237,-106.21735832771887,-6.811827363177808e-05,0.006437669064902174,-25.243641754608433,133.61234593433326,0.0,-25.24364175460844,133.61234593433326,0.0,37.04510513573649,-95.5964186249613,1.9988508459449346,0.0,37.045105135736485,-95.5964186249613,0.9987831067077613,0.0,0.0010076676743520632,37.045105135736485,-95.5964186249613,1.0957965947817865,0.012520721227688842,37.045105135736485,-95.59641862496127,0.9987831067077613,0.0,37.04510513573648,-95.59641862496129,0.9955407217116001,0.0,0.0,37.045105135736485,-95.59641862496127,0.9987831067077613,0.0,0.0,37.04510513573648,-95.5964186249613,0.0,37.045105135736485,-95.59641862496127,1.9975662134155225,0.0,0.0,56.06206133412369,-106.21735832771886,0.9987831067077613,0.0,56.06206133412369,-106.21735832771884,0.0,37.045105135736485,-95.59641862496129,0.9987831067077613,0.0,0.0026400890736358353,0.0,0.0,60.92576950917345,0.0,0.0,0.0,0.0,37.045105135736485,-95.5964186249613,0.0,37.045105135736485,-95.59641862496127,0.9987831067077613,0.0,0.0,37.045105135736485,-95.59641862496127,0.9987831067077613,0.0,0.0,0.0,0.0,0.0,0.0,37.045105135736485,-95.59641862496127,0.9998395241356371,0.0,0.0,37.045105135736485,-95.59641862496127,10.986614173785377,0.0,0.0,37.045105135736485,-95.59641862496127,4.9939155335388055,0.0,0.0,37.045105135736485,-95.59641862496127,1.9975662134155225,0.0,0.0,37.045105135736485,-95.59641862496127,0.0,0.0,37.045105135736485,-95.59641862496127,0.0,0.0,37.045105135736485,-95.59641862496127,0.0,0.0,37.04510513573648,-95.59641862496127,36.28069335065858,0.0,0.0,2.551631647839495e+38,8.263527325007747e+38,-2.8183573611620208e+38,9.845235973687754e+38,-1.1305297036895613e+36,-7.220092769996764e+36,-1.2955355818096205e+37,2.0081791029461246e+38,2.318958955112535e+37,3.761438897379827e+38,1.1781195627283562e+30,4.6286034987143815e+29,-6.532188736274561,0.156478805690792,22.0583164258421,8.664663713885992e+47,-2.170195901214703e+50,5.314904574990694e+45,-9.866645710452256e+49,1.2503791574346002e+41,2.1401631975629144e+41,0.6671449283273232,0.35558402368374875,176.01834836187038,104.52370206146581,2.8345485226283147,0.20891865222615233,218.77590842067445,33.003879853094894,1.1079092439544787,1.9437947615850453,143.6926118802233,63.645865822785375,322.5637233499749,1.0144523031475277,40.68754683174533,90.95042104141508,11.389255113280726,145.05607896189184,213.54112823834282,46.09506329263936,7.450424068874918,2.082919585198349,52.870635352563106,0.7621864910027744,41.39134025423256,1.317061416807936,174.96067522688756,206.9761342044211,1.8378338173492694,208.50441953704726,0.38393233588799236,528.2673193959795,1.161729731275344,66.4599944469098,218.90417445753067,342.99327432544743,17.70519380920905,35.89183276676353,72.07841263841432,4.844395300022456,15.201330365378167,38.80009096768612,0.43580936740216564,53.68817044416119,46.9573007345737,2.139066655781608,73.14619280619515,1.1237974975318918,188.62540351529861,49.24925608650143,282.19282533759826,110.4178355492311,75.58766455120958,0.5026052792379043,146.52439571752487,0.6919306184703827,1.8782504865893443,11.862264159923456,0.3726251605630304,0.14305685564336157,0.49939155335388064,2.0319216323335385,1.000067739237173,0.505651913967725,0.49939155335388064,0.9987831067077613,2.4969577667694027,0.9987831067077613,5.493307086892688,0.8545779151588795,3.9954894592820818,2.001738241559218,100.74678991339273,31.32571616823103,1.5054510919546056,4.494523980184927,38.15156471868447,0.2025282888060425,23412.709667812873,781.7330185704556,3942.281808666533,527.2056925995311,148.68914640393274,6.552412247059352,67.04675265601554,0.9506727577795286,24.775868598369733,28.348658986406917,109.57262592738482,32.65356046251803,0.8081305488121847,0.7142785956399748,16.884731400553466,51.942616276261106,28.179765950556703,114.60198439768763,15.13627707049867,0.28691857432908535,1.3750770296300634,37.0023231452801,13.442632844909754,18.50091909060078,27.262659970036186,109.92723206946444,7.306730336301536,1.2426292458369044,81.62628302613719,24.047939039990897,7.097128019610894,12.022389247408237,3.4402529231045107,0.5992698640246567,0.19975662134155228,2.9038421529417646,4.164049995032813,3.820313996018455,1.6663759818137984,1.9078052731469735,3.0012520408617642,1.3649853259297768,385.4372449586458,0.5613059059142746,1.6645093725578675,0.33286313292505276
2020-03-02 15:00:00,0.1399537373877695,35.81792389149708,104.0683225369467,35.81792389149708,104.06832253694671,35.81792389149708,104.06832253694668,35.81792389149708,104.0683225369467,35.817923891497074,104.06832253694671,35.81792389149708,104.0683225369467,35.81792389149708,104.06832253694668,35.817923891497074,104.06832253694671,35.817923891497074,104.0683225369467,0.0,35.81792389149708,104.06832253694668,35.817923891497074,104.06832253694668,35.817923891497074,104.0683225369467,35.817923891497074,104.06832253694668,35.81792389149709,104.06832253694671,35.817923891497074,104.06832253694671,35.81792389149708,104.0683225369467,35.817923891497074,104.0683225369467,35.81792389149708,104.06832253694671,35.817923891497074,104.06832253694668,0.0,35.817923891497074,104.0683225369467,35.817923891497074,104.06832253694671,0.0,35.81792389149708,104.06832253694672,0.0,35.81792389149708,104.06832253694668,0.008710661316302826,35.81792389149708,104.0683225369467,0.0,35.81792389149708,104.06832253694671,0.0,37.045005541778046,-95.59616161865213,1.1081419768376928,0.008620943736132841,0.0002897270161814035,37.045005541778046,-95.59616161865213,0.9987804215280904,0.0,0.0,37.045005541778046,-95.59616161865213,0.0,0.0005747100458450387,37.04500554177805,-95.59616161865213,2.0576293350509522,0.001046473428437297,0.00067197023306159,37.045005541778046,-95.59616161865215,0.9999611889148403,0.0,0.00013277967360846629,56.061910614005996,-106.21707276753132,0.0,0.0003725150401157999,-25.243573888308728,133.61198672405763,4.049311282285689,-0.0002895910016391147,-25.24357388830873,133.61198672405766,0.0,51.10329042475605,10.438779543891798,0.0,0.0,56.061910614006,-106.21707276753132,-6.93780493037522e-05,0.0068622480219098225,-25.243573888308728,133.61198672405763,0.0,-25.243573888308738,133.61198672405763,0.0,37.04500554177805,-95.59616161865215,1.9987774268549838,0.0,37.045005541778046,-95.59616161865216,0.9987804215280904,0.0,0.00100816285915458,37.045005541778046,-95.59616161865216,1.0842031178897205,0.011064477479164687,37.045005541778046,-95.59616161865213,0.9987804215280904,0.0,37.045005541778046,-95.59616161865215,0.9955110212101584,0.0,0.0,37.045005541778046,-95.59616161865213,0.9987804215280904,0.0,0.0,37.045005541778046,-95.59616161865215,0.0,37.045005541778046,-95.59616161865213,1.9975608430561809,0.0,0.0,56.061910614005996,-106.2170727675313,0.9987804215280904,0.0,56.061910614005996,-106.21707276753129,0.0,37.045005541778046,-95.59616161865213,0.9987804215280904,0.0,0.0032140085500412174,0.0,0.0,60.92560571321353,0.0,0.0,0.0,0.0,37.045005541778046,-95.59616161865216,0.0,37.045005541778046,-95.59616161865213,0.9987804215280904,0.0,0.0,37.045005541778046,-95.59616161865213,0.9987804215280904,0.0,0.0,0.0,0.0,0.0,0.0,37.045005541778046,-95.59616161865213,0.9998373991094597,0.0,0.0,37.045005541778046,-95.59616161865213,10.986584636808997,0.0,0.0,37.045005541778046,-95.59616161865213,4.9939021076404515,0.0,0.0,37.045005541778046,-95.59616161865213,1.9975608430561809,0.0,0.0,37.045005541778046,-95.59616161865213,0.0,0.0,37.045005541778046,-95.59616161865213,0.0,0.0,37.045005541778046,-95.59616161865213,0.0,0.0,37.04500554177804,-95.59616161865213,36.294316960687674,0.0,0.0,2.5466988969427333e+38,8.24755247932127e+38,-2.8127601810490703e+38,9.825683606142554e+38,-1.127176436111313e+36,-7.198677230963558e+36,-1.2924601521316575e+37,2.003411952048397e+38,2.314959669743309e+37,3.75495190565608e+38,1.1757247196447896e+30,4.6191946242451375e+29,-6.53219034958662,0.15599577774866244,22.061849028532247,8.64791340130033e+47,-2.16588595191343e+50,5.299140020433097e+45,-9.843223601892725e+49,1.247837427399934e+41,2.1350869977329305e+41,0.6671416047037473,0.3568435584920872,175.97987517904394,104.49691197612987,2.9251991664970016,0.20912408299621282,218.78598624528416,33.240296729749645,1.1075356994406191,1.946427987626187,144.2201238304699,64.06691978476324,322.278973454568,1.0111971551845036,40.62512346558786,90.77420491464795,11.464833405149058,144.8368364425456,213.42654173811445,45.97417158811825,7.54926283845767,2.0790392075001525,52.6361071701829,0.7627471527492805,41.37618237267678,1.3219817768075655,175.7990244505006,206.5095153652191,1.8381638572280845,208.48084543259887,0.38408827278882246,528.5659959836216,1.164030086252808,66.28952992404588,218.60718693997404,342.9611175199492,17.401464427630252,35.49854678226425,72.09321180803609,4.840887942361982,15.20234838324872,38.86036912571187,0.4399722455454189,53.70481675064207,46.9832902046916,2.1412983080791665,73.41125685931083,1.1217620576583611,188.15137170453409,49.206202712784744,282.5123922867604,110.40619213298694,75.446005107049,0.5026033492175023,146.66294643626307,0.6936537072546193,1.8711095188187596,11.887988752281558,0.3932470983601061,0.14278469077532352,0.4993902107640452,2.029608812262815,0.999997005326893,0.5049224495036275,0.4993902107640452,0.9987804215280904,2.4969510538202258,0.9987804215280904,5.493292318404499,0.8486449085939244,3.9954796912131014,2.00166901356166,100.746552739929,31.325631950570894,1.5054285084880696,4.494511896876408,38.15146215006341,0.2029645157490692,23457.099102312193,783.8240206702926,3975.6505466273948,527.3080924264287,148.9144960530539,6.547111076958456,67.08964260783338,0.9519511524179317,24.7528894477864,28.33241395292967,109.58431347878836,32.837713563089025,0.8113450181149916,0.711692068169784,16.689340603132095,51.94242886971369,28.181115291026483,114.5998049298767,15.130018842453872,0.28669511824163774,1.372200570008879,36.931595119033915,13.336317930257653,18.532441983448557,27.258000497589663,109.93015221837629,7.30913068594482,1.249615427728184,81.65605512400717,24.109273160457587,7.083114489025956,12.022356925801088,3.440243674152311,0.5992682529168541,0.19975608430561814,2.8923465866496842,4.164811995632403,3.824400048670139,1.6663629596407765,1.9219268587438574,3.0106453826479256,1.365143226229244,386.12300627402533,0.5729700793590445,1.6645037504503517,0.3328616644611303
2020-03-02 16:00:00,0.1379815740329842,35.81783899111261,104.06807586043297,35.81783899111261,104.06807586043297,35.81783899111261,104.06807586043294,35.81783899111261,104.06807586043296,35.8178389911126,104.06807586043297,35.81783899111261,104.06807586043297,35.81783899111261,104.06807586043294,35.8178389911126,104.06807586043297,35.8178389911126,104.06807586043297,0.0,35.81783899111261,104.06807586043294,35.8178389911126,104.06807586043294,35.8178389911126,104.06807586043296,35.8178389911126,104.06807586043294,35.817838991112616,104.06807586043297,35.8178389911126,104.06807586043297,35.81783899111261,104.06807586043296,35.8178389911126,104.06807586043296,35.81783899111261,104.06807586043298,35.8178389911126,104.06807586043296,0.0,35.8178389911126,104.06807586043296,35.8178389911126,104.06807586043297,0.0,35.81783899111261,104.06807586043298,0.0,35.81783899111261,104.06807586043296,0.010167419585074862,35.81783899111261,104.06807586043296,0.0,35.81783899111261,104.06807586043297,0.0,37.04491773280221,-95.59593502397568,1.107763260007839,0.008589924100768281,0.0002885334074128835,37.04491773280221,-95.59593502397568,0.9987780540865254,0.0,0.0,37.04491773280221,-95.59593502397568,0.0,0.00057230170607756,37.04491773280222,-95.59593502397568,2.0574335702940862,0.001043462226534092,0.0006695581222476363,37.04491773280221,-95.5959350239757,0.9999508497079477,0.0,0.00013153459658557694,56.061777728644465,-106.21682099776535,0.0,0.00036494375464807965,-25.243514052648372,133.6116700192403,4.052017847922473,-0.00029809934298036245,-25.243514052648376,133.61167001924034,0.0,51.10316929297247,10.43875480051473,0.0,0.0,56.06177772864447,-106.21682099776537,-7.064703679110496e-05,0.0074265928523633284,-25.243514052648372,133.6116700192403,0.0,-25.243514052648383,133.6116700192403,0.0,37.04491773280222,-95.59593502397568,1.9987182807721409,0.0,37.04491773280221,-95.5959350239757,0.9987780540865254,0.0,0.00100867740818657,37.04491773280221,-95.5959350239757,1.0737923480825382,0.009757717059070456,37.04491773280221,-95.59593502397568,0.9987780540865254,0.0,37.04491773280221,-95.59593502397568,0.9954840540856443,0.0,0.0,37.04491773280221,-95.59593502397568,0.9987780540865254,0.0,0.0,37.04491773280221,-95.5959350239757,0.0,37.04491773280221,-95.59593502397568,1.9975561081730508,0.0,0.0,56.061777728644465,-106.21682099776535,0.9987780540865254,0.0,56.061777728644465,-106.21682099776532,0.0,37.04491773280221,-95.59593502397568,0.9987780540865254,0.0,0.003885438163672355,0.0,0.0,60.92546129927806,0.0,0.0,0.0,0.0,37.04491773280221,-95.5959350239757,0.0,37.04491773280221,-95.59593502397568,0.9987780540865254,0.0,0.0,37.04491773280221,-95.59593502397568,0.9987780540865254,0.0,0.0,0.0,0.0,0.0,0.0,37.04491773280221,-95.59593502397568,0.9998356008782399,0.0,0.0,37.04491773280221,-95.59593502397568,10.986558594951783,0.0,0.0,37.04491773280221,-95.59593502397568,4.993890270432628,0.0,0.0,37.04491773280221,-95.59593502397568,1.9975561081730508,0.0,0.0,37.04491773280221,-95.59593502397568,0.0,0.0,37.04491773280221,-95.59593502397568,0.0,0.0,37.04491773280221,-95.59593502397568,0.0,0.0,37.044917732802205,-95.59593502397568,36.305436146342124,0.0,0.0,2.5411583100822897e+38,8.229609140612278e+38,-2.80648892334404e+38,9.803776514867058e+38,-1.1235326325051241e+36,-7.175406192629524e+36,-1.289065720477446e+37,1.9981503237225567e+38,2.310416752491388e+37,3.747583122512557e+38,1.1730470999596199e+30,4.608674775296776e+29,-6.532194877280097,0.15542272990988845,22.064198134728915,8.629099039139506e+47,-2.1610569483404718e+50,5.28200958291015e+45,-9.817372012024625e+49,1.2449955767492838e+41,2.129483899980933e+41,0.6671387415351587,0.35796519392710274,175.92199166014953,104.41250877202428,3.0207511205719433,0.20946877394806007,218.82625766525047,33.42627571618866,1.10746001317096,1.9481819392351873,144.5798959979289,64.43349078213117,322.0217657685588,1.0082567262981472,40.52816698899631,90.6124676259209,11.562648705010432,144.60720855057292,213.2729074938066,45.808164285763674,7.6376017984244395,2.075340515167519,52.413260479619986,0.7630975567620077,41.35953801230043,1.3260995966792923,176.51501182911855,205.95300884210278,1.839446682878945,208.47760374877635,0.38436424277706416,528.7647603857786,1.166020148050191,66.15039515455155,218.28900031284851,342.8897290884775,17.122795855419145,35.08611779690573,72.11713104407347,4.836184616204239,15.180368062027487,38.91387488272109,0.44366707120332566,53.71514105928754,47.045813003668364,2.1438797526116407,73.70988761439101,1.1193865231387843,187.5959444637753,49.20151202206111,282.7888431969131,110.39834458841563,75.31276423491539,0.5024344422710745,146.76846677638648,0.6949663769077743,1.864555003048686,11.930076428499838,0.4145925558634991,0.14237331638800074,0.4993890270432627,2.0277737965495692,0.9999402266856151,0.5042678855727979,0.4993890270432627,0.9987780540865254,2.496945135216314,0.9987780540865254,5.493279297475891,0.8431394476036762,3.9954710570189307,2.001598408346424,100.74634908552038,31.32555769841143,1.5054045858356178,4.494501243389365,38.15137171841766,0.20347838634511245,23493.28967756647,785.5376825646082,4003.580128441812,527.4899679538995,149.27787780182945,6.541416746976848,67.1466832495118,0.9536500405505114,24.73833505996474,28.315314818582955,109.59667187611518,33.03120573209371,0.8147313698557898,0.709259147891643,16.505545505143974,51.92846598581417,28.182372738689672,114.59780145253688,15.124449599358023,0.2864876860032014,1.3694735749782099,36.86607859181006,13.237791873103586,18.552692254176097,27.25269003026207,109.93355913122728,7.311880703875786,1.2576055356894997,81.69049010771919,24.17889146208503,7.067654361981117,12.022328428819286,3.440235519631365,0.5992668324519151,0.19975561081730514,2.881681533575183,4.165828247240349,3.829188247303561,1.6663508338035777,1.934588699144972,3.0190780336810654,1.3652745125234487,386.83294749168635,0.5850431547909742,1.6644986633722394,0.33286030464285665
2020-03-02 17:00:00,0.13595811110740308,35.81776530499118,104.06786176675534,35.817765304991184,104.06786176675534,35.817765304991184,104.06786176675533,35.817765304991184,104.06786176675533,35.81776530499118,104.06786176675534,35.81776530499118,104.06786176675534,35.817765304991184,104.06786176675531,35.81776530499117,104.06786176675534,35.81776530499117,104.06786176675534,0.0,35.817765304991184,104.06786176675531,35.81776530499118,104.06786176675531,35.81776530499118,104.06786176675533,35.81776530499118,104.06786176675531,35.81776530499119,104.06786176675534,35.81776530499118,104.06786176675534,35.817765304991184,104.06786176675533,35.81776530499118,104.06786176675533,35.81776530499118,104.06786176675536,35.81776530499118,104.06786176675533,0.0,35.81776530499118,104.06786176675533,35.81776530499118,104.06786176675534,0.0,35.81776530499118,104.06786176675536,0.0,35.817765304991184,104.06786176675533,0.01177354907010997,35.817765304991184,104.06786176675533,0.0,35.817765304991184,104.06786176675534,0.0,37.04484152227742,-95.59573835957956,1.1073558115899835,0.008556590280319548,0.0002872592721517792,37.04484152227742,-95.59573835957956,0.9987759993539385,0.0,0.0,37.04484152227742,-95.59573835957956,0.0,0.0005697328873735912,37.04484152227744,-95.59573835957956,2.057222758972622,0.0010401837705426593,0.0006669656799167586,37.04484152227742,-95.59573835957957,0.9999404387616747,0.0,0.00013023993994426032,56.06166239575232,-106.21660248358947,0.0,0.00035715912420640136,-25.24346212051919,133.61139514710905,4.055993509127874,-0.00030641568553655893,-25.24346212051919,133.61139514710908,0.0,51.103064161159836,10.438733325423673,0.0,0.0,56.061662395752336,-106.21660248358948,-7.192506263923974e-05,0.008152018439498226,-25.243462120519187,133.61139514710905,0.0,-25.243462120519197,133.61139514710905,0.0,37.04484152227744,-95.59573835957957,1.9986708624285157,0.0,37.04484152227742,-95.59573835957958,0.9987759993539385,0.0,0.0010092094798270317,37.04484152227742,-95.59573835957958,1.0645308833227904,0.008595910790274865,37.04484152227742,-95.59573835957956,0.9987759993539385,0.0,37.04484152227742,-95.59573835957957,0.9954605386441997,0.0,0.0,37.04484152227742,-95.59573835957956,0.9987759993539385,0.0,0.0,37.04484152227742,-95.59573835957957,0.0,37.04484152227742,-95.59573835957956,1.997551998707877,0.0,0.0,56.06166239575233,-106.21660248358947,0.9987759993539385,0.0,56.06166239575233,-106.21660248358944,0.0,37.04484152227742,-95.59573835957956,0.9987759993539385,0.0,0.004665250961835483,0.0,0.0,60.92533596059026,0.0,0.0,0.0,0.0,37.04484152227742,-95.59573835957958,0.0,37.04484152227742,-95.59573835957956,0.9987759993539385,0.0,0.0,37.04484152227742,-95.59573835957956,0.9987759993539385,0.0,0.0,0.0,0.0,0.0,0.0,37.04484152227742,-95.59573835957956,0.9998341241265692,0.0,0.0,37.04484152227742,-95.59573835957956,10.986535992893327,0.0,0.0,37.04484152227742,-95.59573835957956,4.993879996769693,0.0,0.0,37.04484152227742,-95.59573835957956,1.997551998707877,0.0,0.0,37.04484152227742,-95.59573835957956,0.0,0.0,37.04484152227742,-95.59573835957956,0.0,0.0,37.04484152227742,-95.59573835957956,0.0,0.0,37.04484152227742,-95.59573835957956,36.31372335702525,0.0,0.0,2.5350002096471523e+38,8.209665967678565e+38,-2.799532890377792e+38,9.779477330194e+38,-1.1195939384599108e+36,-7.150251845683779e+36,-1.2853473403668088e+37,1.992386550546539e+38,2.3053214352746e+37,3.7393183257892516e+38,1.1700822287652701e+30,4.5970263708244704e+29,-6.532202157915339,0.1547989356756718,22.06523986378406,8.608187764805687e+47,-2.155700653060066e+50,5.2634927912397965e+45,-9.789053269040162e+49,1.2418488561080387e+41,2.123345733225701e+41,0.6671364002667639,0.3589239980125102,175.84963860020423,104.28700308838906,3.1193425804196644,0.20995389885414356,218.89261335144516,33.55922715418039,1.1076777971232206,1.9490968200824088,144.78015107005498,64.7451346035426,321.8070571869804,1.005802387089193,40.405629125325966,90.46668591858695,11.682542459995235,144.37165579640777,213.0907856638441,45.609561827199485,7.7147922595090055,2.0719883440346543,52.21236073324728,0.7632445722871541,41.342830063152356,1.3294129299486974,177.10900975178777,205.34716120478964,1.841552400351299,208.4943656082639,0.3847463583843141,528.8681838795151,1.1676963135327403,66.05585897644775,217.98888298733556,342.7898107755797,16.87179331856924,34.662651130593645,72.15027601860415,4.8306086351401065,15.135403482256123,38.960197723264606,0.4468655272013302,53.719350051397015,47.139691556166525,2.1466461063004565,74.02526209494786,1.1168065631134114,186.99242667521247,49.23458029659904,283.0216763508042,110.39468333847311,75.18899382429359,0.5020984031005781,146.839451275668,0.6958499433196137,1.8586468246800736,11.988695667799012,0.4363370919115623,0.14185808258995988,0.49938799967696923,2.026446685157444,0.9998948630745769,0.5036859550721067,0.49938799967696923,0.9987759993539385,2.4969399983848466,0.9987759993539385,5.493267996446663,0.8380921536725856,3.995463562167239,2.0015263966708257,100.7461782170934,31.325493254019662,1.505379288568081,4.494491997092724,38.15129323164436,0.20407858370706497,23521.5174942989,786.8853794287099,4026.266403296511,527.7421327636205,149.7628675020943,6.535940628331554,67.21770540025656,0.95576439617141,24.733079438660543,28.297699149413972,109.60945190955407,33.23028563624955,0.8182223828766291,0.7069990576849201,16.334798924703293,51.900714756778406,28.183395668015617,114.59616975459173,15.12037572005304,0.28631876608710405,1.3672460291344688,36.80649014802032,13.148125500319795,18.562059780901738,27.246684719039514,109.93748214999073,7.315003382268731,1.2666661013735607,81.72739509636588,24.252758698935043,7.052756898393403,12.022303695927036,3.4402284422191207,0.599265599612363,0.19975519987078777,2.871906841530309,4.1671419944425185,3.834756758705646,1.6663397691864494,1.9455277856031241,3.0260940728806855,1.3653579320812195,387.55627568462415,0.5973417988463775,1.6644941034422982,0.3328590520441796
2020-03-02 18:00:00,0.13392075362915837,35.817702653062405,104.06767973272257,35.817702653062405,104.06767973272257,35.817702653062405,104.06767973272255,35.81770265306241,104.06767973272255,35.8177026530624,104.06767973272257,35.817702653062405,104.06767973272257,35.817702653062405,104.06767973272254,35.8177026530624,104.06767973272257,35.8177026530624,104.06767973272257,0.0,35.817702653062405,104.06767973272254,35.817702653062405,104.06767973272254,35.817702653062405,104.06767973272255,35.817702653062405,104.06767973272254,35.81770265306241,104.06767973272257,35.817702653062405,104.06767973272257,35.817702653062405,104.06767973272255,35.817702653062405,104.06767973272255,35.817702653062405,104.06767973272258,35.8177026530624,104.06767973272255,0.0,35.8177026530624,104.06767973272255,35.817702653062405,104.06767973272258,0.0,35.817702653062405,104.06767973272258,0.0,35.81770265306241,104.06767973272255,0.013525541799178573,35.81770265306241,104.06767973272255,0.0,35.81770265306241,104.06767973272257,0.0,37.044776723964276,-95.59557114486529,1.1069192014384017,0.00852090867999683,0.00028590347216408615,37.044776723964276,-95.59557114486529,0.9987742523090785,0.0,0.0,37.044776723964276,-95.59557114486529,0.0,0.0005670013292852633,37.04477672396429,-95.59557114486529,2.0569966583180195,0.0010366340254289279,0.0006641902858080962,37.044776723964276,-95.5955711448653,0.9999299462393413,0.0,0.0001288951410712766,56.06156433348491,-106.21641669100981,0.0,0.00034915932357958493,-25.24341796501207,133.6111614359453,4.061335026457774,-0.00031444713915325384,-25.24341796501207,133.61116143594532,0.0,51.10297477240236,10.438715066138895,0.0,0.0,56.06156433348492,-106.21641669100983,-7.321194889903975e-05,0.009064424887992105,-25.243417965012068,133.6111614359453,0.0,-25.24341796501208,133.6111614359453,0.0,37.04477672396428,-95.5955711448653,1.9986330524958547,0.0,37.044776723964276,-95.59557114486532,0.9987742523090785,0.0,0.0010097576133174919,37.044776723964276,-95.59557114486532,1.056364635552589,0.007572013284607347,37.044776723964276,-95.59557114486529,0.9987742523090785,0.0,37.044776723964276,-95.5955711448653,0.9954413943385128,0.0,0.0,37.044776723964276,-95.59557114486529,0.9987742523090785,0.0,0.0,37.04477672396427,-95.5955711448653,0.0,37.044776723964276,-95.59557114486529,1.997548504618157,0.0,0.0,56.06156433348491,-106.21641669100981,0.9987742523090785,0.0,56.06156433348491,-106.21641669100978,0.0,37.044776723964276,-95.59557114486529,0.9987742523090785,0.0,0.005564045090401341,0.0,0.0,60.925229390853794,0.0,0.0,0.0,0.0,37.044776723964276,-95.59557114486532,0.0,37.044776723964276,-95.59557114486529,0.9987742523090785,0.0,0.0,37.044776723964276,-95.59557114486529,0.9987742523090785,0.0,0.0,0.0,0.0,0.0,0.0,37.044776723964276,-95.59557114486529,0.9998329635495149,0.0,0.0,37.044776723964276,-95.59557114486529,10.986516775399865,0.0,0.0,37.044776723964276,-95.59557114486529,4.993871261545394,0.0,0.0,37.044776723964276,-95.59557114486529,1.997548504618157,0.0,0.0,37.044776723964276,-95.59557114486529,0.0,0.0,37.044776723964276,-95.59557114486529,0.0,0.0,37.044776723964276,-95.59557114486529,0.0,0.0,37.044776723964276,-95.59557114486529,36.318929214990234,0.0,0.0,2.5282148965906096e+38,8.187691549898101e+38,-2.7918813612295018e+38,9.752748601232037e+38,-1.115355993397254e+36,-7.123186341427972e+36,-1.2813000560616259e+37,1.986112950747774e+38,2.2996649291460565e+37,3.730143259482764e+38,1.1668256215921296e+30,4.5842317922159665e+29,-6.5322120591218615,0.15416686360139148,22.065061525109346,8.585146642910872e+47,-2.1498088107321653e+50,5.243569145245758e+45,-9.758229630624255e+49,1.238392505953033e+41,2.1166643110803342e+41,0.6671346661266149,0.35970005070892935,175.76856391253247,104.13917764624792,3.219041769949141,0.2105807064201534,218.97877893361985,33.63761950512311,1.108163284836586,1.9492618503435268,144.83841670581364,65.00407791262475,321.6468084526963,1.0039711821010586,40.26789400369612,90.33802094502052,11.824133593426701,144.1345269892231,212.89253608097636,45.3929559908337,7.780579660623223,2.0691335924826433,52.04279007303559,0.7632088449754605,41.32744363965195,1.3319714132956089,177.58925673562214,204.73572582008612,1.8442827142478244,208.5293466133093,0.38521461645748634,528.886412952224,1.169070484150485,66.01618171610927,217.74776550773632,342.67358933717475,16.65051759683562,34.23604447744961,72.19275484569788,4.824538410631995,15.068332609342852,38.99918527959099,0.4495571106228763,53.71806518608829,47.25710584458841,2.149419346845539,74.33930152525829,1.1141704303800624,186.37713715500786,49.30204931903047,283.212546363143,110.39493167376939,75.07534469695331,0.5016014342330326,146.8751049509612,0.6962945427196262,1.8534320757741274,12.06402105203242,0.45809920703551976,0.14128011328582607,0.49938712615453923,2.02564859279882,0.9998588001867759,0.503173132796843,0.49938712615453923,0.9987742523090785,2.496935630772697,0.9987742523090785,5.493258387699933,0.8335181667617328,3.995457205979946,2.0014529494305076,100.74603945333692,31.32543845990966,1.5053525812195145,4.494484135390854,38.15122649794152,0.20477357308165967,23542.4565132226,787.8986549077829,4044.1987025545523,528.0513555824106,150.3459902864866,6.531321551003405,67.3024102768266,0.9582853390300401,24.73648137875097,28.27991654126361,109.62239551281738,33.43106332358961,0.8217484417621892,0.7049236923443056,16.17799991415319,51.85968695773828,28.184076230819848,114.5950576931219,15.118397630565227,0.28620535757378873,1.3657840052754797,36.75336284981115,13.068112751498061,18.561673103572556,27.239950775609678,109.94194373360767,7.318516411709167,1.2768483383137175,81.76440209890345,24.326531267583235,7.040356200267043,12.022282666683349,3.4402224246201585,0.599264551385447,0.19975485046181576,2.8630524733229543,4.168805154089341,3.8411817807032915,1.666329987085147,1.954537910403256,3.0313017168642853,1.3653745609031007,388.28030018869197,0.6096504369461294,1.6644900628326331,0.33285790526177716
2020-03-02 19:00:00,0.13190443809068403,35.817650855568544,104.06752923605184,35.817650855568544,104.06752923605185,35.817650855568544,104.06752923605183,35.817650855568544,104.06752923605184,35.81765085556854,104.06752923605185,35.817650855568544,104.06752923605184,35.817650855568544,104.06752923605183,35.81765085556854,104.06752923605185,35.81765085556854,104.06752923605184,0.0,35.817650855568544,104.06752923605181,35.817650855568544,104.06752923605181,35.817650855568544,104.06752923605184,35.817650855568544,104.06752923605183,35.81765085556855,104.06752923605185,35.817650855568544,104.06752923605185,35.817650855568544,104.06752923605184,35.817650855568544,104.06752923605184,35.817650855568544,104.06752923605185,35.81765085556854,104.06752923605184,0.0,35.81765085556854,104.06752923605184,35.81765085556854,104.06752923605185,0.0,35.817650855568544,104.06752923605187,0.0,35.817650855568544,104.06752923605183,0.015414989014258649,35.817650855568544,104.06752923605184,0.0,35.817650855568544,104.06752923605185,0.0,37.044723151946734,-95.59543290006894,1.1064529989565242,0.008482845672579009,0.00028446486855015097,37.044723151946734,-95.59543290006894,0.9987728079394129,0.0,0.0,37.044723151946734,-95.59543290006894,0.0,0.000564104770157307,37.04472315194675,-95.59543290006894,2.056755025281303,0.0010328089500806527,0.0006612293171004077,37.04472315194674,-95.59543290006894,0.9999193623190983,0.0,0.0001274996390205809,56.06148326048694,-106.21626308695974,0.0,0.0003409425436958803,-25.243381459438282,133.61096821519686,4.068125986613858,-0.00032207434119291625,-25.243381459438286,133.6109682151969,0.0,51.102900870230364,10.438699970271783,0.0,0.0,56.06148326048695,-106.21626308695976,-7.450751309631817e-05,0.010194486209222774,-25.243381459438282,133.61096821519686,0.0,-25.243381459438293,133.61096821519686,0.0,37.04472315194674,-95.59543290006893,1.9986030976351048,0.0,37.044723151946734,-95.59543290006896,0.9987728079394129,0.0,0.0010103206340404231,37.044723151946734,-95.59543290006894,1.049224430932673,0.006677150679466134,37.044723151946734,-95.59543290006894,0.9987728079394129,0.0,37.044723151946734,-95.59543290006894,0.9954277941012145,0.0,0.0,37.044723151946734,-95.59543290006894,0.9987728079394129,0.0,0.0,37.04472315194673,-95.59543290006894,0.0,37.044723151946734,-95.59543290006894,1.9975456158788258,0.0,0.0,56.06148326048694,-106.21626308695974,0.9987728079394129,0.0,56.061483260486945,-106.21626308695971,0.0,37.044723151946734,-95.59543290006894,0.9987728079394129,0.0,0.006591672211158437,0.0,0.0,60.92514128430419,0.0,0.0,0.0,0.0,37.044723151946734,-95.59543290006894,0.0,37.044723151946734,-95.59543290006894,0.9987728079394129,0.0,0.0,37.044723151946734,-95.59543290006894,0.9987728079394129,0.0,0.0,0.0,0.0,0.0,0.0,37.044723151946734,-95.59543290006894,0.999832113853433,0.0,0.0,37.044723151946734,-95.59543290006894,10.986500887333543,0.0,0.0,37.044723151946734,-95.59543290006894,4.993864039697065,0.0,0.0,37.044723151946734,-95.59543290006894,1.9975456158788258,0.0,0.0,37.044723151946734,-95.59543290006894,0.0,0.0,37.044723151946734,-95.59543290006894,0.0,0.0,37.044723151946734,-95.59543290006894,0.0,0.0,37.044723151946734,-95.59543290006894,36.320896599819406,0.0,0.0,2.5207926521510297e+38,8.163654412801413e+38,-2.7835235936354e+38,9.723552802533464e+38,-1.1108144313970723e+36,-7.094181797049341e+36,-1.276918903470538e+37,1.9793218296054553e+38,2.293438425831955e+37,3.720043636240749e+38,1.1632727852093886e+30,4.5702733864380196e+29,-6.532224470627997,0.1535695105927455,22.06396328672949,8.559942671120613e+47,-2.143373149582184e+50,5.222218119639254e+45,-9.724863290844274e+49,1.2346217574625589e+41,2.109431433346612e+41,0.6671336536271042,0.3602797884557163,175.6849584824547,103.9886960012532,3.3178999419062962,0.211350090747482,219.0766542452049,33.66095988012429,1.1088708320261131,1.9488087364647655,144.78027215616441,65.21463656616339,321.5490181200124,1.0028547617146204,40.12612430677662,90.22735477675631,11.986734151026875,143.89988389914598,212.69152289274555,45.17407828148778,7.835011780987997,2.066902700619864,51.9123910565145,0.7630228761186701,41.314621493524896,1.3338667449510722,177.97034065767733,204.162922621795,1.8473816451959846,208.57940955191805,0.3857441168600048,528.8344265435769,1.1701667803226403,66.03771819272332,217.60525720181718,342.55391280960356,16.460548828523148,33.81367197675428,72.24464931998,4.818383101525215,14.980827285371587,39.03088562250395,0.45174515040868146,53.71226487101896,47.38801037885612,2.152020348309687,74.63389238100802,1.1116300101656935,185.7872237827856,49.398001253685536,283.3648072272425,110.39814048188387,74.97211171332046,0.5009555801713755,146.87531624760285,0.6962987958523913,1.848946535756168,12.156182129166083,0.4794486009767051,0.14068370121685375,0.49938640396970646,2.0253922623277747,0.9998302896956914,0.5027249793094395,0.49938640396970646,0.9987728079394129,2.4969320198485323,0.9987728079394129,5.4932504436667715,0.8294195671304505,3.995451983126422,2.001378037667,100.74593215253434,31.32539315886894,1.5053244282936167,4.494477635727359,38.15117132584018,0.2055712248811387,23557.13793064377,788.6254724310204,4058.102966600886,528.4011663201031,150.99813772063817,6.528179383178171,67.40031811515385,0.9611986066926803,24.74637375280023,28.26231894299934,109.6352428880012,33.62961870897891,0.8252394628233289,0.7030384427370129,16.035556039596045,51.806376439276015,28.184350664948365,114.5945523635753,15.118856331779513,0.28615750082771646,1.3652479690905857,36.70707227954765,12.99830972768213,18.55329543063258,27.23246818454986,109.94695691813075,7.322430224986533,1.288182489806343,81.79912779196287,24.39585090594997,7.032161463971427,12.02226528075219,3.440217449569088,0.5992636847636476,0.19975456158788263,2.8551232288587443,4.1708788663257845,3.848534147755326,1.6663217797167802,1.9614845336820288,3.0344098302601408,1.365309561108517,388.99070724174555,0.6217259192081113,1.6644865337826031,0.332856862921595
2020-03-02 20:00:00,0.1299404670505651,35.817609733093995,104.06740975545443,35.817609733093995,104.06740975545445,35.817609733093995,104.06740975545443,35.817609733094,104.06740975545443,35.81760973309399,104.06740975545445,35.817609733093995,104.06740975545443,35.817609733093995,104.06740975545442,35.81760973309399,104.06740975545445,35.81760973309399,104.06740975545443,0.0,35.817609733093995,104.0674097554544,35.817609733093995,104.0674097554544,35.817609733093995,104.06740975545443,35.817609733093995,104.06740975545442,35.817609733094,104.06740975545445,35.817609733093995,104.06740975545445,35.817609733093995,104.06740975545443,35.817609733093995,104.06740975545442,35.81760973309399,104.06740975545446,35.81760973309399,104.06740975545442,0.0,35.81760973309399,104.06740975545443,35.81760973309399,104.06740975545445,0.0,35.817609733093995,104.06740975545445,0.0,35.817609733093995,104.06740975545443,0.01742795982027789,35.817609733093995,104.06740975545443,0.0,35.817609733093995,104.06740975545443,0.0,37.044680620662625,-95.59532314633965,1.1059567731805178,0.008442367605011741,0.0002829423219746748,37.044680620662625,-95.59532314633965,0.9987716612419498,0.0,0.0,37.044680620662625,-95.59532314633965,0.0,0.0005610409475855851,37.04468062066263,-95.59532314633965,2.056497616579341,0.0010287044980677312,0.0006580801489264876,37.044680620662625,-95.59532314633965,0.9999086771958553,0.0,0.00012605287465658217,56.061418895938644,-106.21614113938722,0.0,0.0003325069922477872,-25.243352477350214,133.61081481558776,4.07643336660458,-0.00032914442719275336,-25.243352477350214,133.6108148155878,0.0,51.102842198662294,10.438687985533432,0.0,0.0,56.06141889593865,-106.21614113938723,-7.581156820178538e-05,0.011577778153872016,-25.243352477350214,133.61081481558776,0.0,-25.24335247735022,133.61081481558776,0.0,37.044680620662625,-95.59532314633964,1.9985795559644144,0.0,37.044680620662625,-95.59532314633967,0.9987716612419498,0.0,0.0010108975820531938,37.044680620662625,-95.59532314633964,1.0430310705792252,0.005901242766926509,37.044680620662625,-95.59532314633965,0.9987716612419498,0.0,37.04468062066262,-95.59532314633964,0.9954212288376489,0.0,0.0,37.044680620662625,-95.59532314633965,0.9987716612419498,0.0,0.0,37.04468062066261,-95.59532314633965,0.0,37.044680620662625,-95.59532314633965,1.9975433224838997,0.0,0.0,56.061418895938644,-106.21614113938722,0.9987716612419498,0.0,56.06141889593865,-106.2161411393872,0.0,37.044680620662625,-95.59532314633965,0.9987716612419498,0.0,0.007756671559751411,0.0,0.0,60.925071335758936,0.0,0.0,0.0,0.0,37.044680620662625,-95.59532314633965,0.0,37.044680620662625,-95.59532314633965,0.9987716612419498,0.0,0.0,37.044680620662625,-95.59532314633965,0.9987716612419498,0.0,0.0,0.0,0.0,0.0,0.0,37.044680620662625,-95.59532314633965,0.999831569756772,0.0,0.0,37.044680620662625,-95.59532314633965,10.986488273661449,0.0,0.0,37.044680620662625,-95.59532314633965,4.9938583062097495,0.0,0.0,37.044680620662625,-95.59532314633965,1.9975433224838997,0.0,0.0,37.044680620662625,-95.59532314633965,0.0,0.0,37.044680620662625,-95.59532314633965,0.0,0.0,37.044680620662625,-95.59532314633965,0.0,0.0,37.04468062066262,-95.59532314633965,36.319569698954304,0.0,0.0,2.512723739601484e+38,8.13752302373797e+38,-2.7744488259292797e+38,9.691852340872948e+38,-1.105964882036024e+36,-7.063210300975326e+36,-1.2721989110682442e+37,1.9720054808756765e+38,2.2866330992955433e+37,3.70900513989867e+38,1.1594192184392034e+30,4.555133469234942e+29,-6.5322392989296025,0.15304775994897707,22.062442530685058,8.532542786094946e+47,-2.1363853828952066e+50,5.199419167960662e+45,-9.688916387151748e+49,1.2305318333804362e+41,2.101638887533347e+41,0.6671335136984269,0.3606570506966196,175.60507238626656,103.85466457969342,3.414005420017328,0.21226206461896843,219.17676852708158,33.62979732684263,1.1097378487593572,1.9479023332458096,144.63755878534232,65.38247131058421,321.5170348170451,1.0024915025576244,39.99157208089535,90.13533741555226,12.169260423329725,143.6713657437035,212.5012713066896,44.96881226912423,7.87832653981585,2.0653886839798896,51.82690743806926,0.7627282082665118,41.30537035904011,1.335219739841784,178.27115384942553,203.67072273424566,1.8505499115410187,208.6402646336592,0.3863065959178178,528.7309739376369,1.1710173208940609,66.12228552847316,217.59677966107037,342.44331605305933,16.30306846045981,33.402140274062546,72.30597976629535,4.812556797198074,14.875243172417965,39.05547627238572,0.4534419085398001,53.70319972843575,47.52069336368886,2.1542811711764265,74.89213295836103,1.1093318720194785,185.2584784491782,49.51433815224837,283.48292533471687,110.40273766763798,74.87928610266816,0.500177917469733,146.84064365615507,0.6958696418282027,1.845216578000639,12.265200804093915,0.4999185347775682,0.14011356254258894,0.4993858306209749,2.0256824780661837,0.999807894722464,0.5023364520044381,0.4993858306209749,0.9987716612419498,2.4969291531048747,0.9987716612419498,5.493244136830724,0.8257879460497748,3.995447884766534,2.0013016325752875,100.74585570327298,31.325357193984253,1.5052947942702029,4.494472475588775,38.151127524235825,0.20647836244068912,23566.842826119184,789.1252303503061,4068.866550842169,528.772870276713,151.686351075219,6.527070401037564,67.51071374234547,0.9644829359117557,24.759176676143177,28.24525078829842,109.6477397714023,33.822112426137366,0.828626858184948,0.7013431519494857,15.907455634551372,51.74219229306705,28.18420529927775,114.59467182335615,15.121799154161517,0.2861773296434059,1.3656788615541888,36.66786592875428,12.939078787925837,18.539172610624455,27.22423465098202,109.95252261575335,7.326745916801563,1.300671818271797,81.82933664001685,24.45664443786422,7.029523083051938,12.022251477912356,3.4402134998333813,0.5992629967451697,0.19975433224838998,2.8481037604871755,4.1734339463333585,3.8568752582234977,1.6663155286378548,1.9663163149522291,3.0352572609396935,1.3651536187241136,389.67197113805696,0.6333045056548476,1.66448350861704,0.33285592368754496
2020-03-02 21:00:00,0.12805571193185855,35.81757910659438,104.06732077072017,35.81757910659439,104.06732077072017,35.81757910659439,104.06732077072016,35.817579106594394,104.06732077072016,35.81757910659438,104.06732077072017,35.81757910659439,104.06732077072016,35.81757910659439,104.06732077072014,35.81757910659438,104.06732077072017,35.81757910659438,104.06732077072016,0.0,35.81757910659439,104.06732077072013,35.81757910659438,104.06732077072013,35.81757910659439,104.06732077072016,35.81757910659439,104.06732077072014,35.817579106594394,104.06732077072017,35.81757910659439,104.06732077072017,35.81757910659439,104.06732077072016,35.81757910659439,104.06732077072016,35.81757910659438,104.06732077072019,35.81757910659438,104.06732077072014,0.0,35.81757910659438,104.06732077072016,35.81757910659438,104.06732077072019,0.0,35.81757910659438,104.06732077072017,0.0,35.81757910659439,104.06732077072016,0.019544550502877657,35.81757910659439,104.06732077072016,0.0,35.81757910659439,104.06732077072016,0.0,37.0446489449337,-95.59524140581735,1.1054300928643364,0.008399440805122671,0.0002813346929007605,37.0446489449337,-95.59524140581735,0.9987708072240485,0.0,0.0,37.0446489449337,-95.59524140581735,0.0,0.0005578075988836272,37.044648944933705,-95.59524140581735,2.056224188741913,0.001024316618416326,0.0006547401548967855,37.044648944933705,-95.59524140581735,0.9998978810832129,0.0,0.00012455429079967408,56.06137095960127,-106.21605031734104,0.0,0.0003238508943256002,-25.24333089256188,133.61070056922685,4.086303251900446,-0.0003354623185758132,-25.24333089256188,133.61070056922688,0.0,51.102798502246245,10.43867905974313,0.0,0.0,56.06137095960128,-106.21605031734104,-7.712392260110414e-05,0.013254806053853714,-25.24333089256188,133.61070056922688,0.0,-25.243330892561886,133.61070056922685,0.0,37.0446489449337,-95.59524140581735,1.9985612483260722,0.0,37.0446489449337,-95.59524140581738,0.9987708072240485,0.0,0.0010114876583032142,37.0446489449337,-95.59524140581735,1.0376997232987601,0.0052335432696692,37.0446489449337,-95.59524140581735,0.9987708072240485,0.0,37.0446489449337,-95.59524140581733,0.9954235864105553,0.0,0.0,37.0446489449337,-95.59524140581735,0.9987708072240485,0.0,0.0,37.04464894493369,-95.59524140581735,0.0,37.0446489449337,-95.59524140581735,1.997541614448097,0.0,0.0,56.06137095960128,-106.21605031734104,0.9987708072240485,0.0,56.06137095960128,-106.21605031734101,0.0,37.0446489449337,-95.59524140581735,0.9987708072240485,0.0,0.009065616500813415,0.0,0.0,60.925019240666956,0.0,0.0,0.0,0.0,37.0446489449337,-95.59524140581736,0.0,37.0446489449337,-95.59524140581735,0.9987708072240485,0.0,0.0,37.0446489449337,-95.59524140581735,0.9987708072240485,0.0,0.0,0.0,0.0,0.0,0.0,37.0446489449337,-95.59524140581735,0.9998313259908763,0.0,0.0,37.0446489449337,-95.59524140581735,10.986478879464533,0.0,0.0,37.0446489449337,-95.59524140581735,4.993854036120243,0.0,0.0,37.0446489449337,-95.59524140581735,1.997541614448097,0.0,0.0,37.0446489449337,-95.59524140581735,0.0,0.0,37.0446489449337,-95.59524140581735,0.0,0.0,37.0446489449337,-95.59524140581735,0.0,0.0,37.0446489449337,-95.59524140581735,36.31499719332974,0.0,0.0,2.5039984060321213e+38,8.109265797648424e+38,-2.7646462790193565e+38,9.657609562153223e+38,-1.1008029712413081e+36,-7.030243918325995e+36,-1.2671351008318376e+37,1.9641561882427163e+38,2.2792401073306326e+37,3.69701342806457e+38,1.1552604129860568e+30,4.5387943283871836e+29,-6.532256463224825,0.15263792662310285,22.061162130166117,8.502913869541076e+47,-2.128837210538312e+50,5.175151726593147e+45,-9.650351007513373e+49,1.2261179488962467e+41,2.0932784504030414e+41,0.6671344427619554,0.36083372906891686,175.53483622952984,103.75425090093289,3.5055350767686324,0.21331515530760145,219.2688253555311,33.545751289322375,1.1106889844449754,1.946729180936517,144.4461847090443,65.51375379376064,321.5491934450399,1.0028623393000435,39.87489859225109,90.06243879443785,12.3701460236554,143.45209648931603,212.33463230993894,44.792215079194,7.9108327371430445,2.0646443021858114,51.789558303897316,0.7623719455420217,41.30038450002969,1.3361652090311498,178.51251621220933,203.29632474403803,1.8534621462582272,208.70675510438681,0.38687219244230636,528.5972709559767,1.1716574811537832,66.26684050081002,217.75103664707714,342.35312247950463,16.178949748358747,33.00712193127397,72.37666478915106,4.807452944830025,14.754479793284334,39.07318832165336,0.45466334386993634,53.6922878307223,47.64244605414915,2.156056748577743,75.09951800222464,1.107408844456741,184.82327839597016,49.64132306800935,283.5718199751868,110.40662836342817,74.7966107745659,0.4992895252883732,146.77231865573546,0.6950223746625618,1.84226127891026,12.390919575765452,0.5190220798725697,0.13961212804406942,0.49938540361202427,2.0265162187268606,0.9997904411020233,0.5020021752468588,0.49938540361202427,0.9987708072240485,2.4969270180601213,0.9987708072240485,5.493239439732267,0.8226069709337711,3.9954448994232354,2.001223705511446,100.74580951737619,31.325330408667,1.5052636436117561,4.494468632508218,38.151094902419324,0.20750023998455258,23572.976977107755,789.4629536207162,4077.4509162883624,529.1467161737972,152.3758756136426,6.528447865053447,67.63259313666441,0.9681084733765395,24.77012570774789,28.229039595770033,109.65964435450795,34.004891584697674,0.8318454066597715,0.6998331259059566,15.793344169919758,51.66887390287529,28.183678852947175,114.59536192297605,15.126967097979211,0.2862587083275095,1.36699289567262,36.63589343862628,12.890633954041794,18.521845355461316,27.21526959302644,109.95862688318535,7.331453139865676,1.3142865264048396,81.85309594380375,24.505408507877323,7.033323697676241,12.022241198067247,3.4402105582161657,0.5992624843344289,0.19975416144480973,2.8419635826930745,4.176551164967448,3.8662523725703974,1.6663117278809387,1.9690721968448772,3.0338323275705523,1.3649039363991082,390.3078946613481,0.6441110477708472,1.6644809797702445,0.3328550862730978
2020-03-02 22:00:00,0.1262721775569206,35.81755879742498,104.06726176280006,35.81755879742498,104.06726176280006,35.81755879742498,104.06726176280004,35.81755879742499,104.06726176280004,35.81755879742498,104.06726176280006,35.81755879742499,104.06726176280004,35.81755879742499,104.06726176280003,35.81755879742498,104.06726176280006,35.81755879742498,104.06726176280002,0.0,35.81755879742498,104.06726176280002,35.81755879742498,104.06726176280002,35.81755879742498,104.06726176280004,35.81755879742498,104.06726176280003,35.81755879742499,104.06726176280006,35.81755879742498,104.06726176280006,35.81755879742498,104.06726176280004,35.81755879742498,104.06726176280002,35.81755879742498,104.06726176280007,35.81755879742498,104.06726176280003,0.0,35.81755879742498,104.06726176280004,35.81755879742498,104.06726176280006,0.0,35.81755879742498,104.06726176280006,0.0,35.81755879742499,104.06726176280004,0.021738676216883093,35.81755879742498,104.06726176280004,0.0,35.81755879742498,104.06726176280003,0.0,37.044627939995074,-95.59518720170864,1.1048725265660755,0.008354031588441613,0.00027964084182751595,37.044627939995074,-95.59518720170864,0.9987702409042127,0.0,0.0,37.044627939995074,-95.59518720170864,0.0,0.0005544024615562245,37.04462793999508,-95.59518720170864,2.0559344981594627,0.0010196412563955662,0.0006512067076311599,37.044627939995074,-95.59518720170864,0.9998869642153945,0.0,0.00012300333237353148,56.06133917186161,-106.21599009105515,0.0,0.00031497249305684205,-25.243316579168955,133.6106248097138,4.097755802978683,-0.0003407799873114334,-25.243316579168955,133.61062480971384,0.0,51.102769526100516,10.438673140836642,0.0,0.0,56.06133917186162,-106.21599009105518,-7.844438006541186e-05,0.015270886854133248,-25.243316579168955,133.61062480971384,0.0,-25.24331657916896,133.6106248097138,0.0,37.044627939995074,-95.59518720170863,1.9985472153888202,0.0,37.044627939995074,-95.59518720170865,0.9987702409042127,0.0,0.001012090184247968,37.044627939995074,-95.59518720170863,1.0331435914377862,0.004663090712840715,37.044627939995074,-95.59518720170864,0.9987702409042127,0.0,37.044627939995074,-95.59518720170863,0.9954372477303237,0.0,0.0,37.044627939995074,-95.59518720170864,0.9987702409042127,0.0,0.0,37.04462793999507,-95.59518720170864,0.0,37.044627939995074,-95.59518720170864,1.9975404818084255,0.0,0.0,56.06133917186162,-106.21599009105515,0.9987702409042127,0.0,56.06133917186162,-106.21599009105512,0.0,37.044627939995074,-95.59518720170864,0.9987702409042127,0.0,0.010522389174587027,0.0,0.0,60.92498469515697,0.0,0.0,0.0,0.0,37.044627939995074,-95.59518720170864,0.0,37.044627939995074,-95.59518720170864,0.9987702409042127,0.0,0.0,37.044627939995074,-95.59518720170864,0.9987702409042127,0.0,0.0,0.0,0.0,0.0,0.0,37.044627939995074,-95.59518720170864,0.9998313773007754,0.0,0.0,37.044627939995074,-95.59518720170864,10.98647264994634,0.0,0.0,37.044627939995074,-95.59518720170864,4.9938512045210635,0.0,0.0,37.044627939995074,-95.59518720170864,1.9975404818084255,0.0,0.0,37.044627939995074,-95.59518720170864,0.0,0.0,37.044627939995074,-95.59518720170864,0.0,0.0,37.044627939995074,-95.59518720170864,0.0,0.0,37.04462793999507,-95.59518720170864,36.30732928339604,0.0,0.0,2.4946068841624377e+38,8.078851102933674e+38,-2.75410515839815e+38,9.620786758426126e+38,-1.0953243221577243e+36,-6.99525469645183e+36,-1.26172248919243e+37,1.9557662267941516e+38,2.2712505931821264e+37,3.684054134747571e+38,1.1507918542799379e+30,4.521238227023862e+29,-6.532275892323388,0.15236962894017111,22.060905142004913,8.471022754367288e+47,-2.120720320508115e+50,5.1493952188392184e+45,-9.609129197657965e+49,1.2213753125402405e+41,2.084341889543533e+41,0.667136694114535,0.36081995057870503,175.4795103559606,103.70145332238694,3.590799620207022,0.2145057497994615,219.342304305815,33.41155804345979,1.1116412989781361,1.9454847610575878,144.24368472029175,65.61432658246407,321.6387998104294,1.0038905884786118,39.785544094818945,90.00900066590009,12.587264472922968,143.24463421550897,212.20300674464772,44.65760814262162,7.932798185568723,2.064677790803175,51.800772420289746,0.7620028887458438,41.299991380004585,1.3368361283788255,178.714696679904,203.06996597173105,1.8557859066630675,208.77321008501687,0.38741134366508023,528.4555504166079,1.1721211038700892,66.46349153821937,218.08800430503393,342.29264377602595,16.088847916453016,32.633264798753984,72.45647769475339,4.803420593856748,14.621822783946847,39.08423476626555,0.45542416641641326,53.68099833838987,47.74030190115995,2.1572351079321366,75.2449734472044,1.1059725531107931,184.50876161134727,49.768248393435265,283.6361973016939,110.40733805243076,74.72363511737875,0.49831432537214176,146.67226146581157,0.6937808388282873,1.84009452265792,12.532923798972327,0.5362716438051662,0.13921703370225985,0.49938512045210637,2.027882529728937,0.999776974484607,0.5017166658085266,0.49938512045210637,0.9987702409042127,2.4969256022605317,0.9987702409042127,5.49323632497317,0.8198548267932948,3.995443013646948,2.0011442280003027,100.74579302454559,31.325312646678118,1.505230940770041,4.494466084068957,38.15107327010725,0.20863996327571727,23576.938493986923,789.703156429119,4084.7996438411956,529.5031501083247,153.03236657035845,6.532630658642918,67.76461565876056,0.972035355120739,24.773597233147893,28.213987702895494,109.67073337018255,34.174582910113664,0.8348348989569672,0.698500134614686,15.692599915704042,51.58839522047415,28.182860884979952,114.59649844302051,15.133804620935319,0.28638747642164436,1.3689853994697243,36.611235537336356,12.853084397191347,18.50394079674084,27.205617929234013,109.96523833030679,7.336528109040969,1.3289579904888913,81.86891136850441,24.539458147963188,7.043901423023905,12.02223438125441,3.4402086075589535,0.5992621445425274,0.19975404818084255,2.836661847637373,4.180321272517103,3.876693394623108,1.6663110127694911,1.969883263730675,3.0302806215979503,1.3645646949019536,390.882258495371,0.6538700215093197,1.6644789398176743,0.3328543494567307
2020-03-02 23:00:00,0.12460689659815324,35.81754862736869,104.06723221388758,35.81754862736869,104.06723221388756,35.81754862736869,104.06723221388756,35.817548627368694,104.06723221388756,35.81754862736869,104.06723221388758,35.81754862736869,104.06723221388755,35.81754862736869,104.06723221388755,35.81754862736868,104.06723221388756,35.81754862736868,104.06723221388754,0.0,35.81754862736869,104.06723221388754,35.81754862736869,104.06723221388754,35.81754862736869,104.06723221388756,35.81754862736869,104.06723221388755,35.817548627368694,104.06723221388758,35.81754862736869,104.06723221388756,35.81754862736869,104.06723221388755,35.81754862736869,104.06723221388754,35.81754862736869,104.06723221388758,35.81754862736869,104.06723221388755,0.0,35.81754862736869,104.06723221388755,35.81754862736869,104.06723221388756,0.0,35.81754862736869,104.06723221388758,0.0,35.817548627368694,104.06723221388756,0.023978174437992834,35.81754862736869,104.06723221388755,0.0,35.81754862736869,104.06723221388756,0.0,37.04461742152413,-95.59516005836142,1.1042836427357687,0.008306106265135449,0.00027785962953159275,37.04461742152413,-95.59516005836142,0.9987699573128705,0.0,0.0,37.04461742152412,-95.59516005836142,0.0,0.0005508232737808684,37.04461742152414,-95.59516005836142,2.0556283011316148,0.0010146743543178426,0.000647477179299619,37.04461742152413,-95.59516005836142,0.9998759168491819,0.0,0.00012139944655453674,56.06132325377578,-106.21595993203161,0.0,0.00030587005025357883,-25.243309411568504,133.61058687224343,4.1107796787633415,-0.00034478330995329695,-25.243309411568504,133.61058687224346,0.0,51.102755015953534,10.438670176874354,0.0,0.0,56.06132325377579,-106.21595993203164,-7.977273972206451e-05,0.01767583370822557,-25.2433094115685,133.61058687224346,0.0,-25.24330941156851,133.61058687224343,0.0,37.04461742152412,-95.59516005836142,1.998536680379952,0.0,37.04461742152413,-95.59516005836143,0.9987699573128705,0.0,0.0010127045716107222,37.04461742152413,-95.5951600583614,1.029276846420736,0.0041790692758702525,37.04461742152413,-95.59516005836142,0.9987699573128705,0.0,37.04461742152412,-95.59516005836142,0.9954652028190787,0.0,0.0,37.04461742152413,-95.59516005836142,0.9987699573128705,0.0,0.0,37.044617421524116,-95.59516005836142,0.0,37.04461742152413,-95.59516005836142,1.997539914625741,0.0,0.0,56.06132325377579,-106.21595993203162,0.9987699573128705,0.0,56.06132325377579,-106.21595993203161,0.0,37.04461742152413,-95.59516005836142,0.9987699573128705,0.0,0.012127409135215452,0.0,0.0,60.9249673960851,0.0,0.0,0.0,0.0,37.04461742152413,-95.59516005836142,0.0,37.04461742152413,-95.59516005836142,0.9987699573128705,0.0,0.0,37.04461742152413,-95.59516005836142,0.9987699573128705,0.0,0.0,0.0,0.0,0.0,0.0,37.04461742152413,-95.59516005836142,0.9998317184459654,0.0,0.0,37.04461742152413,-95.59516005836142,10.986469530441575,0.0,0.0,37.04461742152413,-95.59516005836142,4.993849786564352,0.0,0.0,37.04461742152413,-95.59516005836142,1.997539914625741,0.0,0.0,37.04461742152413,-95.59516005836142,0.0,0.0,37.04461742152413,-95.59516005836142,0.0,0.0,37.04461742152413,-95.59516005836142,0.0,0.0,37.04461742152412,-95.59516005836143,36.2968088378025,0.0,0.0,2.4845393941858806e+38,8.046247267428655e+38,-2.7428146561881308e+38,9.581346175038433e+38,-1.0895245560296978e+36,-6.958214670566645e+36,-1.2559560880034107e+37,1.9468278645217573e+38,2.2626556871957306e+37,3.6701128730338835e+38,1.146009022334498e+30,4.502447406994431e+29,-6.532297522303564,0.1522640979621384,22.06251950012535,8.436836230946573e+47,-2.1120263905060076e+50,5.1221290590673105e+45,-9.565212968451113e+49,1.216299127094145e+41,2.0748209649673337e+41,0.6671405920606126,0.3606337653637553,175.44338142346896,103.70610416640186,3.6682796058998166,0.21582742428989482,219.3870810342788,33.231119413842805,1.1125100757214665,1.9443603938129863,144.06671202822054,65.68894261891285,321.7744665323061,1.0054457969143185,39.73118261635916,89.97528391675147,12.817869621435657,143.05095884174594,212.1156728183576,44.575788943813826,7.944358974864148,2.0654514257220358,51.85809977904996,0.7616675904151046,41.30412284707801,1.3373486286356535,178.89507400285416,203.01318369205765,1.8572012661137245,208.8338411688405,0.38789669147390005,528.3275718270369,1.172436147698454,66.69984991669143,218.61757859028057,342.26853049240196,16.033282195410035,32.28417065111857,72.54500189466371,4.800743807114218,14.480781004234144,39.08875171699556,0.45573378045950685,53.67073272842357,47.801798444319765,2.157745340179796,75.32166059434675,1.1051072716790347,184.33532197225958,49.88418697763846,283.67994512465526,110.40218727804196,74.65976661116949,0.4972778842656052,146.54310054495159,0.6921776713247864,1.838726920816974,12.69046210112493,0.5512007605304374,0.13895895012234347,0.4993849786564353,2.0297621359110596,0.999766723067081,0.5014745132943703,0.4993849786564353,0.9987699573128705,2.496924893282176,0.9987699573128705,5.493234765220787,0.8175064515175327,3.9954422125201785,2.001063171743148,100.74580566831541,31.32530375215254,1.5051966501927907,4.494464807907917,38.15106243747164,0.2098978736703968,23579.98964147608,789.9039034005771,4091.7497206445423,529.8240763196135,153.62410740998922,6.539782110756074,67.90506710320017,0.9762126077140758,24.763505352253162,28.200365702860292,109.68080692505782,34.32816683323527,0.8375414439622393,0.6973333552088088,15.604405204290549,51.50286592536973,28.18188651360431,114.59789437248973,15.141491201512443,0.28654228223360345,1.3713434202950867,36.593929900498296,12.826473354810464,18.487959816770044,27.195353357139876,109.9723058770062,7.341931873645677,1.3445737685254888,81.87583247048113,24.55711977349409,7.061010340655895,12.02223096765492,3.440207630744331,0.599261974387722,0.1997539914625741,2.8321517268827434,4.184844666807556,3.888201322211945,1.666314195528476,1.9689690289130954,3.0249003123384317,1.3641469450526278,391.37954595162,0.6623178398824248,1.6644773815178766,0.3328537121025029
2020-03-03 00:00:00,0.12307210465322399,35.8175484186635,104.0672316074985,35.817548418663506,104.0672316074985,35.817548418663506,104.06723160749848,35.81754841866351,104.0672316074985,35.817548418663506,104.06723160749851,35.817548418663506,104.06723160749848,35.817548418663506,104.06723160749846,35.8175484186635,104.06723160749848,35.8175484186635,104.06723160749847,0.0,35.817548418663506,104.06723160749847,35.817548418663506,104.06723160749847,35.817548418663506,104.06723160749848,35.817548418663506,104.06723160749848,35.81754841866351,104.0672316074985,35.817548418663506,104.06723160749848,35.817548418663506,104.06723160749848,35.817548418663506,104.06723160749846,35.8175484186635,104.06723160749851,35.8175484186635,104.06723160749847,0.0,35.817548418663506,104.06723160749848,35.817548418663506,104.0672316074985,0.0,35.8175484186635,104.0672316074985,0.0,35.817548418663506,104.06723160749848,0.026225279576151457,35.817548418663506,104.06723160749848,0.0,35.817548418663506,104.06723160749848,0.0,37.04461720566894,-95.59515950133823,1.1036630098045928,0.00825563114705638,0.00027598991731256784,37.04461720566894,-95.59515950133823,0.9987699514931405,0.0,0.0,37.044617205668935,-95.59515950133823,0.0,0.0005470677748968429,37.04461720566895,-95.59515950133823,2.0553053539164443,0.0010094118523525444,0.0006435489421718621,37.04461720566894,-95.59515950133823,0.9998647292658526,0.0,0.00011974208292324633,56.0613229271122,-106.21595931312211,0.0,0.00029654184706711523,-25.24330926447833,133.61058609370826,4.125326245917926,-0.0003470760770081273,-25.24330926447833,133.6105860937083,0.0,51.10275471818302,10.438670116049295,0.0,0.0,56.06132292711221,-106.21595931312213,-8.110879602569142e-05,0.02052338735389926,-25.24330926447833,133.6105860937083,0.0,-25.243309264478334,133.61058609370826,0.0,37.04461720566894,-95.59515950133823,1.9985290170820913,0.0,37.04461720566894,-95.59515950133824,0.9987699514931405,0.0,0.0010133302997798934,37.04461720566894,-95.59515950133822,1.0260168716489875,0.0037710841553376725,37.04461720566894,-95.59515950133823,0.9987699514931405,0.0,37.04461720566894,-95.59515950133823,0.9955111899151478,0.0,0.0,37.04461720566894,-95.59515950133823,0.9987699514931405,0.0,0.0,37.04461720566894,-95.59515950133823,0.0,37.04461720566894,-95.59515950133823,1.997539902986281,0.0,0.0,56.06132292711221,-106.21595931312211,0.9987699514931405,0.0,56.06132292711221,-106.21595931312211,0.0,37.04461720566894,-95.59515950133823,0.9987699514931405,0.0,0.013876853237583944,0.0,0.0,60.92496704108156,0.0,0.0,0.0,0.0,37.04461720566894,-95.59515950133823,0.0,37.04461720566894,-95.59515950133823,0.9987699514931405,0.0,0.0,37.04461720566894,-95.59515950133823,0.9987699514931405,0.0,0.0,0.0,0.0,0.0,0.0,37.04461720566894,-95.59515950133823,0.9998323442011794,0.0,0.0,37.04461720566894,-95.59515950133823,10.986469466424545,0.0,0.0,37.04461720566894,-95.59515950133823,4.993849757465703,0.0,0.0,37.04461720566894,-95.59515950133823,1.997539902986281,0.0,0.0,37.04461720566894,-95.59515950133823,0.0,0.0,37.04461720566894,-95.59515950133823,0.0,0.0,37.04461720566894,-95.59515950133823,0.0,0.0,37.044617205668935,-95.59515950133824,36.283757484391046,0.0,0.0,2.4737861456463486e+38,8.011422584479557e+38,-2.7307639532226995e+38,9.539250017901496e+38,-1.0833992930979097e+36,-6.919095869473847e+36,-1.249830905525174e+37,1.9373333638478776e+38,2.2534465084965407e+37,3.655175237809378e+38,1.1409073926200474e+30,4.4824040922982906e+29,-6.532321294740971,0.15233300615744574,22.06685713070169,8.40032105348921e+47,-2.1027470895405887e+50,5.09333265692687e+45,-9.51856430339459e+49,1.2108845905176291e+41,2.064707430738114e+41,0.6671465492959682,0.3603003523625872,175.42952191399223,103.77317054297869,3.736650177541872,0.21727030096299702,219.3940244279953,33.00953239850256,1.1132148715690413,1.9435306981397136,143.94863823782197,65.7406621010868,321.94078140484334,1.0073513990922391,39.71728989435944,89.96150762519844,13.058562535821263,142.8724924852739,212.079252308866,44.55440535677895,7.945461157932547,2.0668830289045728,51.956307316541086,0.7614066333932394,41.312313604765336,1.3377892528633253,179.06616431849156,203.13761126841766,1.8574196810270016,208.8831551746063,0.38830486898268735,528.2331950724985,1.1726212152046684,66.95970370606342,219.338962779023,342.28431480633606,16.012703300360275,31.962432728964362,72.64158814847431,4.799625318157505,14.33493032206139,39.08675963821223,0.45559360970230045,53.66271275247039,47.81571109324856,2.1575626802540513,75.32748440644934,1.1048653432658107,184.31548778086562,49.97877374258028,283.70565004009717,110.3884839747229,74.60431739117521,0.4962062644626902,146.38818296379918,0.690254430454036,1.838167397581143,12.862370058101398,0.5633867746572704,0.13885986216146137,0.49938497574657026,2.0321268558586,0.9997590655889503,0.5012705178242389,0.49938497574657026,0.9987699514931405,2.4969248787328513,0.9987699514931405,5.493234733212272,0.8155355145359547,3.995442480039944,2.000980508625495,100.74584690300992,31.32530356962321,1.5051607363304644,4.494464781719132,38.15106221516931,0.21127092538620507,23583.14384769871,790.1115802531453,4098.953805810027,530.094038810339,154.12408859303807,6.549900282048991,68.05183889118365,0.980577529475389,24.733738606195974,28.188407957925268,109.68969180301934,34.46302829978886,0.8399183617219712,0.6963202227269781,15.527810721851242,51.414436622560864,28.180927781770624,114.59931180959772,15.148992499073847,0.286695945748818,1.373666202304056,36.5839925437207,12.810810403046263,18.47607652125537,27.184580777950984,109.9797570942517,7.347609039724552,1.360973908455025,81.87351975168964,24.557852899399215,7.083821022470792,12.022230897602615,3.4402076106985944,0.599261970895884,0.19975399029862811,2.828384301501144,4.190230596191247,3.900748635222823,1.6663223089703085,1.9666282742342045,3.0181252431227725,1.3636679425081697,391.78569742656026,0.6692156706348666,1.6644762978680085,0.3328531731874339
2020-03-03 01:00:00,0.1216756369679159,35.817557994029364,104.06725942854882,35.81755799402937,104.06725942854881,35.817557994029364,104.06725942854881,35.81755799402937,104.06725942854881,35.817557994029364,104.06725942854882,35.81755799402937,104.0672594285488,35.81755799402937,104.06725942854877,35.817557994029364,104.0672594285488,35.817557994029364,104.06725942854878,0.0,35.817557994029364,104.06725942854878,35.817557994029364,104.06725942854878,35.817557994029364,104.06725942854881,35.817557994029364,104.0672594285488,35.81755799402937,104.06725942854881,35.817557994029364,104.06725942854881,35.817557994029364,104.0672594285488,35.81755799402937,104.06725942854878,35.817557994029364,104.06725942854882,35.817557994029364,104.0672594285488,0.0,35.817557994029364,104.0672594285488,35.817557994029364,104.06725942854881,0.0,35.817557994029364,104.06725942854882,0.0,35.81755799402937,104.06725942854881,0.028437509423911777,35.817557994029364,104.0672594285488,0.0,35.817557994029364,104.0672594285488,0.0,37.04462710907603,-95.59518505748787,1.1030101962753665,0.008202572554893373,0.00027403056724185654,37.04462710907603,-95.59518505748787,0.9987702185015797,0.0,0.0,37.04462710907603,-95.59518505748787,0.0,0.0005431337059013022,37.04462710907603,-95.59518505748787,2.0549654127804304,0.00100384968935225,0.0006394193691749567,37.04462710907603,-95.59518505748787,0.9998533917731156,0.0,0.00011803069361757384,56.06133791439361,-106.21598770860743,0.0,0.0002869861846482302,-25.24331601295589,133.6106218127985,4.141304021555513,-0.0003471606816635893,-25.24331601295589,133.61062181279854,0.0,51.10276837985431,10.438672906694938,0.0,0.0,56.06133791439362,-106.21598770860746,-8.245233872976755e-05,0.023870336948183003,-25.24331601295589,133.61062181279854,0.0,-25.243316012955894,133.6106218127985,0.0,37.04462710907603,-95.59518505748787,1.9985237226347423,0.0,37.04462710907603,-95.59518505748788,0.9987702185015797,0.0,0.001013966898958145,37.04462710907603,-95.59518505748785,1.0232858782154164,0.003429359456632055,37.04462710907603,-95.59518505748787,0.9987702185015797,0.0,37.04462710907603,-95.59518505748787,0.9955798607867635,0.0,0.0,37.04462710907603,-95.59518505748787,0.9987702185015797,0.0,0.0,37.04462710907603,-95.59518505748787,0.0,37.04462710907603,-95.59518505748787,1.9975404370031593,0.0,0.0,56.06133791439362,-106.21598770860743,0.9987702185015797,0.0,56.06133791439362,-106.21598770860743,0.0,37.04462710907603,-95.59518505748785,0.9987702185015797,0.0,0.01576191558768743,0.0,0.0,60.92498332859634,0.0,0.0,0.0,0.0,37.04462710907603,-95.59518505748787,0.0,37.04462710907603,-95.59518505748787,0.9987702185015797,0.0,0.0,37.04462710907603,-95.59518505748787,0.9987702185015797,0.0,0.0,0.0,0.0,0.0,0.0,37.04462710907603,-95.59518505748787,0.9998332493571411,0.0,0.0,37.04462710907603,-95.59518505748787,10.986472403517375,0.0,0.0,37.04462710907603,-95.59518505748787,4.993851092507898,0.0,0.0,37.04462710907603,-95.59518505748787,1.9975404370031593,0.0,0.0,37.04462710907603,-95.59518505748787,0.0,0.0,37.04462710907603,-95.59518505748787,0.0,0.0,37.04462710907603,-95.59518505748787,0.0,0.0,37.044627109076025,-95.59518505748788,36.26855788858422,0.0,0.0,2.462337339344511e+38,7.974345319117183e+38,-2.7179422211599814e+38,9.494460460874995e+38,-1.0769441535091229e+36,-6.877870321376988e+36,-1.243341947424953e+37,1.927274983175275e+38,2.2436141666945215e+37,3.639226808526089e+38,1.1354824369501778e+30,4.461090492568406e+29,-6.532347155373328,0.15257786811860186,22.074712398828837,8.361443946515377e+47,-2.0928740795552523e+50,5.062985421625817e+45,-9.46914516624093e+49,1.2051268968893892e+41,2.0539930366221663e+41,0.6671550881115924,0.3598507965821798,175.43962400896788,103.90239714014955,3.794794034784733,0.218820482499621,219.3555295738079,32.7530766036593,1.1136853643050941,1.9431424633171441,143.9174244620075,65.77046903857811,322.1192682080526,1.0093957251435637,39.746845237234474,89.96787701081016,13.305293099859902,142.71014559215257,212.09734144290493,44.59752344610618,7.935842249935207,2.06885036325595,52.08765570461869,0.7612514111933465,41.323727084806244,1.338205700636291,179.23420733822195,203.444364701463,1.8562008297711226,208.91635304823237,0.38861803670032813,528.1891146570024,1.172683313843402,67.22397704115825,220.24082040746876,342.34017366539257,16.02754135848569,31.66971980174512,72.74531700316167,4.800175230117644,14.187773953223477,39.0781493333704,0.4549961301542448,53.65788350344968,47.77270799858742,2.1567102833208587,75.26526313539027,1.105264345651481,184.45322709289343,50.0429609591873,283.7142860336804,110.36371791054688,74.55654463317245,0.49512499700403756,146.21156144275858,0.6880614348971432,1.8384243251543808,13.047003121529624,0.5724727904982666,0.13893188053880354,0.4993851092507898,2.034938916091471,0.9997535041331622,0.5010997889791057,0.4993851092507898,0.9987702185015797,2.496925546253949,0.9987702185015797,5.4932362017586875,0.8139161151830061,3.995443799406982,2.000896210724861,100.74591619146508,31.325311944044564,1.505123163643067,4.494465983257109,38.1510724143704,0.212752095044031,23587.077547658246,790.3568220447038,4106.820247784117,530.3012373545105,154.51179396051083,6.562820100930826,68.20242848347496,0.9850557027519227,24.67860136612277,28.178310292904385,109.69724316353502,34.576983113255956,0.8419266425182259,0.6954471680111121,15.461791269459583,51.32521406207087,28.180182284689923,114.60047763625329,15.155127521622187,0.28681725371733113,1.3754920873219647,36.58143371540107,12.806095550855536,18.46996487148414,27.17343750310467,109.98749737863116,7.353487134241064,1.3779491110931497,81.8622677037565,24.54229027794859,7.110961450320666,12.022234111593086,3.440208530394329,0.5992621311009474,0.1997540437003159,2.8253119142900895,4.196595781413246,3.914271972280261,1.6663366596936409,1.9632250120680006,3.0104971483688185,1.363149985590819,392.08884040344503,0.6743618384386585,1.6644756821773357,0.3328527318378779
2020-03-03 02:00:00,0.12042148500677516,35.81757717669457,104.06731516343162,35.81757717669458,104.0673151634316,35.81757717669457,104.06731516343159,35.817577176694584,104.0673151634316,35.81757717669458,104.06731516343162,35.81757717669458,104.06731516343159,35.81757717669458,104.06731516343156,35.81757717669457,104.06731516343157,35.81757717669457,104.06731516343159,0.0,35.81757717669457,104.06731516343157,35.81757717669457,104.06731516343159,35.81757717669457,104.06731516343159,35.81757717669457,104.06731516343159,35.81757717669458,104.06731516343162,35.81757717669457,104.06731516343159,35.81757717669457,104.06731516343159,35.81757717669458,104.06731516343157,35.81757717669457,104.0673151634316,35.81757717669457,104.06731516343157,0.0,35.81757717669457,104.06731516343159,35.81757717669457,104.0673151634316,0.0,35.81757717669457,104.0673151634316,0.0,35.81757717669458,104.06731516343159,0.030568976526983604,35.81757717669458,104.0673151634316,0.0,35.81757717669458,104.0673151634316,0.0,37.0446469489177,-95.59523625501592,1.1023247708145765,0.008146896825445477,0.00027198044241578956,37.0446469489177,-95.59523625501592,0.998770753408921,0.0,0.0,37.0446469489177,-95.59523625501592,0.0,0.0005390188099536359,37.0446469489177,-95.59523625501592,2.054608234049218,0.000997983803693328,0.0006350858344604509,37.0446469489177,-95.59523625501592,0.9998418947070549,0.0,0.0001162647334882732,56.06136793893846,-106.21604459427597,0.0,0.0002772013848161975,-25.24332953241693,133.61069337010085,4.158573902764181,-0.00034441497950019745,-25.24332953241693,133.61069337010085,0.0,51.102795748758055,10.438678497292925,0.0,0.0,56.06136793893847,-106.216044594276,-8.380315285834872e-05,0.027775275260440935,-25.24332953241693,133.61069337010088,0.0,-25.243329532416933,133.61069337010085,0.0,37.0446469489177,-95.59523625501593,1.9985203946350008,0.0,37.0446469489177,-95.59523625501593,0.998770753408921,0.0,0.001014613937626301,37.0446469489177,-95.5952362550159,1.021011975152642,0.003144868681379592,37.0446469489177,-95.59523625501592,0.998770753408921,0.0,37.0446469489177,-95.59523625501592,0.9956769753784296,0.0,0.0,37.0446469489177,-95.59523625501592,0.998770753408921,0.0,0.0,37.0446469489177,-95.59523625501592,0.0,37.0446469489177,-95.59523625501592,1.997541506817842,0.0,0.0,56.06136793893847,-106.21604459427597,0.998770753408921,0.0,56.06136793893847,-106.21604459427598,0.0,37.0446469489177,-95.59523625501592,0.998770753408921,0.0,0.017768166930271924,0.0,0.0,60.92501595794417,0.0,0.0,0.0,0.0,37.0446469489177,-95.59523625501592,0.0,37.0446469489177,-95.59523625501592,0.998770753408921,0.0,0.0,37.0446469489177,-95.59523625501592,0.998770753408921,0.0,0.0,0.0,0.0,0.0,0.0,37.0446469489177,-95.59523625501592,0.9998344287213089,0.0,0.0,37.0446469489177,-95.59523625501592,10.98647828749813,0.0,0.0,37.0446469489177,-95.59523625501592,4.993853767044604,0.0,0.0,37.0446469489177,-95.59523625501592,1.997541506817842,0.0,0.0,37.0446469489177,-95.59523625501592,0.0,0.0,37.0446469489177,-95.59523625501592,0.0,0.0,37.0446469489177,-95.59523625501592,0.0,0.0,37.044646948917695,-95.59523625501595,36.25163372732508,0.0,0.0,2.4501831692780184e+38,7.934983714340798e+38,-2.7043386246344056e+38,9.446939653283074e+38,-1.0701547582418648e+36,-6.834510059791832e+36,-1.2364842177943305e+37,1.916644978464295e+38,2.2331497636207746e+37,3.6222531520183935e+38,1.1297296243842509e+30,4.438488806616919e+29,-6.532375053096702,0.15299003850728884,22.08676486444881,8.320171611444363e+47,-2.082399017085029e+50,5.031066766282579e+45,-9.416917508742825e+49,1.1990212373649828e+41,2.0426695297689818e+41,0.667166866044365,0.3593205245137435,175.4739152163812,104.08831384298955,3.84180378529437,0.22045962030053096,219.26594912463855,32.46913896161985,1.113866555589108,1.9433056547579173,143.99390252692496,65.77714748566073,322.28957998373255,1.011345672198537,39.82018086427594,89.99459827622402,13.55340334574284,142.5643816553841,212.1703233475085,44.70540908201435,7.915055088134041,2.071198202225359,52.24234393092233,0.7612216442714961,41.337207185332815,1.338601938191442,179.39844925155924,203.9240468500739,1.853366240888606,208.9296847664084,0.3888250485907954,528.2078366892605,1.172617077622044,67.47191714820161,221.30216096682705,342.4329265912651,16.078230768920584,31.406893778407706,72.85497016011684,4.802405273455684,14.04262657846042,39.06269437340125,0.4539257277893041,53.65683863946475,47.66587987943347,2.1552575502361706,75.1425440077083,1.1062861002024749,184.74370539180245,50.06969007462094,283.70510623251903,110.32574151712355,74.5156842562604,0.4940582285313717,146.01794521976691,0.6856571537541392,1.8395061282989313,13.242185452374034,0.5781871510153122,0.1391766382641011,0.4993853767044605,2.0381502947618326,0.9997496412260796,0.5009578110451501,0.4993853767044605,0.998770753408921,2.496926883522302,0.998770753408921,5.493239143749065,0.8126241977550186,3.995446153244117,2.0008102503186143,100.74601300333134,31.325328720815655,1.5050838966070494,4.4944683903401454,38.15109284678651,0.21432987099944376,23592.074334783894,790.6519463292403,4115.4761104655345,530.4382987189992,154.77455458690807,6.578226837920601,68.35396533010744,0.9895617656347717,24.593224213271345,28.170229671389755,109.70334478013694,34.66828201466997,0.8435350113153193,0.6947002335038387,15.405292297383285,51.23719075453802,28.179859882125672,114.60110183227438,15.158646986613729,0.28687305705239297,1.376329903575727,36.58626758304021,12.812334110713637,18.470665124882846,27.162092890210033,109.9954102015431,7.359476796943717,1.3952412844797688,81.8429818747115,24.51219276225334,7.140596245878495,12.022240550292565,3.4402103728529494,0.5992624520453522,0.19975415068178418,2.8228909774026714,4.2040623400452635,3.9286675232691453,1.6663588923747448,1.9591705054015935,3.0026291902288107,1.3626188558529475,392.2799372953287,0.6776028312707288,1.6644755281644605,0.3328523873777697
2020-03-03 03:00:00,0.11931045369010541,35.81760579042172,104.06739830009235,35.81760579042172,104.06739830009234,35.81760579042172,104.06739830009234,35.81760579042173,104.06739830009234,35.81760579042174,104.06739830009235,35.81760579042173,104.06739830009232,35.81760579042174,104.0673983000923,35.81760579042172,104.06739830009232,35.81760579042173,104.06739830009232,0.0,35.81760579042173,104.06739830009231,35.81760579042173,104.06739830009232,35.81760579042173,104.06739830009232,35.81760579042173,104.06739830009232,35.81760579042174,104.06739830009235,35.817605790421716,104.06739830009232,35.81760579042172,104.06739830009232,35.81760579042172,104.06739830009232,35.81760579042172,104.06739830009234,35.81760579042173,104.06739830009231,0.0,35.81760579042172,104.06739830009232,35.81760579042173,104.06739830009234,0.0,35.81760579042172,104.06739830009234,0.0,35.81760579042174,104.06739830009234,0.03257210224471202,35.81760579042173,104.06739830009234,0.0,35.81760579042173,104.06739830009234,0.0,37.04467654291886,-95.59531262355404,1.101606302345807,0.008088570319008226,0.0002698384072125264,37.04467654291886,-95.59531262355404,0.9987715513007964,0.0,0.0,37.04467654291886,-95.59531262355404,0.0,0.0005347208328874923,37.044676542918864,-95.59531262355404,2.054233574159131,0.0009918101341299008,0.0006305457139803138,37.04467654291886,-95.59531262355402,0.9998302284340739,0.0,0.00011444366025643426,56.06141272490146,-106.21612944750053,0.0,0.00026718579073471,-25.243349698653752,133.610800108195,4.176945815849665,-0.0003380647946186095,-25.243349698653752,133.61080010819504,0.0,51.10283657344721,10.438686836480608,0.0,0.0,56.061412724901466,-106.21612944750056,-8.516101867818687e-05,0.03229694034079024,-25.243349698653752,133.61080010819504,0.0,-25.243349698653752,133.610800108195,0.0,37.044676542918864,-95.59531262355404,1.9985187120218475,0.0,37.04467654291886,-95.59531262355405,0.9987715513007964,0.0,0.0010152710132373618,37.04467654291886,-95.59531262355402,1.0191297828430166,0.002909408758518247,37.04467654291886,-95.59531262355404,0.9987715513007964,0.0,37.04467654291886,-95.59531262355404,0.9958096286551124,0.0,0.0,37.04467654291886,-95.59531262355404,0.9987715513007964,0.0,0.0,37.044676542918864,-95.59531262355402,0.0,37.04467654291886,-95.59531262355404,1.9975431026015928,0.0,0.0,56.06141272490147,-106.21612944750055,0.9987715513007964,0.0,56.061412724901466,-106.21612944750055,0.0,37.04467654291886,-95.59531262355402,0.9987715513007964,0.0,0.019875080884188333,0.0,0.0,60.925064629348576,0.0,0.0,0.0,0.0,37.04467654291886,-95.59531262355404,0.0,37.04467654291886,-95.59531262355404,0.9987715513007964,0.0,0.0,37.04467654291886,-95.59531262355404,0.9987715513007964,0.0,0.0,0.0,0.0,0.0,0.0,37.04467654291886,-95.59531262355404,0.999835877118607,0.0,0.0,37.04467654291886,-95.59531262355404,10.98648706430876,0.0,0.0,37.04467654291886,-95.59531262355404,4.993857756503982,0.0,0.0,37.04467654291886,-95.59531262355404,1.9975431026015928,0.0,0.0,37.04467654291886,-95.59531262355404,0.0,0.0,37.04467654291886,-95.59531262355404,0.0,0.0,37.04467654291886,-95.59531262355404,0.0,0.0,37.04467654291885,-95.59531262355405,36.23342894668516,0.0,0.0,2.4373138246140167e+38,7.893305997505758e+38,-2.689942323443719e+38,9.39664972755405e+38,-1.0630267300466979e+36,-6.788987129550972e+36,-1.2292527201832122e+37,1.905435604835684e+38,2.222044395092653e+37,3.604239825366235e+38,1.1236444221447855e+30,4.414581226039326e+29,-6.532404939213008,0.15355130581072385,22.103530930123494,8.27647073329208e+47,-2.071313554940573e+50,4.9975561123461596e+45,-9.36184327852738e+49,1.1925628011504286e+41,2.030728656419094e+41,0.6671827066461119,0.35874750603215977,175.53115928002813,104.32060896872427,3.8769763493505454,0.2221646746843205,219.1218932998884,32.16606156786666,1.1137229244633466,1.9440871132585216,144.1905741417204,65.75743104245463,322.4308471780561,1.012962150059385,39.934985363564124,90.04187917952918,13.79771733215993,142.43529363852394,212.2953703230418,44.87453362710114,7.882531426394126,2.073747697297116,52.40909815524317,0.7613238085364913,41.35135272288974,1.3389381338861959,179.55119396281017,204.557369136369,1.8488087701084257,208.92073258316785,0.3889221518380061,528.296962226595,1.1724055282408765,67.68243349392375,222.49386996534395,342.5562681959348,16.16520994144892,31.174148444083983,72.96901465538726,4.806228875149395,13.902526480477118,39.04008843373405,0.45236127510173296,53.65977307402086,47.49110808431429,2.1533151419346863,74.97107904770078,1.1078775586059595,185.17350520977726,50.05442768707314,283.6757487628393,110.27292263083584,74.48097793481497,0.4930280739767106,145.81260570034934,0.6831070352216865,1.8414213111160218,13.44518158877974,0.5803587954772202,0.1395852971413204,0.4993857756503982,2.0417022474986575,0.9997471607210509,0.5008404800296572,0.4993857756503982,0.9987715513007964,2.496928878251991,0.9987715513007964,5.49324353215438,0.8116386946913767,3.995449523760873,2.000722599891862,100.74613681381659,31.325353745802822,1.5050428997222807,4.494471980853585,38.15112332469841,0.21598787642412365,23598.006119500278,790.9901096311178,4124.7565167104285,530.5027394817096,154.90835736349612,6.595679547511969,68.50326532004253,0.9940010312321548,24.473910467022808,28.164285381410565,109.7079081675445,34.735597811573776,0.8447196917820033,0.6940655667949575,15.357267201167199,51.15219155563459,28.180168475116574,114.6008970790705,15.158317125117701,0.2868305159036401,1.375692538275472,36.598515298604944,12.829541738917795,18.478499625345325,27.15074610680368,110.00335863937734,7.365472958825079,1.412546948806948,81.81711179295147,24.470322241188693,7.170539690715655,12.022250154546622,3.4402131211471874,0.5992629307804775,0.1997543102601593,2.821084256066638,4.21275490559901,3.9437876227532533,1.666391066841354,1.9549025284431074,2.995163628124909,1.3621019886571077,392.3532962102918,0.6788419779402012,1.6644758300857698,0.33285213939248653
2020-03-03 04:00:00,0.11834086655634074,35.81764365953307,104.06750832810249,35.81764365953307,104.06750832810246,35.81764365953307,104.06750832810246,35.81764365953307,104.06750832810248,35.817643659533076,104.06750832810249,35.81764365953307,104.06750832810246,35.817643659533076,104.06750832810243,35.81764365953307,104.06750832810245,35.81764365953307,104.06750832810246,0.0,35.81764365953307,104.06750832810245,35.81764365953307,104.06750832810245,35.81764365953307,104.06750832810246,35.81764365953307,104.06750832810246,35.817643659533076,104.06750832810249,35.81764365953306,104.06750832810246,35.81764365953307,104.06750832810246,35.81764365953307,104.06750832810245,35.81764365953307,104.06750832810248,35.81764365953306,104.06750832810245,0.0,35.81764365953306,104.06750832810246,35.817643659533076,104.06750832810246,0.0,35.81764365953307,104.06750832810246,0.0,35.817643659533076,104.06750832810246,0.03439967082465971,35.81764365953307,104.06750832810248,0.0,35.81764365953307,104.06750832810248,0.0,37.04471570938321,-95.59541369422745,1.1008543601445036,0.008027559426865588,0.0002676033275525831,37.04471570938321,-95.59541369422745,0.9987726072784434,0.0,0.0,37.04471570938321,-95.59541369422745,0.0,0.0005302375237299217,37.04471570938322,-95.59541369422745,2.0538411897093907,0.0009853246206606228,0.0006257963860711695,37.04471570938322,-95.59541369422746,0.9998183833528399,0.0,0.00011256693467272434,56.06147199731327,-106.21624174731352,0.0,0.0002569377675936263,-25.24337638785308,133.61094137174834,4.196177455941067,-0.00032715155628825973,-25.243376387853075,133.61094137174834,0.0,51.102890603273195,10.43869787305844,0.0,0.0,56.06147199731328,-106.21624174731355,-8.65257116713829e-05,0.03749210924000925,-25.243376387853075,133.61094137174837,0.0,-25.24337638785308,133.61094137174834,0.0,37.04471570938322,-95.59541369422745,1.9985184192434415,0.0,37.04471570938321,-95.59541369422746,0.9987726072784434,0.0,0.0010159377453231194,37.04471570938321,-95.59541369422743,1.0175806780026508,0.0027156285569452463,37.04471570938321,-95.59541369422745,0.9987726072784434,0.0,37.04471570938321,-95.59541369422745,0.9959865119589155,0.0,0.0,37.04471570938321,-95.59541369422745,0.9987726072784434,0.0,0.0,37.04471570938322,-95.59541369422743,0.0,37.04471570938321,-95.59541369422745,1.9975452145568868,0.0,0.0,56.06147199731328,-106.21624174731352,0.9987726072784434,0.0,56.06147199731328,-106.21624174731353,0.0,37.04471570938321,-95.59541369422743,0.9987726072784434,0.0,0.022055798202059194,0.0,0.0,60.92512904398504,0.0,0.0,0.0,0.0,37.04471570938321,-95.59541369422745,0.0,37.04471570938321,-95.59541369422745,0.9987726072784434,0.0,0.0,37.04471570938321,-95.59541369422745,0.9987726072784434,0.0,0.0,0.0,0.0,0.0,0.0,37.04471570938321,-95.59541369422745,0.999837589392139,0.0,0.0,37.04471570938321,-95.59541369422745,10.986498680062876,0.0,0.0,37.04471570938321,-95.59541369422745,4.9938630363922165,0.0,0.0,37.04471570938321,-95.59541369422745,1.9975452145568868,0.0,0.0,37.04471570938321,-95.59541369422745,0.0,0.0,37.04471570938321,-95.59541369422745,0.0,0.0,37.04471570938321,-95.59541369422745,0.0,0.0,37.044715709383205,-95.59541369422746,36.214387797395545,0.0,0.0,2.423719491691835e+38,7.849280386809611e+38,-2.674742474769541e+38,9.34355280697761e+38,-1.05555569440001e+36,-6.741273592895493e+36,-1.2216424586492746e+37,1.8936391181972664e+38,2.2102891527066207e+37,3.585172378802987e+38,1.1172222965487754e+30,4.3893499388734814e+29,-6.532436766867466,0.15423505386043834,22.12532811478421,8.230307987472144e+47,-2.059609343918099e+50,4.962432894080555e+45,-9.30388442708899e+49,1.1857467764906891e+41,2.0181621636374616e+41,0.6672036360656008,0.3581703404460229,175.60874218044557,104.58484663364192,3.899803139103577,0.22390792289859035,218.92237973730957,31.85290743023238,1.1132412020601992,1.9455073213767025,144.51100043973852,65.7064113376489,322.52308938544036,1.0140162555617793,40.086461191226554,90.10991500649921,14.032679204810957,142.32268597205248,212.46663584390197,45.097804136899136,7.837677796773967,2.0763075083050313,52.57587133887988,0.7615505858523003,41.36460992534743,1.339135417701768,179.67862109986274,205.31636284339237,1.8424973325706642,208.8886001294192,0.3889131588542063,528.4588194782643,1.172022297468384,67.8354991501084,223.78074457549306,342.70122120692196,16.28889531242506,30.971158253280063,73.08560357914853,4.811467036421832,13.77017701849191,39.01000298068085,0.4502801119329801,53.6664664373383,47.247247687493385,2.151027091925949,74.76600281054498,1.1099535392319368,185.7213019578848,49.99552304713566,283.6225458319617,110.2042573495482,74.45169377821654,0.4920541846359582,145.6012332983119,0.6804817293196936,1.844177892823723,13.652697590088533,0.5789271284152777,0.14013916298446571,0.4993863036392217,2.0455251795548572,0.9997458119649979,0.5007441179176941,0.4993863036392217,0.9987726072784434,2.4969315181961083,0.9987726072784434,5.493249340031438,0.8109424179100947,3.995453892877437,2.0006332321453644,100.7462871027612,31.325386865361832,1.5050001375190851,4.494476732752996,38.1511636609829,0.21770468313533498,23604.352853060358,791.3462595516779,4134.221397627696,530.4970797965196,154.9180361573586,6.614642332265625,68.64691474189644,0.9982719845699841,24.31839209724982,28.160561062202298,109.71087108949779,34.778003066159435,0.8454640029064446,0.6935297984690998,15.31670587463902,51.07183802383936,28.18129991480793,114.59959818124078,15.153002649468467,0.28665932387755966,1.3731301834795604,36.618201298012515,12.857739440617042,18.493043897331965,27.139621815703297,110.01118832578362,7.371357115844234,1.4295238059098958,81.78654516165403,24.420242633239496,7.198395686157227,12.022262865388667,3.4402167584035266,0.5992635643670657,0.19975452145568867,2.8198626649507625,4.222796853121193,3.9594390564805053,1.666435749674711,1.9508631631716478,2.98872675997235,1.3616265151719764,392.3068991574515,0.6780450240695235,1.664476582904824,0.3328519878131902
2020-03-03 05:00:00,0.11750927478997829,35.81769060893532,104.06764473873174,35.81769060893532,104.06764473873173,35.81769060893532,104.06764473873172,35.81769060893532,104.06764473873174,35.81769060893534,104.06764473873173,35.81769060893532,104.0676447387317,35.81769060893533,104.06764473873169,35.81769060893532,104.06764473873172,35.81769060893532,104.06764473873173,0.0,35.81769060893532,104.0676447387317,35.81769060893532,104.06764473873172,35.81769060893532,104.06764473873173,35.81769060893532,104.06764473873172,35.81769060893533,104.06764473873174,35.81769060893531,104.06764473873173,35.81769060893532,104.0676447387317,35.81769060893532,104.06764473873172,35.81769060893532,104.06764473873173,35.817690608935315,104.06764473873172,0.0,35.817690608935315,104.06764473873173,35.81769060893532,104.06764473873172,0.0,35.81769060893532,104.06764473873172,0.0,35.81769060893533,104.06764473873172,0.03600711934467578,35.817690608935315,104.06764473873173,0.0,35.817690608935315,104.06764473873172,0.0,37.044764267219,-95.5955389997214,1.1000685139342026,0.007963830578899989,0.00026527407116336103,37.044764267219,-95.5955389997214,0.9987739164593974,0.0,0.0,37.044764267219,-95.5955389997214,0.0,0.0005255666352285207,37.04476426721901,-95.5955389997214,2.0534308375151182,0.000978523205409445,0.0006208352320477093,37.044764267219,-95.59553899972141,0.9998063498962324,0.0,0.00011063402067876173,56.061545482119385,-106.21638097448066,0.0,0.0002464557032983844,-25.243409476613564,133.61111650760853,4.215975767773373,-0.0003104945946841228,-25.243409476613564,133.61111650760853,0.0,51.102957588421354,10.43871155599722,0.0,0.0,56.061545482119385,-106.21638097448067,-8.789700250835114e-05,0.04341303014471668,-25.243409476613564,133.61111650760856,0.0,-25.243409476613564,133.61111650760853,0.0,37.04476426721901,-95.59553899972141,1.9985193132381187,0.0,37.044764267219,-95.59553899972141,0.9987739164593974,0.0,0.0010166137703988317,37.044764267219,-95.59553899972138,1.016312753395452,0.0025570221768030886,37.044764267219,-95.5955389997214,0.9987739164593974,0.0,37.044764267219,-95.5955389997214,0.9962182102562347,0.0,0.0,37.044764267219,-95.5955389997214,0.9987739164593974,0.0,0.0,37.04476426721901,-95.5955389997214,0.0,37.044764267219,-95.5955389997214,1.9975478329187948,0.0,0.0,56.061545482119385,-106.21638097448066,0.9987739164593974,0.0,56.061545482119385,-106.21638097448067,0.0,37.044764267219,-95.5955389997214,0.9987739164593974,0.0,0.024277197929913237,0.0,0.0,60.925208904023236,0.0,0.0,0.0,0.0,37.044764267219,-95.5955389997214,0.0,37.044764267219,-95.5955389997214,0.9987739164593974,0.0,0.0,37.044764267219,-95.5955389997214,0.9987739164593974,0.0,0.0,0.0,0.0,0.0,0.0,37.044764267219,-95.5955389997214,0.9998395604038892,0.0,0.0,37.044764267219,-95.5955389997214,10.98651308105337,0.0,0.0,37.044764267219,-95.5955389997214,4.993869582296987,0.0,0.0,37.044764267219,-95.5955389997214,1.9975478329187948,0.0,0.0,37.044764267219,-95.5955389997214,0.0,0.0,37.044764267219,-95.5955389997214,0.0,0.0,37.044764267219,-95.5955389997214,0.0,0.0,37.044764267218994,-95.59553899972141,36.19493690830364,0.0,0.0,2.409390356059156e+38,7.802875097886064e+38,-2.6587282354348747e+38,9.287611013590553e+38,-1.0477372804731338e+36,-6.691341535664187e+36,-1.2136484388245937e+37,1.8812477768972998e+38,2.197875125661124e+37,3.565036358672411e+38,1.1104587139545166e+30,4.362777133319527e+29,-6.5324704906292945,0.15500793539973218,22.15225445929708,8.18165004670981e+47,-2.047278034537629e+50,4.925676563120368e+45,-9.243002917912479e+49,1.1785683516745593e+41,2.0049618010752606e+41,0.66723092612761,0.3576263420222097,175.7028393052574,104.86348478758491,3.9099600949636106,0.22565726240371203,218.66882757737145,31.539148889601137,1.1124315480949694,1.947540413488216,144.94981648379235,65.61816467423108,322.548591556153,1.0143050398018352,40.26762935417667,90.19886044128451,14.252537042450133,142.22615699923224,212.67562783542203,45.36500859230954,7.779992283296844,2.078686017190648,52.73061101353831,0.7618813749421064,41.3753769526787,1.3390850025783212,179.76229578009801,206.16612313586407,1.834476712634719,208.83399237810394,0.38880907268976933,528.6904649495464,1.171435083222102,67.91351594853063,225.12385459246326,342.8567818374572,16.44963049295864,30.797227930747713,73.20259650244864,4.817859760250266,13.647916177642449,38.97215831565312,0.44766294809736407,53.676298465523814,46.93611865501008,2.1485606479897625,74.54477667714838,1.112401219435197,186.3589739630815,49.8943586684624,283.5410043905166,110.11943508902611,74.42714128404408,0.4911535224826675,145.38974800928605,0.6778547362275201,1.8477822729588673,13.86091730338211,0.5739454940360716,0.14081088148724666,0.4993869582296987,2.04953902539712,0.999745396778721,0.5006654693181001,0.4993869582296987,0.9987739164593974,2.4969347911484934,0.9987739164593974,5.493256540526685,0.8105227217839346,3.995459242317947,2.0005421200035043,100.74646335396353,31.325427926359666,1.5049555745653547,4.494482624067289,38.15121366913939,0.21945387136756617,23610.259107865335,791.6798026660977,4143.198411265427,530.428595642993,154.81682327129238,6.634520648375973,68.78138229495623,1.002269613677754,24.125977063114092,28.15910683246084,109.71219599186848,34.79494665837468,0.8457579354124792,0.693080315321458,15.282655356134255,50.99752979699033,28.18341711307569,114.59697983177067,15.141742582383218,0.2863337425612097,1.3682607402323828,36.64534295235016,12.896938724140648,18.51315514451909,27.128963716110174,110.01873187108357,7.377000732613386,1.445800573582536,81.75347168430224,24.366064413124043,7.221715719901534,12.0222786240483,3.4402212678045907,0.5992643498756381,0.19975478329187948,2.8192066194836167,4.234305576481162,3.9753835766556636,1.6664961220584549,1.9474764153285349,2.9838843198996927,1.3612173183695997,392.1425175634322,0.6752420946375973,1.6644777825153045,0.33285193302795346
2020-03-03 06:00:00,0.11681113559422933,35.81774646414418,104.06780702501914,35.81774646414418,104.06780702501914,35.81774646414418,104.0678070250191,35.81774646414418,104.06780702501914,35.81774646414419,104.06780702501914,35.81774646414418,104.0678070250191,35.81774646414419,104.06780702501909,35.81774646414418,104.0678070250191,35.817746464144186,104.06780702501912,0.0,35.817746464144186,104.06780702501909,35.81774646414418,104.06780702501912,35.81774646414418,104.06780702501914,35.81774646414418,104.0678070250191,35.817746464144186,104.06780702501915,35.81774646414417,104.06780702501912,35.81774646414418,104.0678070250191,35.81774646414418,104.06780702501912,35.81774646414418,104.06780702501912,35.81774646414418,104.0678070250191,0.0,35.81774646414417,104.06780702501912,35.81774646414418,104.0678070250191,0.0,35.81774646414418,104.0678070250191,0.0,35.817746464144186,104.06780702501912,0.03735492215974269,35.81774646414417,104.06780702501912,0.0,35.81774646414417,104.06780702501912,0.0,37.04482203596427,-95.59568807434641,1.099248333984281,0.007897350251323404,0.00026284950784781665,37.04482203596427,-95.59568807434641,0.9987754739781753,0.0,0.0,37.04482203596428,-95.59568807434641,0.0,0.0005207059243868169,37.04482203596428,-95.59568807434641,2.0530022746611425,0.0009714018335206971,0.0006156596368055225,37.04482203596428,-95.59568807434643,0.9997941185332995,0.0,0.00010864438557074176,56.06163290621843,-106.21654661157345,0.0,0.00023573800916761728,-25.243448841963048,133.61132486489487,4.236001727138156,-0.00028664771786135815,-25.243448841963048,133.61132486489487,0.0,51.103037279945866,10.43872783444522,0.0,0.0,56.061632906218435,-106.21654661157348,-8.927465702106806e-05,0.050104408141396384,-25.243448841963048,133.61132486489487,0.0,-25.243448841963048,133.61132486489487,0.0,37.04482203596428,-95.59568807434641,1.9985212328007065,0.0,37.04482203596427,-95.59568807434641,0.9987754739781753,0.0,0.001017298738205071,37.04482203596427,-95.59568807434638,1.0152805669530123,0.0024278962713657213,37.04482203596427,-95.59568807434641,0.9987754739781753,0.0,37.04482203596427,-95.59568807434641,0.996517535223651,0.0,0.0,37.04482203596427,-95.59568807434641,0.9987754739781753,0.0,0.0,37.04482203596429,-95.59568807434641,0.0,37.04482203596427,-95.59568807434641,1.9975509479563507,0.0,0.0,56.061632906218435,-106.21654661157345,0.9987754739781753,0.0,56.06163290621844,-106.21654661157346,0.0,37.04482203596427,-95.59568807434641,0.9987754739781753,0.0,0.026500334392388233,0.0,0.0,60.92530391266868,0.0,0.0,0.0,0.0,37.04482203596427,-95.59568807434641,0.0,37.04482203596427,-95.59568807434641,0.9987754739781753,0.0,0.0,37.04482203596427,-95.59568807434641,0.9987754739781753,0.0,0.0,0.0,0.0,0.0,0.0,37.04482203596427,-95.59568807434641,0.9998417850354127,0.0,0.0,37.04482203596427,-95.59568807434641,10.986530213759927,0.0,0.0,37.04482203596427,-95.59568807434641,4.9938773698908765,0.0,0.0,37.04482203596427,-95.59568807434641,1.9975509479563507,0.0,0.0,37.04482203596427,-95.59568807434641,0.0,0.0,37.04482203596427,-95.59568807434641,0.0,0.0,37.04482203596427,-95.59568807434641,0.0,0.0,37.04482203596427,-95.59568807434643,36.17547033110459,0.0,0.0,2.394316604542318e+38,7.754058350509854e+38,-2.641888764199423e+38,9.228786476195196e+38,-1.039567122117187e+36,-6.639163073583095e+36,-1.2052656689999263e+37,1.868253843405186e+38,2.184793402610177e+37,3.543817310435234e+38,1.1033491417242659e+30,4.3348450015220485e+29,-6.532506066180141,0.15583197293418527,22.184184097348766,8.130463588072388e+47,-2.0343112788105585e+50,4.8872665931012824e+45,-9.179160734730773e+49,1.171022716056397e+41,1.9911193227608126e+41,0.667266144534886,0.3571497287592113,175.8086559810092,105.13712954457915,3.9073012281162725,0.2273768417184416,218.36490390307833,31.234292850642028,1.1113270427709088,1.9501174043577523,145.49336646248682,65.48653355631232,322.49314519546334,1.0136657285718895,40.46976731476392,90.30878867362883,14.451565503803488,142.14517785736766,212.91174608314893,45.66345627553888,7.709188421571408,2.080703830176765,52.86204522276067,0.7622838282324389,41.38211339582934,1.3386607846524519,179.78122787174914,207.0669983482433,1.8248627078651363,208.7591805730063,0.38862719266867074,528.9840506642553,1.1706099855567718,67.90254409266907,226.4830199839684,343.01071614632264,16.6476128846795,30.651435630379012,73.31760176724096,4.825082503771113,13.537710883295345,38.926399457651364,0.4444990998878593,53.68829528049558,46.562315071873186,2.146094627000118,74.32598021437863,1.1150862163477102,187.05310626324487,49.75528283421501,283.4264091697542,110.01885257430325,74.40668131410722,0.49034031659563293,145.18407206591286,0.6752995838770535,1.8522375805026987,14.065577594751131,0.5655779349598348,0.1415661588917917,0.49938773698908767,2.0536542767019133,0.999745758822531,0.5006016851247703,0.49938773698908767,0.9987754739781753,2.4969386849454382,0.9987754739781753,5.493265106879964,0.8103719604374977,3.9954655536807144,2.0004492366223112,100.74666505469364,31.32547677619587,1.5049091754737447,4.494489632901789,38.15127316331591,0.2212043827725913,23614.622652528597,791.9387613426926,4150.8485358683965,530.3087273021802,154.6252924293843,6.654699438174805,68.90315487919906,1.0058894478363087,23.897580678759002,28.159940851441583,109.71186885335105,34.78623674451658,0.8455978410572852,0.6927054426336716,15.25423360261819,50.930440996730105,28.186643330145998,114.59287137673041,15.123813195182088,0.28583429241855385,1.360795088361546,36.67993396150796,12.947117491928822,18.53705630944907,27.119026054131993,110.02581467104999,7.38226971614678,1.4609899116425866,81.72022691247491,24.31215194627912,7.238164268511093,12.022297371959514,3.440226632591492,0.599265284386905,0.19975509479563508,2.819106981748581,4.247386811658908,3.9913410501315805,1.6665761054466237,1.9451268236784298,2.981100327431921,1.3608952359504072,391.8656044152955,0.6705258615721322,1.6644794260337754,0.3328519760277999
2020-03-03 07:00:00,0.11624143468913115,35.81781105130808,104.06799468184215,35.817811051308084,104.06799468184214,35.81781105130808,104.06799468184214,35.817811051308084,104.06799468184215,35.81781105130809,104.06799468184214,35.817811051308084,104.06799468184211,35.81781105130809,104.06799468184211,35.817811051308084,104.06799468184214,35.817811051308084,104.06799468184212,0.0,35.817811051308084,104.06799468184212,35.817811051308084,104.06799468184212,35.817811051308084,104.06799468184214,35.817811051308084,104.06799468184212,35.81781105130809,104.06799468184215,35.81781105130807,104.06799468184214,35.81781105130808,104.06799468184211,35.817811051308084,104.06799468184212,35.81781105130808,104.06799468184214,35.81781105130808,104.06799468184212,0.0,35.81781105130808,104.06799468184212,35.817811051308084,104.06799468184214,0.0,35.81781105130808,104.06799468184214,0.0,35.81781105130809,104.06799468184214,0.0384109013386989,35.81781105130808,104.06799468184214,0.0,35.81781105130808,104.06799468184212,0.0,37.04488883581152,-95.59586045410178,1.0983933912089645,0.007828084974509042,0.0002603285097565501,37.04488883581152,-95.59586045410178,0.998777274986938,0.0,0.0,37.04488883581152,-95.59586045410178,0.0,0.0005156531530063693,37.04488883581153,-95.59586045410178,2.0525552585564775,0.0009639564540664496,0.0006102669894318437,37.04488883581152,-95.5958604541018,0.9997816797712071,0.0,0.00010659750016459024,56.06173399749944,-106.21673814303989,0.0,0.00022478312063529265,-25.243494361375316,133.611565795087,4.255878810628072,-0.0002538498505738132,-25.243494361375312,133.61156579508702,0.0,51.1031294298037,10.438746657735129,0.0,0.0,56.061733997499445,-106.2167381430399,-9.06584361770003e-05,0.05759999686913936,-25.243494361375312,133.61156579508705,0.0,-25.243494361375312,133.611565795087,0.0,37.04488883581153,-95.5958604541018,1.99852404995131,0.0,37.04488883581152,-95.59586045410181,0.998777274986938,0.0,0.001017992308941684,37.04488883581152,-95.59586045410177,1.0144447447611513,0.002323319388016853,37.04488883581152,-95.59586045410178,0.998777274986938,0.0,37.04488883581152,-95.59586045410178,0.9968998920814969,0.0,0.0,37.04488883581152,-95.59586045410178,0.998777274986938,0.0,0.0,37.04488883581153,-95.59586045410178,0.0,37.04488883581152,-95.59586045410178,1.997554549973876,0.0,0.0,56.06173399749945,-106.21673814303988,0.998777274986938,0.0,56.06173399749945,-106.2167381430399,0.0,37.04488883581152,-95.59586045410178,0.998777274986938,0.0,0.028681280297071645,0.0,0.0,60.92541377420321,0.0,0.0,0.0,0.0,37.04488883581152,-95.59586045410178,0.0,37.04488883581152,-95.59586045410178,0.998777274986938,0.0,0.0,37.04488883581152,-95.59586045410178,0.998777274986938,0.0,0.0,0.0,0.0,0.0,0.0,37.04488883581152,-95.59586045410178,0.9998442581885056,0.0,0.0,37.04488883581152,-95.59586045410178,10.986550024856315,0.0,0.0,37.04488883581152,-95.59586045410178,4.993886374934689,0.0,0.0,37.04488883581152,-95.59586045410178,1.997554549973876,0.0,0.0,37.04488883581152,-95.59586045410178,0.0,0.0,37.04488883581152,-95.59586045410178,0.0,0.0,37.04488883581152,-95.59586045410178,0.0,0.0,37.04488883581151,-95.5958604541018,36.1563381228352,0.0,0.0,2.3784884273458407e+38,7.702798375395964e+38,-2.6242132240871205e+38,9.1670413384898e+38,-1.0310408588606955e+36,-6.58471035863693e+36,-1.1964891612237298e+37,1.8546495860150703e+38,2.171035073543816e+37,3.5215007817191835e+38,1.0958890492003819e+30,4.305535743404981e+29,-6.532543450083298,0.1566669724449894,22.220778489189264,8.07671530009853e+47,-2.0207007320317816e+50,4.84718248434982e+45,-9.112319889895205e+49,1.163105061092081e+41,1.976626488914807e+41,0.6673112126949233,0.35677000082812954,175.9207294660731,105.38594285003948,3.8918581560134156,0.22902802905033137,218.01624320744332,30.947464471519904,1.109981548538635,1.9531324093813718,146.12091627452824,65.30598382979844,322.3470634472666,1.0119873521879839,40.682958641217546,90.43963993344924,14.624315612343567,142.07916486197075,213.16295748333295,45.97878238439863,7.6253117707460145,2.082205704219923,52.96043226597391,0.76271630873991,41.38344711252361,1.3377341978795732,179.71428372994666,207.9771057584266,1.8138332603284533,208.6678558376677,0.3883897703263937,529.3275316642806,1.1695162789737445,67.7933048386607,227.81918520978365,343.15045437706493,16.882801607636733,30.532764350218965,73.42804132266141,4.832766850644787,13.44117134193634,38.87276791152263,0.44079144266653086,53.701203372901375,46.13285791384524,2.143807141352234,74.12803797436655,1.1178600046500884,187.76682661206627,49.58533100363992,283.27448640139903,109.9035783532391,74.38973190250626,0.4896261671312571,144.9898776925189,0.6728866964147259,1.8575415960465915,14.262083762247414,0.5540895433065266,0.14236592232553674,0.499388637493469,2.0577737608118922,0.9997467749643719,0.5005502971874771,0.499388637493469,0.998777274986938,2.4969431874673447,0.998777274986938,5.493275012428158,0.8104877579340817,3.9954728084910878,2.0003545553975,100.74689169534716,31.32553326282338,1.504860904908925,4.494497737441221,38.15134195833447,0.22292119909892755,23616.20736264896,792.0650620145361,4156.248826007027,530.1521904066227,154.3697752352091,6.674579707889237,69.00889002806221,1.0090320907630577,23.63564462272837,28.163049846512084,109.70989879712455,34.7520353594917,0.8449863276368416,0.692394550294927,15.230637508976056,50.87152880823278,28.191054424099946,114.58716749768176,15.098773421581337,0.28514897616864754,1.3505553770547145,36.721922180088995,13.008187694629143,18.562469975285687,27.110063421617003,110.03226188685989,7.387029791624572,1.4747039542045852,81.68912749866186,24.26281479477104,7.245680099337664,12.022319050768694,3.440232836066119,0.5992663649921625,0.1997554549973876,2.819565631338971,4.262128066184251,4.006995529691791,1.6666805063131134,1.944140065920647,2.9807020187054074,1.3606755255460248,391.4849732702501,0.6640460903675185,1.6644815121831424,0.3328521185981021
2020-03-03 08:00:00,0.11579523600235292,35.81788419723162,104.06820720598473,35.81788419723163,104.06820720598472,35.81788419723163,104.06820720598472,35.81788419723163,104.06820720598473,35.817884197231635,104.06820720598472,35.81788419723163,104.06820720598469,35.817884197231635,104.06820720598469,35.81788419723163,104.06820720598472,35.817884197231635,104.0682072059847,0.0,35.817884197231635,104.06820720598469,35.81788419723163,104.0682072059847,35.81788419723163,104.06820720598472,35.81788419723163,104.06820720598472,35.817884197231635,104.06820720598473,35.81788419723161,104.06820720598472,35.81788419723163,104.06820720598469,35.81788419723163,104.0682072059847,35.81788419723163,104.06820720598472,35.81788419723162,104.0682072059847,0.0,35.81788419723162,104.0682072059847,35.81788419723163,104.06820720598472,0.0,35.81788419723162,104.06820720598472,0.0,35.817884197231635,104.06820720598472,0.03915228284692575,35.81788419723162,104.06820720598472,0.0,35.81788419723162,104.0682072059847,0.0,37.04496448763186,-95.59605567673809,1.0975032572678685,0.007756001340945312,0.00025770995166403583,37.04496448763186,-95.59605567673809,0.9987793146561431,0.0,0.0,37.044964487631866,-95.59605567673809,0.0,0.0005104060882372211,37.04496448763186,-95.59605567673809,2.0520895469896208,0.0009561830209683167,0.0006046546838258289,37.04496448763186,-95.5960556767381,0.9997690241571986,0.0,0.00010449283896338084,56.06184848487844,-106.21695505527376,0.0,0.00021358949796111693,-25.24354591278659,133.6118386521123,4.275205287998406,-0.00020996975681104868,-25.243545912786594,133.61183865211234,0.0,51.10323379088799,10.438767975390858,0.0,0.0,56.061848484878446,-106.21695505527379,-9.204809605334319e-05,0.06591889283078263,-25.243545912786594,133.61183865211237,0.0,-25.243545912786594,133.6118386521123,0.0,37.044964487631866,-95.5960556767381,1.9985276629704316,0.0,37.04496448763186,-95.5960556767381,0.9987793146561431,0.0,0.001018694151236603,37.04496448763186,-95.59605567673808,1.0137714915738405,0.0022390599786225535,37.04496448763186,-95.59605567673809,0.9987793146561431,0.0,37.04496448763186,-95.59605567673809,0.9973836753154323,0.0,0.0,37.04496448763186,-95.59605567673809,0.9987793146561431,0.0,0.0,37.04496448763187,-95.59605567673809,0.0,37.04496448763186,-95.59605567673809,1.9975586293122862,0.0,0.0,56.06184848487845,-106.21695505527376,0.9987793146561431,0.0,56.06184848487845,-106.21695505527377,0.0,37.04496448763186,-95.59605567673809,0.9987793146561431,0.0,0.030772388823481562,0.0,0.0,60.925538194024725,0.0,0.0,0.0,0.0,37.04496448763186,-95.59605567673809,0.0,37.04496448763186,-95.59605567673809,0.9987793146561431,0.0,0.0,37.04496448763186,-95.59605567673809,0.9987793146561431,0.0,0.0,0.0,0.0,0.0,0.0,37.04496448763186,-95.59605567673809,0.9998469747858655,0.0,0.0,37.04496448763186,-95.59605567673809,10.986572461217571,0.0,0.0,37.04496448763186,-95.59605567673809,4.993896573280715,0.0,0.0,37.04496448763186,-95.59605567673809,1.9975586293122862,0.0,0.0,37.04496448763186,-95.59605567673809,0.0,0.0,37.04496448763186,-95.59605567673809,0.0,0.0,37.04496448763186,-95.59605567673809,0.0,0.0,37.04496448763185,-95.5960556767381,36.13783867314205,0.0,0.0,2.361896020186455e+38,7.649063421110789e+38,-2.6056907847520015e+38,9.102337767333303e+38,-1.0221541369231413e+36,-6.527955585541702e+36,-1.1873139324190733e+37,1.8404272805771018e+38,2.156591231699493e+37,3.49807232541942e+38,1.0880739086974506e+30,4.274831570569564e+29,-6.532582599613407,0.15747310745262205,22.26151140980287,8.020371890044914e+47,-2.006438054601485e+50,4.8054037686482905e+45,-9.042442432881321e+49,1.1548105813920213e+41,1.961475067795173e+41,0.6673684714631244,0.35651057546401477,176.03327631316847,105.5911059791289,3.863846448414027,0.23057070086627995,217.63007033686716,30.686975838158645,1.1084661278761334,1.9564514328134874,146.80636194408902,65.07245049588211,322.10589613155514,1.0092189376831189,40.89672520994105,90.59116249718387,14.765875845667146,142.0275434248923,213.41657347839,46.29587465593781,7.5288358620739855,2.083071028470712,53.0182195075424,0.7631310943485399,41.37827074690588,1.3361898707375848,179.54271676307968,208.855025316329,1.801616537249085,208.5648841796347,0.38812232158286286,529.7056655953844,1.168131134356415,67.58188181715161,229.09648035081668,343.26402121051734,17.154812100074814,30.44021803488737,73.53123691625683,4.840524311727108,13.359579860727742,38.811561068779284,0.4365605100014201,53.713586090586986,45.65672891986798,2.1418635546732503,73.96797028184236,1.120568328023961,188.4618890689427,49.393760173755865,283.08206053202736,109.77527386085428,74.37577070094397,0.48902025636451996,144.81232602051298,0.6706801529269963,1.8636843707659305,14.44566300771883,0.5398312981222257,0.1431688046943856,0.49938965732807156,2.06179521425721,0.9997483483142885,0.5005091873173826,0.49938965732807156,0.9987793146561431,2.4969482866403574,0.9987793146561431,5.493286230608786,0.8108731034713759,3.995480988241336,2.0002580499725706,100.7471427692047,31.32559723476901,1.5048107275949167,4.494506915952644,38.151419869715994,0.22456635715010054,23613.770606023107,792.00049447601,4158.485220855225,529.9758596273967,154.08037515395603,6.6936103230485315,69.09557529441906,1.0116079605780397,23.343957292829018,28.168388435257892,109.70631859005249,34.69286660032274,0.843932393912731,0.6921380974808589,15.211146284265704,50.82155089514909,28.196674575809933,114.57983410398569,15.066489714519644,0.2842739535850951,1.3374851296204802,36.77118290071812,13.079956265685459,18.5867927615466,27.102319372040366,110.03790623444593,7.3911525015390795,1.4865716431037554,81.6623092294065,24.222004204373903,7.242621856560908,12.02234360234246,3.440239861593381,0.5992675887936856,0.19975586293122863,2.820595677673838,4.278591297104113,4.022004341352727,1.666815180719169,1.9447663711784426,2.98285301374285,1.3605666850571563,391.0122938602213,0.656001070787485,1.6644840417935647,0.33285236356871073
2020-03-03 09:00:00,0.11546814841842858,35.81796572939851,104.06844409620389,35.81796572939851,104.06844409620389,35.81796572939851,104.06844409620388,35.81796572939851,104.06844409620389,35.81796572939852,104.06844409620388,35.81796572939851,104.06844409620386,35.81796572939852,104.06844409620386,35.81796572939851,104.06844409620389,35.817965729398516,104.06844409620388,0.0,35.817965729398516,104.06844409620388,35.81796572939851,104.06844409620388,35.81796572939851,104.06844409620388,35.81796572939851,104.06844409620388,35.81796572939852,104.0684440962039,35.8179657293985,104.06844409620389,35.81796572939851,104.06844409620386,35.81796572939851,104.06844409620388,35.81796572939851,104.06844409620389,35.81796572939851,104.06844409620388,0.0,35.81796572939851,104.06844409620388,35.817965729398516,104.06844409620389,0.0,35.81796572939851,104.06844409620388,0.0,35.817965729398516,104.06844409620388,0.03956732568437342,35.8179657293985,104.06844409620389,0.0,35.8179657293985,104.06844409620386,0.0,37.04504881299877,-95.59627328181834,1.0965775046680077,0.007681066013307675,0.0002549927112488939,37.04504881299877,-95.59627328181834,0.998781588175185,0.0,0.0,37.04504881299878,-95.59627328181834,0.0,0.000504962503136263,37.045048812998765,-95.59627328181834,2.0516048981846318,0.0009480774939333234,0.0005988201193279676,37.04504881299877,-95.59627328181837,0.9997561422805571,0.0,0.00010232988032683049,56.06197609833438,-106.21719683668267,0.0,0.0002021556269481209,-25.24360337461172,133.61214279243137,4.293570147058478,-0.0001524452116038466,-25.24360337461172,133.61214279243137,0.0,51.10335011706078,10.438791737134236,0.0,0.0,56.061976098334384,-106.21719683668269,-9.344338781166594e-05,0.0750616792441512,-25.243603374611723,133.6121427924314,0.0,-25.243603374611716,133.61214279243137,0.0,37.04504881299878,-95.59627328181834,1.9985319908095849,0.0,37.04504881299877,-95.59627328181837,0.998781588175185,0.0,0.0010194039406576814,37.04504881299877,-95.59627328181833,1.013232051962312,0.002171518420726929,37.04504881299877,-95.59627328181834,0.998781588175185,0.0,37.04504881299877,-95.59627328181834,0.9979906848154082,0.0,0.0,37.04504881299877,-95.59627328181834,0.998781588175185,0.0,0.0,37.045048812998786,-95.59627328181834,0.0,37.04504881299877,-95.59627328181834,1.99756317635037,0.0,0.0,56.061976098334384,-106.21719683668269,0.998781588175185,0.0,56.061976098334384,-106.21719683668269,0.0,37.04504881299877,-95.59627328181834,0.998781588175185,0.0,0.032723952483691414,0.0,0.0,60.92567687868628,0.0,0.0,0.0,0.0,37.04504881299877,-95.59627328181834,0.0,37.04504881299877,-95.59627328181834,0.998781588175185,0.0,0.0,37.04504881299877,-95.59627328181834,0.998781588175185,0.0,0.0,0.0,0.0,0.0,0.0,37.04504881299877,-95.59627328181834,0.9998499297717365,0.0,0.0,37.04504881299877,-95.59627328181834,10.986597469927034,0.0,0.0,37.04504881299877,-95.59627328181834,4.993907940875924,0.0,0.0,37.04504881299877,-95.59627328181834,1.99756317635037,0.0,0.0,37.04504881299877,-95.59627328181834,0.0,0.0,37.04504881299877,-95.59627328181834,0.0,0.0,37.04504881299877,-95.59627328181834,0.0,0.0,37.045048812998765,-95.59627328181836,36.12021466828449,0.0,0.0,2.344529586460726e+38,7.592821761092195e+38,-2.5863106248809887e+38,9.034637961138667e+38,-1.0129026102437578e+36,-6.46887099831572e+36,-1.177735005517693e+37,1.825579212255321e+38,2.141452975503778e+37,3.4735175028480826e+38,1.0798991965099563e+30,4.242714710253288e+29,-6.532623472631308,0.15821350782845753,22.30570467723568,7.961400091247016e+47,-1.9915149138754266e+50,4.761910014071636e+45,-8.969490458926128e+49,1.1461344757906496e+41,1.945656837570236e+41,0.6674407547731371,0.3563877261357344,176.14056502411864,105.73623286592019,3.823677757226399,0.23196480056393853,217.214763276772,30.459908182342875,1.1068643108906808,1.9599231156259302,147.52031628968535,64.78408686956008,321.7707955468881,1.0053736998077327,41.10070540962208,90.76285002991659,14.872125692081362,141.98980232800463,213.66008510923837,46.59986896277598,7.420727003267424,2.0832220627230082,53.03056096740167,0.7634780987433072,41.36582093665723,1.333940545402723,179.25256908488367,209.66249827395052,1.7884771100883465,208.455982959202,0.3878517259656792,530.101235184369,1.1664438127836805,67.27007130018767,230.2837917453705,343.3409346514231,17.462804208405135,30.37292021620588,73.62451431204946,4.847971889553216,13.293928345082138,38.74337269030456,0.4318472873002052,53.72393568661842,45.144330432493646,2.1404054606101357,73.86025027258627,1.1230601692171178,189.10089745368302,49.19143419452441,282.84763748831216,109.63608055630385,74.36433481751243,0.4885296244932536,144.6558145043249,0.6687345516970891,1.8706456992465716,14.611550037372796,0.523220747066002,0.14393381050652695,0.4993907940875925,2.0656146225785195,0.9997504026344,0.5004765532979558,0.4993907940875925,0.998781588175185,2.496953970437962,0.998781588175185,5.493298734963517,0.8115362758679687,3.9954900744208124,2.0001596942469546,100.74741777226899,31.325668541153483,1.504758608322506,4.494517146788333,38.151506713704734,0.2261002826712424,23606.193856561364,791.69281693068,4156.74727886542,529.7975115182007,153.78873236005617,6.711312296651607,69.16068306100053,1.013541893697945,23.027397140487146,28.17587739810245,109.70118591459003,34.60963664168337,0.8424517734192176,0.6919276297075264,15.195121229070741,50.78108815876974,28.20347567935049,114.57090917308032,15.02713922572141,0.283213637719511,1.3216507167788774,36.827488991990954,13.162081397559973,18.607297701194682,27.096014569533978,110.04259609327988,7.3945214508620465,1.4962567721549878,81.64157837101473,24.19303448410367,7.227887267416262,12.02237096877537,3.4402476926034145,0.5992689529051107,0.19975631763503704,2.8222213136585883,4.296805076143054,4.036010028347559,1.66698721863408,1.9471673634586846,2.987536335805832,1.360569696058225,390.46144944765854,0.6466266988276639,1.6644870184548948,0.33285271513985476
2020-03-03 10:00:00,0.1152567045557426,35.81805547599392,104.06870485329485,35.81805547599392,104.06870485329486,35.81805547599392,104.06870485329485,35.81805547599393,104.06870485329486,35.81805547599393,104.06870485329485,35.81805547599393,104.06870485329483,35.81805547599394,104.06870485329483,35.81805547599392,104.06870485329486,35.81805547599393,104.06870485329485,0.0,35.81805547599393,104.06870485329483,35.81805547599393,104.06870485329485,35.81805547599392,104.06870485329485,35.81805547599392,104.06870485329483,35.81805547599394,104.06870485329488,35.818055475993916,104.06870485329486,35.81805547599392,104.06870485329483,35.81805547599393,104.06870485329485,35.81805547599392,104.06870485329485,35.81805547599392,104.06870485329483,0.0,35.81805547599392,104.06870485329485,35.81805547599393,104.06870485329486,0.0,35.81805547599392,104.06870485329485,0.0,35.81805547599393,104.06870485329485,0.03965637891728998,35.818055475993916,104.06870485329485,0.0,35.818055475993916,104.06870485329482,0.0,37.04514163421126,-95.59651281077782,1.095615706867195,0.007603245732640679,0.00025217566937789024,37.04514163421126,-95.59651281077782,0.9987840907530193,0.0,0.0,37.04514163421126,-95.59651281077782,0.0,0.000499320177233066,37.04514163421126,-95.59651281077782,2.0511010708579493,0.0009396358394030517,0.000592760701358195,37.04514163421126,-95.59651281077782,0.9997430247745693,0.0,0.00010010810664263375,56.062116568944155,-106.21746297775452,0.0,0.0001904800196663725,-25.243666625759925,133.6124775751215,4.310572089067032,-7.821745386441675e-05,-25.24366662575993,133.6124775751215,0.0,51.103478163184946,10.438817892891539,0.0,0.0,56.06211656894416,-106.21746297775454,-9.484405767310345e-05,0.08500661883305466,-25.243666625759932,133.61247757512155,0.0,-25.24366662575992,133.6124775751215,0.0,37.04514163421126,-95.59651281077782,1.9985369686289773,0.0,37.04514163421126,-95.59651281077782,0.9987840907530193,0.0,0.0010201213586250142,37.04514163421126,-95.59651281077781,1.0128021554566573,0.002117657180937457,37.04514163421126,-95.59651281077782,0.9987840907530193,0.0,37.04514163421126,-95.59651281077782,0.9987465494163247,0.0,0.0,37.04514163421126,-95.59651281077782,0.9987840907530193,0.0,0.0,37.04514163421127,-95.59651281077782,0.0,37.04514163421126,-95.59651281077782,1.9975681815060387,0.0,0.0,56.06211656894416,-106.21746297775454,0.9987840907530193,0.0,56.06211656894417,-106.21746297775454,0.0,37.04514163421126,-95.59651281077781,0.9987840907530193,0.0,0.03448619644149563,0.0,0.0,60.92582953593417,0.0,0.0,0.0,0.0,37.04514163421126,-95.59651281077782,0.0,37.04514163421126,-95.59651281077782,0.9987840907530193,0.0,0.0,37.04514163421126,-95.59651281077782,0.9987840907530193,0.0,0.0,0.0,0.0,0.0,0.0,37.04514163421126,-95.59651281077782,0.9998531181125407,0.0,0.0,37.04514163421126,-95.59651281077782,10.986624998283208,0.0,0.0,37.04514163421126,-95.59651281077782,4.993920453765095,0.0,0.0,37.04514163421126,-95.59651281077782,1.9975681815060387,0.0,0.0,37.04514163421126,-95.59651281077782,0.0,0.0,37.04514163421126,-95.59651281077782,0.0,0.0,37.04514163421126,-95.59651281077782,0.0,0.0,37.045141634211255,-95.59651281077782,36.10365233694017,0.0,0.0,2.3263793394443556e+38,7.53404170077181e+38,-2.5660619346318368e+38,8.963904158389526e+38,-1.003281941524545e+36,-6.407428896940242e+36,-1.1677474106102971e+37,1.8100976773107635e+38,2.1256114105430134e+37,3.447821886930685e+38,1.0713603939345812e+30,4.209167409346337e+29,-6.532666027492512,0.15885667388601069,22.352570916586142,7.899766670586969e+47,-1.9759229860421235e+50,4.716680829890686e+45,-8.893426117788477e+49,1.137071948431396e+41,1.9291635882186903e+41,0.6675314706680279,0.3564098574968025,176.23729062271428,105.80862672994672,3.7719750554419895,0.23317208474148413,216.77939378720652,30.271735643509963,1.105266579809636,1.9633906736505427,148.23242475900986,64.44184252944956,321.34851354921113,1.000529007555006,41.28533569691646,90.95387985263714,14.939961605111398,141.96553776747032,213.88200372926147,46.877151856190544,7.302471358570611,2.082629285429633,52.99565287484878,0.7637088336831979,41.34573454466634,1.3309397869942485,178.83670728628834,210.36694283032713,1.774701432996566,208.34734389805158,0.3876042559400351,530.4964061008044,1.164458913695237,66.86536158404402,231.35571924714156,343.3730060836179,17.80537187972163,30.330194105409767,73.70532002565264,4.854757815980743,13.244958880174472,38.66911034679567,0.4267144153408979,53.73079263879657,44.606918104639284,2.139541368678821,73.81583843081296,1.1251967642027763,189.64954092119294,48.99010754185247,282.571856424974,109.48848483470917,74.35501872746345,0.4881594694298634,144.5237498421393,0.6670921910948455,1.8783926326622922,14.755194973809981,0.5047201771890247,0.1446229954176419,0.49939204537650966,2.069130213902645,0.9997528778759581,0.5004508739669782,0.49939204537650966,0.9987840907530193,2.4969602268825475,0.9987840907530193,5.493312499141604,0.8124905933286843,3.9955000485388608,2.0000594623841947,100.74771620316007,31.32574703171104,1.5047045119567253,4.494528408388587,38.15160230729214,0.22748339386894634,23592.604902760184,791.1014631815411,4150.416416817144,529.6345211326475,153.52570730246052,6.727293680270705,69.20230849207468,1.0147772473693917,22.691625569308496,28.185401352580538,109.69458508123624,34.50366051405665,0.8405673973597901,0.6917557406577926,15.182002850790141,50.75056947661421,28.211380251379197,114.56049874065161,14.981192179176725,0.2819802356739115,1.3032345444252516,36.89047968589412,13.254026801242729,18.621349651552137,27.091335322192926,110.04620335222363,7.397038349707798,1.503475446317002,81.6282854104113,24.17834636377643,7.200997303154081,12.02240109239745,3.4402563125937324,0.5992704544518113,0.19975681815060387,2.824477293131063,4.316756586313753,4.048654704081831,1.667205146802264,1.9514068018924107,2.994548331547513,1.3606777324852797,389.84781062932547,0.63618413919736,1.664490449363873,0.33285317930542674
2020-03-03 11:00:00,0.11515864995729831,35.81815326592651,104.06898898015481,35.81815326592651,104.06898898015483,35.81815326592651,104.0689889801548,35.81815326592652,104.06898898015481,35.818153265926526,104.0689889801548,35.81815326592652,104.06898898015478,35.81815326592653,104.0689889801548,35.81815326592652,104.06898898015481,35.81815326592651,104.06898898015481,0.0,35.81815326592652,104.0689889801548,35.81815326592652,104.0689889801548,35.81815326592652,104.0689889801548,35.81815326592651,104.0689889801548,35.818153265926526,104.06898898015483,35.818153265926505,104.06898898015481,35.81815326592652,104.06898898015478,35.81815326592652,104.0689889801548,35.81815326592651,104.06898898015481,35.81815326592652,104.0689889801548,0.0,35.81815326592651,104.06898898015481,35.81815326592652,104.06898898015481,0.0,35.81815326592651,104.0689889801548,0.0,35.818153265926526,104.06898898015481,0.03943226731703905,35.81815326592651,104.06898898015481,0.0,35.81815326592651,104.06898898015478,0.0,37.04524277431658,-95.59677380698265,1.0946174383789256,0.007522507326658934,0.00024925771039397554,37.04524277431658,-95.59677380698265,0.9987868176187749,0.0,0.0,37.045242774316584,-95.59677380698265,0.0,0.000493476897103752,37.045242774316584,-95.59677380698265,2.0505778242760084,0.0009308540315169332,0.0005864738420631802,37.04524277431658,-95.59677380698267,0.9997296623184938,0.0,9.78270044998935e-05,56.06226962891704,-106.2177529711226,0.0,0.00017856121518391305,-25.243735545650324,133.61284236195877,4.32584065004886,1.633764014871697e-05,-25.243735545650328,133.6128423619588,0.0,51.1036176851556,10.438846392799881,0.0,0.0,56.06226962891705,-106.21775297112261,-9.624984689400075e-05,0.09570614525786367,-25.24373554565033,133.61284236195885,0.0,-25.24373554565032,133.61284236195877,0.0,37.045242774316584,-95.59677380698267,1.99854254425244,0.0,37.04524277431658,-95.59677380698267,0.9987868176187749,0.0,0.0010208460916180686,37.04524277431658,-95.59677380698264,1.0124614704169674,0.0020749321817079454,37.04524277431658,-95.59677380698265,0.9987868176187749,0.0,37.04524277431658,-95.59677380698265,0.9996811392947599,0.0,0.0,37.04524277431658,-95.59677380698265,0.9987868176187749,0.0,0.0,37.04524277431659,-95.59677380698265,0.0,37.04524277431658,-95.59677380698265,1.9975736352375497,0.0,0.0,56.06226962891706,-106.21775297112261,0.9987868176187749,0.0,56.06226962891706,-106.21775297112261,0.0,37.04524277431658,-95.59677380698265,0.9987868176187749,0.0,0.03601150297235384,0.0,0.0,60.92599587474526,0.0,0.0,0.0,0.0,37.04524277431658,-95.59677380698265,0.0,37.04524277431658,-95.59677380698265,0.9987868176187749,0.0,0.0,37.04524277431658,-95.59677380698265,0.9987868176187749,0.0,0.0,0.0,0.0,0.0,0.0,37.04524277431658,-95.59677380698265,0.9998565347974957,0.0,0.0,37.04524277431658,-95.59677380698265,10.98665499380652,0.0,0.0,37.04524277431658,-95.59677380698265,4.993934088093873,0.0,0.0,37.04524277431658,-95.59677380698265,1.9975736352375497,0.0,0.0,37.04524277431658,-95.59677380698265,0.0,0.0,37.04524277431658,-95.59677380698265,0.0,0.0,37.04524277431658,-95.59677380698265,0.0,0.0,37.04524277431657,-95.59677380698265,36.08828345458892,0.0,0.0,2.307435504525358e+38,7.4726915848074e+38,-2.5449339181085655e+38,8.890098646287384e+38,-9.932878032886843e+35,-6.343601644119191e+36,-1.1573461861142628e+37,1.7939749849113632e+38,2.109057651564389e+37,3.420971065452037e+38,1.0624529883082217e+30,4.174171938469783e+29,-6.532710222980645,0.15937853580742137,22.40125942448978,7.835438436077344e+47,-1.9596539580290593e+50,4.6696958715481205e+45,-8.814211622641994e+49,1.1276182098683883e+41,1.911987123458267e+41,0.6676446886256039,0.35657713466884544,176.3189257586481,105.80028220460085,3.709587189276037,0.23415794543262816,216.33328151308595,30.126015951253276,1.103764472272167,1.9667041350850518,148.91373745734955,64.04981409765387,320.8510414734993,0.9948222587280009,41.44248910440332,91.1630572702016,14.967476250426506,141.9544869809233,214.07265087920052,47.116302452613446,7.176062211984084,2.081313424387625,52.914860250309744,0.7637803114672219,41.31807816557568,1.3271912291955545,178.29629061358534,210.9435981576663,1.7605837463191385,208.24523008460457,0.3874036792308644,530.8741188687621,1.1621983638137077,66.3805529956031,232.2928687955397,343.3549796772726,18.18044354715628,30.31162375799393,73.7713431208167,4.860585733182127,13.213202358486512,38.58998846066356,0.42124571010519196,53.73286317517452,44.056050431877985,2.1393396430169607,73.84145189739789,1.126860093775239,190.07870071026247,48.801659596560384,282.25776634173627,109.3351731447561,74.3474708414034,0.4879134338831101,144.41836178525634,0.6657807580845394,1.8868772409880983,14.872480295448733,0.48481400691422794,0.14520397788870457,0.49939340880938743,2.07224690791324,0.9997557266336652,0.5004308749002412,0.49939340880938743,0.9987868176187749,2.4969670440469365,0.9987868176187749,5.49332749690326,0.8137539766484667,3.995510892142312,1.999957328820174,100.74803756305309,31.325832556808642,1.5046484034444176,4.494540679284487,38.15170646824024,0.22867789262307178,23572.4807207235,790.2023411043958,4139.1397289103115,529.5026069179388,153.31915082343613,6.741254265122114,69.21927893250742,1.015279153078162,22.342757636038296,28.19680648394789,109.68662869950597,34.37668828446781,0.8383098462909871,0.6916160094769375,15.171306125197873,50.730295392204944,28.220267405777843,114.54876866603365,14.92937612876893,0.2805928055377811,1.2825210243707117,36.959630206815426,13.3550171704607,18.626617374385514,27.088423406054012,110.04863037227133,7.3986283758456315,1.5080115756905719,81.62322845217858,24.179326088579057,7.162139528330416,12.022433915781544,3.440265705131335,0.5992720905712646,0.19975736352375498,2.8274079981934976,4.338383901601171,4.059596071496448,1.6674791474003472,1.9574455571118536,3.0035039577068163,1.3608763510937285,389.1874831848277,0.6249470468493696,1.6644943464206654,0.33285376440094505
2020-03-03 12:00:00,0.11517314298135625,35.81825892884982,104.06929598184527,35.81825892884982,104.06929598184529,35.81825892884983,104.06929598184526,35.81825892884983,104.06929598184527,35.818258928849836,104.06929598184526,35.81825892884983,104.06929598184524,35.81825892884984,104.06929598184526,35.81825892884983,104.06929598184527,35.81825892884983,104.06929598184527,0.0,35.81825892884983,104.06929598184526,35.81825892884983,104.06929598184526,35.81825892884983,104.06929598184526,35.81825892884982,104.06929598184526,35.81825892884984,104.06929598184529,35.818258928849815,104.06929598184527,35.81825892884983,104.06929598184524,35.81825892884983,104.06929598184526,35.81825892884983,104.06929598184527,35.81825892884983,104.06929598184526,0.0,35.81825892884983,104.06929598184527,35.81825892884983,104.06929598184527,0.0,35.81825892884982,104.06929598184526,0.0,35.818258928849836,104.06929598184527,0.03891996462855674,35.81825892884982,104.06929598184527,0.0,35.81825892884982,104.06929598184524,0.0,37.0453520571324,-95.5970558157871,1.09358227487867,0.007438817718160573,0.00024623772240815744,37.0453520571324,-95.5970558157871,0.9987897640223522,0.0,0.0,37.0453520571324,-95.5970558157871,0.0,0.00048743045695244513,37.045352057132405,-95.5970558157871,2.0500349183135995,0.0009217280530890992,0.0005799569609725094,37.045352057132405,-95.5970558157871,0.999716045639532,0.0,9.54860648644338e-05,56.062435011628224,-106.2180663116291,0.0,0.00016639778030389657,-25.24381001422701,133.61323651749805,4.339058157831243,0.00013547945815126083,-25.243810014227012,133.61323651749808,0.0,51.103768439930604,10.438877187213478,0.0,0.0,56.06243501162823,-106.21806631162912,-9.766049174210565e-05,0.10708394500778189,-25.243810014227012,133.6132365174981,0.0,-25.243810014227005,133.61323651749805,0.0,37.0453520571324,-95.5970558157871,1.9985486753641313,0.0,37.0453520571324,-95.5970558157871,0.9987897640223522,0.0,0.001021577830599332,37.0453520571324,-95.59705581578709,1.0121930840320899,0.0020412275215037972,37.0453520571324,-95.5970558157871,0.9987897640223522,0.0,37.045352057132405,-95.5970558157871,1.0008289421769885,0.0,0.0,37.0453520571324,-95.5970558157871,0.9987897640223522,0.0,0.0,37.04535205713241,-95.5970558157871,0.0,37.0453520571324,-95.5970558157871,1.9975795280447044,0.0,0.0,56.06243501162823,-106.21806631162913,0.9987897640223522,0.0,56.06243501162824,-106.21806631162912,0.0,37.0453520571324,-95.59705581578709,0.9987897640223522,0.0,0.03725672713811066,0.0,0.0,60.92617560536348,0.0,0.0,0.0,0.0,37.0453520571324,-95.59705581578709,0.0,37.0453520571324,-95.5970558157871,0.9987897640223522,0.0,0.0,37.0453520571324,-95.5970558157871,0.9987897640223522,0.0,0.0,0.0,0.0,0.0,0.0,37.0453520571324,-95.5970558157871,0.9998601748392182,0.0,0.0,37.0453520571324,-95.5970558157871,10.98668740424587,0.0,0.0,37.0453520571324,-95.5970558157871,4.9939488201117594,0.0,0.0,37.0453520571324,-95.5970558157871,1.9975795280447044,0.0,0.0,37.0453520571324,-95.5970558157871,0.0,0.0,37.0453520571324,-95.5970558157871,0.0,0.0,37.0453520571324,-95.5970558157871,0.0,0.0,37.0453520571324,-95.5970558157871,36.074189492693954,0.0,0.0,2.287688321469562e+38,7.408739804419451e+38,-2.5229157958725316e+38,8.813183769523198e+38,-9.829158789534218e+35,-6.277361672131076e+36,-1.1465263799577189e+37,1.7772034589675166e+38,2.0917828245063923e+37,3.3929506443496338e+38,1.05317247406093e+30,4.1377105961121134e+29,-6.532756018259404,0.15976399444525527,22.450901400335496,7.768382244553831e+47,-1.9426995294361583e+50,4.62093484570236e+45,-8.73180925909343e+49,1.1177684781839271e+41,1.8941192627016473e+41,0.6677852312623102,0.356881475444689,176.38202281323294,105.70855339176815,3.6375985712138528,0.23489317569497326,215.8855915749765,30.024169332397943,1.1024447038373302,1.9697319226006609,149.53895174983444,63.61533684233849,320.2949329465938,0.9884431213836307,41.5660239831013,91.3887713595257,14.954075218426617,141.95655149082924,214.22484041771614,47.30890546368755,7.043949682824456,2.0793440117215902,52.792624498579656,0.763658584127796,41.28334944845131,1.3227534503070182,177.6415259947108,211.37712475433108,1.7464133533380417,208.15557433129328,0.38726956613427843,531.2194062326004,1.1597019670984614,65.83305883412422,233.0815096111925,343.28496093699727,18.585202776479626,30.31709632122198,73.82063321039936,4.865235575797398,13.199010917333643,38.507498286910405,0.41554409121425845,53.72912587055597,43.50309213358783,2.1398240878868253,73.93911032981147,1.1279602758011713,190.36628441836547,48.637331326507145,281.9109025738323,109.17888910673845,74.34138921823555,0.48779384889239585,144.34057069978635,0.6648116840490937,1.8960348436684853,14.959931022519113,0.463987029105387,0.1456521003299635,0.4993948820111761,2.0748809447256242,0.9997589113417791,0.5004154957719278,0.4993948820111761,0.9987897640223522,2.4969744100558797,0.9987897640223522,5.493343702122935,0.8153483075843109,3.995522586828952,1.9998532682713817,100.74838135564737,31.325924967464733,1.5045902478218693,4.4945539381005855,38.151819015104536,0.22964963234063293,23545.721856216907,788.9912943925922,4122.882741203592,529.4147111865443,153.19191608716605,6.752980534712402,69.21122506626959,1.0150366327257112,21.9870373453199,28.20989905956224,109.67745877182932,34.23092245887539,0.8357176458112336,0.6915029224415987,15.162614577133413,50.72045821133561,28.229981199401536,114.53593312957054,14.872626214563967,0.27907593905810046,1.2598769620585064,37.03422479031367,13.463998591279221,18.62126578244981,27.0873680423969,110.04981547593785,7.399244402467033,1.5097290908853485,81.62659153280522,24.19619033119734,7.112168361767056,12.02246938175053,3.440275853854768,0.5992738584134111,0.19975795280447045,2.831066049286371,4.361569100138859,4.068524103076421,1.6678212877074183,1.965141061014879,3.013853302081897,1.3611441545610816,388.49658416336155,0.6131892682681807,1.6644987276432914,0.3328544818104694
2020-03-03 13:00:00,0.11530086634610442,35.81837229518336,104.0696253656532,35.81837229518336,104.0696253656532,35.818372295183366,104.06962536565318,35.818372295183366,104.0696253656532,35.818372295183366,104.06962536565318,35.81837229518336,104.06962536565317,35.81837229518337,104.06962536565318,35.81837229518336,104.06962536565318,35.818372295183366,104.06962536565318,0.0,35.818372295183366,104.06962536565318,35.818372295183366,104.06962536565317,35.818372295183366,104.06962536565318,35.81837229518336,104.06962536565317,35.81837229518338,104.0696253656532,35.81837229518335,104.0696253656532,35.818372295183366,104.06962536565317,35.818372295183366,104.06962536565318,35.818372295183366,104.06962536565318,35.81837229518336,104.06962536565317,0.0,35.818372295183366,104.06962536565318,35.818372295183366,104.0696253656532,0.0,35.81837229518336,104.06962536565317,0.0,35.818372295183366,104.06962536565318,0.038155576405102164,35.81837229518336,104.06962536565318,0.0,35.81837229518336,104.06962536565315,0.0,37.04546930726858,-95.59735838458967,1.0925097933117107,0.007352143933563704,0.00024311459759555724,37.04546930726858,-95.59735838458967,0.9987929252350104,0.0,0.0,37.04546930726858,-95.59735838458967,0.0,0.00048117865920102587,37.04546930726859,-95.59735838458967,2.049472113513059,0.00091225389659981,0.0005732074856643551,37.04546930726859,-95.59735838458968,0.9997021655148056,0.0,9.308478325633328e-05,56.06261245165173,-106.21840249638774,0.0,0.0001539883103095288,-25.24388991197389,133.6136594091513,4.349980978252733,0.0002841704924052904,-25.243889911973895,133.61365940915135,0.0,51.10393018556065,10.438910226709766,0.0,0.0,56.06261245165174,-106.21840249638775,-9.90757234731526e-05,0.11903294856544729,-25.2438899119739,133.61365940915138,0.0,-25.243889911973888,133.6136594091513,0.0,37.04546930726858,-95.59735838458968,1.9985553273015935,0.0,37.04546930726858,-95.59735838458968,0.9987929252350104,0.0,0.001022316270596765,37.04546930726858,-95.59735838458965,1.0119830198082682,0.0020147949489261836,37.04546930726858,-95.59735838458967,0.9987929252350104,0.0,37.04546930726859,-95.59735838458967,1.0022293709584198,0.0,0.0,37.04546930726858,-95.59735838458967,0.9987929252350104,0.0,0.0,37.0454693072686,-95.59735838458967,0.0,37.04546930726858,-95.59735838458967,1.9975858504700208,0.0,0.0,56.06261245165174,-106.21840249638777,0.9987929252350104,0.0,56.06261245165174,-106.21840249638777,0.0,37.04546930726858,-95.59735838458967,0.9987929252350104,0.0,0.03818543736338827,0.0,0.0,60.92636843933563,0.0,0.0,0.0,0.0,37.04546930726858,-95.59735838458967,0.0,37.04546930726858,-95.59735838458967,0.9987929252350104,0.0,0.0,37.04546930726858,-95.59735838458967,0.9987929252350104,0.0,0.0,0.0,0.0,0.0,0.0,37.04546930726858,-95.59735838458967,0.9998640332743145,0.0,0.0,37.04546930726858,-95.59735838458967,10.98672217758511,0.0,0.0,37.04546930726858,-95.59735838458967,4.99396462617505,0.0,0.0,37.04546930726858,-95.59735838458967,1.9975858504700208,0.0,0.0,37.04546930726858,-95.59735838458967,0.0,0.0,37.04546930726858,-95.59735838458967,0.0,0.0,37.04546930726858,-95.59735838458967,0.0,0.0,37.04546930726858,-95.59735838458967,36.06140727694947,0.0,0.0,2.2671280467210896e+38,7.342154804841781e+38,-2.499996807492307e+38,8.73312193918508e+38,-9.721618639190134e+35,-6.208681489783828e+36,-1.1352830507818416e+37,1.759775439995619e+38,2.073778068560867e+37,3.363746251058415e+38,1.0435143537850375e+30,4.09976571283006e+29,-6.53280337283821,0.16000781296116773,22.50065135971668,7.698565009487173e+47,-1.925051414499368e+50,4.570377515347049e+45,-8.64618139433851e+49,1.1075179801232632e+41,1.8755518430422174e+41,0.6679587674819936,0.3573069057603582,176.4244436381342,105.53643475631512,3.5573302694291167,0.23535553737115322,215.44499790061514,29.965361957961612,1.1013836790400813,1.9723708365735553,150.08834183808665,63.14881119630629,319.7003720901273,0.9816228582047624,41.652200169380805,91.62896749056206,14.900520709342967,141.9718100749755,214.33440069380782,47.45017270741788,6.908958799202789,2.0768345900612455,52.63615997937127,0.7633216400862813,41.24245116624437,1.317740009816202,176.89163485921097,211.66252401259135,1.7324639737374912,208.08360411571255,0.38721591470693245,531.5205286642757,1.1570264818327,65.24395030306454,233.71270433566448,343.1646009688174,19.016038527063984,30.34682550507164,73.85170523230259,4.868579555700897,13.20258091113089,38.423358419873026,0.40972816649137983,53.71891890791055,42.95879884248383,2.14097241737131,74.1059840177005,1.1284413240665359,190.49865465499443,48.50701229477728,281.539158441787,109.02230269063726,74.3365168144587,0.4878019099760521,144.28991866415907,0.6641792893891573,1.9057829230276118,15.014901348952025,0.44270487985810575,0.14595207256018547,0.4993964626175052,2.0769643614185465,0.9997624020665831,0.5004038600919681,0.4993964626175052,0.9987929252350104,2.496982313087525,0.9987929252350104,5.493361088792555,0.8172985600475013,3.995535114257993,1.9997472557432343,100.74874708715852,31.326024115367627,1.5045300102225294,4.494568163557547,38.15193976725634,0.23036993048887833,23512.69184188602,787.4859249074786,4101.956402199054,529.380090829386,153.16024533210293,6.762332520080384,69.17860740986013,1.0140633865143318,21.630540386846786,28.224445385275914,109.66724672573407,34.069019199569226,0.8328372752444856,0.6914117861572877,15.155573721027757,50.72115653769845,28.24034050655599,114.52224102297026,14.812026410437399,0.27745820300759483,1.2357283438226239,37.113335899763754,13.579608016412543,18.60411315646438,27.088200742766407,110.04973647448584,7.39886971473839,1.5085797920182589,81.63792106129958,24.227943196903553,7.052563623277696,12.02250743338438,3.440286742476146,0.599275755141006,0.19975858504700206,2.835510402789053,4.3861328387088685,4.075177186112796,1.6682457534687478,1.9742513719613397,3.0249085906751505,1.3614538925051134,387.7905919080524,0.6011737989188151,1.6645036189855906,0.3328553468752899
2020-03-03 14:00:00,0.11554405107801385,35.81849319613306,104.0699766411505,35.818493196133055,104.06997664115052,35.81849319613306,104.06997664115049,35.81849319613307,104.06997664115052,35.81849319613306,104.0699766411505,35.81849319613306,104.06997664115049,35.81849319613307,104.06997664115049,35.818493196133055,104.0699766411505,35.81849319613306,104.0699766411505,0.0,35.81849319613307,104.0699766411505,35.81849319613307,104.06997664115049,35.81849319613307,104.0699766411505,35.81849319613306,104.06997664115049,35.818493196133076,104.06997664115052,35.81849319613305,104.06997664115052,35.81849319613306,104.06997664115048,35.81849319613307,104.0699766411505,35.81849319613306,104.0699766411505,35.818493196133055,104.06997664115049,0.0,35.81849319613306,104.0699766411505,35.81849319613307,104.06997664115052,0.0,35.81849319613306,104.06997664115049,0.0,35.81849319613306,104.0699766411505,0.037184713063426245,35.818493196133055,104.0699766411505,0.0,35.818493196133055,104.06997664115048,0.0,37.04559435014838,-95.59768106288789,1.0913995720023202,0.007262453111550271,0.0002398872324950816,37.04559435014838,-95.59768106288789,0.9987962965499383,0.0,0.0,37.04559435014838,-95.59768106288789,0.0,0.0004747193150861431,37.045594350148384,-95.59768106288789,2.0488891711441775,0.000902427565199912,0.0005662228524396032,37.04559435014838,-95.5976810628879,0.9996880127733346,0.0,9.062265992913592e-05,56.06280168479253,-106.21876102484435,0.0,0.0001413314297142379,-25.243975119929164,133.6141104072643,4.358458385302352,0.00046813788937197925,-25.243975119929164,133.61411040726432,0.0,51.10410268121852,10.438945462095386,0.0,0.0,56.06280168479254,-106.21876102484437,-0.00010049526830815166,0.1314145541956647,-25.243975119929168,133.61411040726435,0.0,-25.24397511992916,133.6141104072643,0.0,37.04559435014838,-95.5976810628879,1.9985624713255978,0.0,37.04559435014838,-95.59768106288789,0.9987962965499383,0.0,0.0010230611104023284,37.04559435014838,-95.59768106288787,1.0118197991108684,0.001994198895629691,37.04559435014838,-95.59768106288789,0.9987962965499383,0.0,37.04559435014838,-95.59768106288789,1.0039269623702496,0.0,0.0,37.04559435014838,-95.59768106288789,0.9987962965499383,0.0,0.0,37.04559435014839,-95.59768106288789,0.0,37.04559435014838,-95.59768106288789,1.9975925930998766,0.0,0.0,56.06280168479255,-106.21876102484437,0.9987962965499383,0.0,56.06280168479254,-106.21876102484437,0.0,37.04559435014838,-95.59768106288789,0.9987962965499383,0.0,0.03876990380257782,0.0,0.0,60.926574089546236,0.0,0.0,0.0,0.0,37.04559435014838,-95.59768106288789,0.0,37.04559435014838,-95.59768106288789,0.9987962965499383,0.0,0.0,37.04559435014838,-95.59768106288789,0.9987962965499383,0.0,0.0,0.0,0.0,0.0,0.0,37.04559435014838,-95.59768106288789,0.9998681051639569,0.0,0.0,37.04559435014838,-95.59768106288789,10.986759262049317,0.0,0.0,37.04559435014838,-95.59768106288789,4.993981482749689,0.0,0.0,37.04559435014838,-95.59768106288789,1.9975925930998766,0.0,0.0,37.04559435014838,-95.59768106288789,0.0,0.0,37.04559435014838,-95.59768106288789,0.0,0.0,37.04559435014838,-95.59768106288789,0.0,0.0,37.04559435014837,-95.59768106288789,36.04993555143125,0.0,0.0,2.245744955733937e+38,7.272905092872175e+38,-2.4761662141277576e+38,8.649875641785109e+38,-9.610214666714114e+35,-6.137533689456459e+36,-1.1236112691587262e+37,1.741683287005923e+38,2.0550345382633425e+37,3.333343537901344e+38,1.0334741393186572e+30,4.060319655505239e+29,-6.532852246547944,0.1601147778411893,22.549722324767654,7.625953708900825e+47,-1.9067013440803606e+50,4.5180037049949583e+45,-8.557290486437626e+49,1.0968619522445254e+41,1.8562767212657714e+41,0.6681719028968021,0.3578302705456806,176.44549815818036,105.29243388626499,3.4703298726405074,0.2355309966628499,215.01942588050125,29.946504704132355,1.1006427088693782,1.974553594270605,150.54921075096834,62.66328312263094,319.09006371946396,0.9746216114764353,41.699928153162894,91.88114123914075,14.808898450590904,142.00052155125945,214.40049463287076,47.53932247115121,6.774184323703532,2.073934964191812,52.45496438225886,0.7627614297313634,41.196641146265605,1.3123146463860165,176.0740329090757,211.8052913326337,1.7189856031851363,208.03351482219784,0.38725018202328104,531.7698318813613,1.1542433296746042,64.63682280302402,234.18108637042366,342.999023344987,19.468533301695455,30.40135636629021,73.8636220264421,4.870591959626235,13.223964198281633,38.33945095658206,0.40392782671475674,53.70200112626849,42.432999847116996,2.142717690162863,74.33455369858329,1.128284838790309,190.47154352007357,48.41861930749015,281.1524666402753,108.86789905255581,74.3326365730795,0.48793776971351294,144.2645704796407,0.6638607960676759,1.9160209098277323,15.035721731118423,0.42139775168614013,0.14609896331562203,0.49939814827496914,2.0784489583623853,0.9997661747756593,0.5003952477227839,0.49939814827496914,0.9987962965499383,2.4969907413748444,0.9987962965499383,5.493379631024658,0.8196316810178664,3.995548456158318,1.9996392665384237,100.74913426632698,31.326129852893455,1.504467655884796,4.494583334474724,38.15206854490466,0.2308171854197624,23474.21846603,785.7256268651024,4077.0160055813326,529.4036765985476,153.23263560839956,6.7692252180097086,69.12269584809691,1.0123971843630821,21.278921571271194,28.240173669445888,109.65619204149716,33.89406811199706,0.8297227966485449,0.691338637825427,15.149884279980967,50.73240291269999,28.25114953343913,114.50796145761008,14.748747030303587,0.27577047953788847,1.210535615243933,37.19581254794522,13.700156066628468,18.57474088962235,27.090893494973393,110.04841190917784,7.397518965744777,1.504606110766741,81.65614154929725,24.272407763993876,6.985352082988174,12.022548014027029,3.4402983547831196,0.5992777779299626,0.19975925930998764,2.840803880183106,4.411831058035703,4.079356460382201,1.6687690755389935,1.9844438869419494,3.0358803036110626,1.3617739401877722,387.08380387268545,0.5891435720290144,1.6645090566650693,0.33285638005756535
2020-03-03 15:00:00,0.11590641293944146,35.818621463711395,104.07034932025255,35.81862146371139,104.07034932025256,35.81862146371139,104.07034932025253,35.818621463711395,104.07034932025255,35.81862146371139,104.07034932025253,35.818621463711395,104.07034932025252,35.818621463711395,104.07034932025253,35.81862146371138,104.07034932025255,35.81862146371139,104.07034932025255,0.0,35.818621463711395,104.07034932025253,35.818621463711395,104.07034932025253,35.81862146371139,104.07034932025255,35.818621463711395,104.07034932025253,35.8186214637114,104.07034932025256,35.818621463711374,104.07034932025255,35.818621463711395,104.07034932025252,35.8186214637114,104.07034932025253,35.81862146371139,104.07034932025255,35.81862146371139,104.07034932025252,0.0,35.81862146371139,104.07034932025255,35.818621463711395,104.07034932025255,0.0,35.818621463711395,104.07034932025252,0.0,35.81862146371139,104.07034932025255,0.036060380470941567,35.81862146371138,104.07034932025255,0.0,35.81862146371138,104.07034932025252,0.0,37.04572701202919,-95.59802340233183,1.0902511907644628,0.007169712511830573,0.00023655452831322296,37.04572701202919,-95.59802340233183,0.9987998732828147,0.0,0.0,37.04572701202918,-95.59802340233183,0.0,0.0004680502452643273,37.04572701202919,-95.59802340233183,2.0482858532649155,0.0008922450737297305,0.0005590005070053999,37.04572701202918,-95.59802340233185,0.99967357829802,0.0,8.809920005121118e-05,56.063002448117984,-106.2191413988365,0.0,0.00012842579301919343,-25.244065519699426,133.61458888519127,4.364447443045417,0.0006939232384378033,-25.244065519699426,133.6145888851913,0.0,51.10428568722767,10.43898284441204,0.0,0.0,56.06300244811798,-106.21914139883651,-0.00010191884741111035,0.14405938307641547,-25.24406551969943,133.61458888519132,0.0,-25.244065519699422,133.61458888519127,0.0,37.04572701202918,-95.59802340233185,1.9985700832692272,0.0,37.04572701202919,-95.59802340233183,0.9987998732828147,0.0,0.0010238120523552922,37.04572701202919,-95.59802340233182,1.0116940496392723,0.00197826741583057,37.04572701202919,-95.59802340233183,0.9987998732828147,0.0,37.04572701202918,-95.59802340233183,1.005971418174324,0.0,0.0,37.04572701202919,-95.59802340233183,0.9987998732828147,0.0,0.0,37.0457270120292,-95.59802340233183,0.0,37.04572701202919,-95.59802340233183,1.9975997465656294,0.0,0.0,56.063002448117984,-106.21914139883651,0.9987998732828147,0.0,56.06300244811799,-106.21914139883651,0.0,37.04572701202919,-95.59802340233183,0.9987998732828147,0.0,0.03899266593427262,0.0,0.0,60.9267922702517,0.0,0.0,0.0,0.0,37.04572701202919,-95.59802340233183,0.0,37.04572701202919,-95.59802340233183,0.9987998732828147,0.0,0.0,37.04572701202919,-95.59802340233183,0.9987998732828147,0.0,0.0,0.0,0.0,0.0,0.0,37.04572701202919,-95.59802340233183,0.9998723855944461,0.0,0.0,37.04572701202919,-95.59802340233183,10.986798606110959,0.0,0.0,37.04572701202919,-95.59802340233183,4.993999366414072,0.0,0.0,37.04572701202919,-95.59802340233183,1.9975997465656294,0.0,0.0,37.04572701202919,-95.59802340233183,0.0,0.0,37.04572701202919,-95.59802340233183,0.0,0.0,37.04572701202919,-95.59802340233183,0.0,0.0,37.045727012029175,-95.59802340233182,36.03974191652941,0.0,0.0,2.2235293453381336e+38,7.200959244535183e+38,-2.4514133011525306e+38,8.563407448419885e+38,-9.494904099006249e+35,-6.063890954241805e+36,-1.111506118827189e+37,1.7229193794181166e+38,2.0355434056146095e+37,3.301728185530711e+38,1.0230473528451976e+30,4.019354831663691e+29,-6.532902599524091,0.16009910796472665,22.597413267933486,7.550515393405177e+47,-1.8876410676859624e+50,4.4637933059356275e+45,-8.465099093727132e+49,1.0857956420856094e+41,1.836285775891564e+41,0.6684322618906289,0.3584222820906661,176.44597985664342,104.99004917299553,3.378349083334569,0.23541451621691323,214.61587940848773,29.96237208144322,1.1002641900690815,1.9762532669937105,150.91673662710656,62.17381785890572,318.48802711105856,0.9677145832433115,41.71082923313032,92.14235719214292,14.68251136454858,142.0431173855621,214.42571052324882,47.579683950559755,6.642871878430591,2.070821111003277,52.26018152022927,0.7619848648194876,41.14746288550535,1.3066820866509463,175.222796672482,211.8207802368168,1.7061990392226565,208.00820873215673,0.3873727816544713,531.9642515344074,1.15143515651798,64.03656602322476,234.4835014205434,342.7965019207436,19.937495413566488,30.4815513481079,73.85604727905888,4.871351926546706,13.263066628825738,38.257749169097075,0.3982792544208218,53.678582188159886,41.93438510657198,2.144952634137513,74.61307510255867,1.1275113435447788,190.29038157720703,48.377599975949025,280.762320941796,108.71789184198312,74.3295665773296,0.4882005385772162,144.2613873550955,0.6638172423797344,1.9266309833644033,15.021793188562013,0.40044797003540356,0.1460984540970254,0.49939993664140736,2.079309410560722,0.9997702099864124,0.5003890703493226,0.49939993664140736,0.9987998732828147,2.496999683207036,0.9987998732828147,5.4933993030554795,0.822375201621526,3.995562594335063,1.9995292762653145,100.74954240443834,31.326242033123727,1.504403150159883,4.494599429772668,38.152205169117565,0.23097816416568784,23431.557214259155,783.7698481086751,4049.0322990301825,529.485740744637,153.4092548098348,6.773607887494543,69.04550436127937,1.0100979247635269,20.937217891897287,28.256777986920294,109.64451933363654,33.70954842156584,0.8264350658626988,0.6912801566944762,15.145295494319095,50.75412388411477,28.262208133035827,114.49336954787044,14.683983467811654,0.2740443380300368,1.1847694261772044,37.28028050078461,13.823627229913559,18.53354730949956,27.095360457865127,110.04589989174711,7.395237283403471,1.4979385300028174,81.67960976071923,24.326330749058766,6.9129993513259915,12.022591067293137,3.440310674640805,0.5992799239696885,0.19975997465656295,2.8470100815351906,4.438354479699816,4.08093713718379,1.6694103357532142,1.9953085853389807,3.0459204004817355,1.362070069985072,386.38892278352785,0.577314427885625,1.6645150901318884,0.3328576084245366
2020-03-03 16:00:00,0.11639300068964314,35.81875693075698,104.07074291727498,35.81875693075698,104.070742917275,35.81875693075698,104.07074291727497,35.81875693075699,104.07074291727498,35.81875693075698,104.07074291727498,35.81875693075699,104.07074291727496,35.81875693075699,104.07074291727497,35.818756930756976,104.07074291727498,35.81875693075698,104.07074291727498,0.0,35.81875693075699,104.07074291727497,35.81875693075698,104.07074291727497,35.81875693075698,104.07074291727498,35.81875693075698,104.07074291727497,35.818756930757,104.070742917275,35.81875693075697,104.07074291727498,35.81875693075699,104.07074291727496,35.81875693075699,104.07074291727498,35.81875693075698,104.07074291727498,35.818756930756976,104.07074291727497,0.0,35.81875693075698,104.07074291727498,35.81875693075698,104.070742917275,0.0,35.81875693075699,104.07074291727497,0.0,35.81875693075698,104.07074291727498,0.034840544590655914,35.81875693075698,104.07074291727498,0.0,35.81875693075698,104.07074291727496,0.0,37.045867120022876,-95.59838495677657,1.0890642310139675,0.007073889524026267,0.0002331153912318671,37.045867120022876,-95.59838495677657,0.9988036507723563,0.0,0.0,37.045867120022876,-95.59838495677657,0.0,0.0004611692804251284,37.04586712002288,-95.59838495677657,2.047661922782911,0.0008817024497521017,0.0005515379051678967,37.045867120022876,-95.59838495677658,0.999658853027632,0.0,8.551391388910735e-05,56.06321447998852,-106.21954312265173,0.0,0.00011527008547747297,-25.24416099347354,133.61509421936842,4.368022522469646,0.0009689137853484894,-25.244160993473542,133.61509421936844,0.0,51.10447896509031,10.439022324942197,0.0,0.0,56.06321447998851,-106.21954312265174,-0.0001033461768673409,0.15676980573503982,-25.244160993473546,133.61509421936847,0.0,-25.24416099347354,133.61509421936842,0.0,37.04586712002287,-95.59838495677658,1.9985781424871305,0.0,37.045867120022876,-95.59838495677658,0.9988036507723563,0.0,0.001024568802187285,37.045867120022876,-95.59838495677656,1.0115981609986613,0.0019660490433485002,37.045867120022876,-95.59838495677657,0.9988036507723563,0.0,37.045867120022876,-95.59838495677657,1.0084174326503237,0.0,0.0,37.045867120022876,-95.59838495677657,0.9988036507723563,0.0,0.0,37.04586712002288,-95.59838495677658,0.0,37.045867120022876,-95.59838495677657,1.9976073015447127,0.0,0.0,56.06321447998852,-106.21954312265176,0.9988036507723563,0.0,56.063214479988524,-106.21954312265176,0.0,37.045867120022876,-95.59838495677657,0.9988036507723563,0.0,0.038847539788618844,0.0,0.0,60.927022697113735,0.0,0.0,0.0,0.0,37.045867120022876,-95.59838495677658,0.0,37.045867120022876,-95.59838495677657,0.9988036507723563,0.0,0.0,37.045867120022876,-95.59838495677657,0.9988036507723563,0.0,0.0,0.0,0.0,0.0,0.0,37.045867120022876,-95.59838495677657,0.999876869677763,0.0,0.0,37.045867120022876,-95.59838495677657,10.986840158495916,0.0,0.0,37.045867120022876,-95.59838495677657,4.99401825386178,0.0,0.0,37.045867120022876,-95.59838495677657,1.9976073015447127,0.0,0.0,37.045867120022876,-95.59838495677657,0.0,0.0,37.045867120022876,-95.59838495677657,0.0,0.0,37.045867120022876,-95.59838495677657,0.0,0.0,37.04586712002287,-95.59838495677657,36.03076970241108,0.0,0.0,2.2004715361398344e+38,7.12628591285489e+38,-2.4257273808138477e+38,8.473680024062581e+38,-9.375644316344415e+35,-5.987726065186901e+36,-1.0989626979457882e+37,1.703476119003525e+38,2.0152958622329698e+37,3.268885906419136e+38,1.0122295280085122e+30,3.976853693857658e+29,-6.532954392195347,0.15998315484505943,22.643128154887123,7.472217194348368e+47,-1.8678623555162016e+50,4.4077262815653014e+45,-8.36956988436257e+49,1.074314309347828e+41,1.8155709092421715e+41,0.6687485540454664,0.35904887509447114,176.4280944888833,104.64689733569398,3.28330969580667,0.23501032991191323,214.24034984326684,30.005839924485578,1.1002689358019364,1.9774842219176534,151.1941368080552,61.69672091397752,317.91837144969344,0.9611780055733261,41.689099893262345,92.40929444558249,14.52571025170662,142.10018404760936,214.41591459209113,47.57851593174004,6.518294781133289,2.067683508966649,52.06386452394954,0.761013725134529,41.09666273087101,1.3010752900191858,174.37655164719925,211.7328226483942,1.6942929959987902,208.00911271171304,0.38757707777439826,532.1054203331055,1.14869154501483,63.46811679905515,234.617742969358,342.5679180388939,20.417038592199518,30.58855736513108,73.82926390484802,4.871038932057242,13.319633749634166,38.18024246594051,0.3929197456334127,53.64931986581939,41.4703934620087,2.1475366286219453,74.92632458725522,1.126179168136107,189.97001600590715,48.38658598020214,280.38117991807314,108.57416304672702,74.32715542793316,0.48858819396463304,144.2760722306526,0.6639952870942942,1.937479959474838,14.973620033396207,0.38018166043734375,0.14596632921468014,0.49940182538617817,2.079545233201827,0.9997744917147738,0.5003848499078523,0.49940182538617817,0.9988036507723563,2.49700912693089,0.9988036507723563,5.493420079247958,0.825555567533462,3.9955775106749725,1.999417260846386,100.7499710153524,31.32636050986248,1.5043364585197678,4.494616428475605,38.15234946184314,0.2308488513067683,23386.32050410335,781.6947481592832,4019.2374460874344,529.6218931187371,153.68194433861186,6.775444735792001,68.94968722153415,1.0072445477706151,20.60971190147622,28.27392423769797,109.63247396377562,33.51926269999028,0.8230405465532987,0.6912335795956456,15.141598738814183,50.7861524994841,28.273321207025965,114.4787334528129,14.618900396456212,0.27231055105516383,1.1588885213366105,37.36515672142645,13.947700914206074,18.481741945335447,27.10146300397556,110.04229465417181,7.392097613131782,1.4887879059818474,81.70620437920246,24.38555499153537,6.83828107060309,12.022636537074655,3.4403236859936706,0.5992821904634135,0.19976073015447127,2.8541896562465583,4.465331483953234,4.0798757974006215,1.6701913338548597,2.0063754914088907,3.0541700833852072,1.3623074083638655,385.71677866526255,0.5658703913947614,1.6645217858398644,0.3328590675337539
2020-03-03 17:00:00,0.11700995518579238,35.818899430953806,104.07115694898964,35.818899430953806,104.07115694898964,35.8188994309538,104.07115694898964,35.818899430953806,104.07115694898965,35.8188994309538,104.07115694898964,35.81889943095381,104.07115694898962,35.818899430953806,104.07115694898962,35.818899430953806,104.07115694898962,35.8188994309538,104.07115694898964,0.0,35.818899430953806,104.07115694898964,35.818899430953806,104.07115694898964,35.81889943095381,104.07115694898962,35.818899430953806,104.07115694898964,35.81889943095381,104.07115694898964,35.8188994309538,104.07115694898965,35.81889943095381,104.07115694898962,35.818899430953806,104.07115694898962,35.8188994309538,104.07115694898962,35.8188994309538,104.07115694898962,0.0,35.8188994309538,104.07115694898965,35.818899430953806,104.07115694898964,0.0,35.81889943095381,104.07115694898962,0.0,35.818899430953806,104.07115694898964,0.03358553643457385,35.818899430953806,104.07115694898962,0.0,35.818899430953806,104.07115694898962,0.0,37.046014502115625,-95.59876528233335,1.0878382758821603,0.006974951676668784,0.00022956873272000564,37.046014502115625,-95.59876528233335,0.9988076243808515,0.0,0.0,37.046014502115625,-95.59876528233335,0.0,0.0004540742619120082,37.04601450211563,-95.59876528233335,2.0470171435177713,0.0008707957345992882,0.0005438325135340288,37.046014502115625,-95.59876528233336,0.9996438279588031,0.0,8.286631699286513e-05,56.06343752008769,-106.2199657030844,0.0,0.0001018630238646609,-25.24426142403614,133.61562578938526,4.369378474630231,0.00130134687645643,-25.244261424036143,133.6156257893853,0.0,51.104682277514726,10.439063855214698,0.0,0.0,56.06343752008768,-106.21996570308441,-0.00010477696766232527,0.1693243850196964,-25.244261424036146,133.61562578938532,0.0,-25.24426142403614,133.61562578938526,0.0,37.046014502115625,-95.59876528233335,1.9985866310412654,0.0,37.046014502115625,-95.59876528233333,0.9988076243808515,0.0,0.0010253310689121477,37.046014502115625,-95.59876528233333,1.011525985624562,0.0019567753407883524,37.046014502115625,-95.59876528233335,0.9988076243808515,0.0,37.046014502115625,-95.59876528233333,1.0113242437295604,0.0,0.0,37.046014502115625,-95.59876528233335,0.9988076243808515,0.0,0.0,37.04601450211564,-95.59876528233333,0.0,37.046014502115625,-95.59876528233335,1.997615248761703,0.0,0.0,56.06343752008769,-106.21996570308441,0.9988076243808515,0.0,56.063437520087696,-106.21996570308441,0.0,37.046014502115625,-95.59876528233333,0.9988076243808515,0.0,0.03833997233196375,0.0,0.0,60.92726508723192,0.0,0.0,0.0,0.0,37.046014502115625,-95.59876528233333,0.0,37.046014502115625,-95.59876528233335,0.9988076243808515,0.0,0.0,37.046014502115625,-95.59876528233335,0.9988076243808515,0.0,0.0,0.0,0.0,0.0,0.0,37.046014502115625,-95.59876528233335,0.9998815525521041,0.0,0.0,37.046014502115625,-95.59876528233335,10.986883868189363,0.0,0.0,37.046014502115625,-95.59876528233335,4.994038121904255,0.0,0.0,37.046014502115625,-95.59876528233335,1.997615248761703,0.0,0.0,37.046014502115625,-95.59876528233335,0.0,0.0,37.046014502115625,-95.59876528233335,0.0,0.0,37.046014502115625,-95.59876528233335,0.0,0.0,37.04601450211562,-95.59876528233333,36.022944442810044,0.0,0.0,2.1765618749546212e+38,7.048853835735585e+38,-2.3990977949293044e+38,8.380656136982941e+38,-9.25239286387106e+35,-5.909011908629004e+36,-1.0859761203628618e+37,1.6833459318539288e+38,1.9942831215366723e+37,3.2348024483996183e+38,1.0010162110435283e+30,3.9327987441069184e+29,-6.533007585276174,0.15979549824784572,22.686386698882526,7.391026332078634e+47,-1.8473570005409752e+50,4.349782672787222e+45,-8.27066564599123e+49,1.0624132270958212e+41,1.7941240495412185e+41,0.669130615862054,0.3596728211982673,176.39528729020964,104.28356179957186,3.1872601288099327,0.23433167401356006,213.89779843922418,30.068233829531565,1.1006547827641753,1.9782994928695272,151.39213527288342,61.24866747685999,317.4041210786983,0.9552756814157207,41.641189990924104,92.67831844392492,14.34367707361423,142.17243499930706,214.3798760400982,47.54655238545243,6.403634818128304,2.0647147181410532,51.878191831528355,0.7598834991059537,41.046099845269914,1.2957402227495571,173.57596042309146,211.57171475749752,1.6834235413234881,208.03608314149793,0.3878498758593093,532.1993689951163,1.1461042191409494,62.955263620162405,234.58159178948532,342.3260419632897,20.90070834146455,30.723753654118212,73.7841561089538,4.869921306509989,13.393224880862741,38.10886370233954,0.3879826936797687,53.615285253802305,41.047191573206625,2.150304955366422,75.25658537662629,1.1243809744481483,189.5338418102585,48.44521249773014,280.02180001875445,108.43822902080514,74.32527794802073,0.4890974055215288,144.30338172899766,0.6643298407545407,1.9484222524192072,14.892777895618766,0.360864390513627,0.14572723970128465,0.49940381219042573,2.0791814010699547,0.999779006660414,0.5003821998608198,0.49940381219042573,0.9988076243808515,2.4970190609521277,0.9988076243808515,5.493441934094681,0.8291961924788865,3.995593187150835,1.9993031965267205,100.75041961553778,31.32648513765308,1.5042675465652164,4.494634309713832,38.15250124592984,0.23043478696805325,23340.37905615882,779.5885503264547,3989.0505061113163,529.8034057167089,154.03480883176658,6.774700207388993,68.8384061920702,1.0039310856514292,20.29985459220138,28.29125772911846,109.62031645814294,33.32725228021009,0.8196098011262016,0.6911966224651886,15.138621592296449,50.828213891931604,28.28430665784535,114.46430341614251,14.554584609628387,0.27059783918581715,1.1333210398358766,37.44867966481947,14.06979571327343,18.421281686980425,27.109017643053967,110.03772112728525,7.388196542366844,1.4774334041453983,81.73344626689199,24.445250531631356,6.764142897671629,12.022684367547281,3.440337372867376,0.5992845746285106,0.19976152487617027,2.8623959372870136,4.49233481496545,4.076213005597271,1.6711366928454416,2.0171357924816826,3.059809065555295,1.362452453469421,385.07618282816475,0.5549611916076082,1.6645292320152245,0.3328608038171864
2020-03-03 18:00:00,0.11776417875664578,35.81904879884986,104.07159093467877,35.81904879884986,104.07159093467878,35.819048798849856,104.07159093467878,35.81904879884986,104.0715909346788,35.819048798849856,104.07159093467878,35.81904879884987,104.07159093467877,35.81904879884987,104.07159093467877,35.81904879884986,104.07159093467877,35.819048798849856,104.07159093467878,0.0,35.81904879884986,104.07159093467878,35.81904879884986,104.07159093467878,35.81904879884987,104.07159093467877,35.81904879884986,104.07159093467878,35.81904879884987,104.07159093467878,35.819048798849856,104.07159093467877,35.81904879884987,104.07159093467877,35.81904879884986,104.07159093467877,35.819048798849856,104.07159093467877,35.819048798849856,104.07159093467878,0.0,35.81904879884986,104.0715909346788,35.81904879884986,104.07159093467878,0.0,35.81904879884987,104.07159093467878,0.0,35.81904879884986,104.07159093467878,0.03235545512901422,35.81904879884986,104.07159093467877,0.0,35.81904879884986,104.07159093467877,0.0,37.04616898718724,-95.59916393741943,1.086572910330931,0.0068728666463126475,0.00022591346984936547,37.04616898718724,-95.59916393741943,0.9988117894946821,0.0,0.0,37.04616898718723,-95.59916393741943,0.0,0.00044676304235098316,37.046168987187244,-95.59916393741943,2.0463512802641253,0.0008595209844337627,0.0005358818102223148,37.04616898718724,-95.59916393741945,0.9996284941480216,0.0,8.015593038322895e-05,56.063671309451436,-106.22040864949115,0.0,8.8203357255498e-05,-25.244366694780812,133.6161829780544,4.368826994305011,0.0017002781294759017,-25.24436669478082,133.61618297805444,0.0,51.10489538844197,10.439107387010193,0.0,0.0,56.06367130945143,-106.22040864949115,-0.00010621092566123237,0.18148425256401046,-25.24436669478082,133.61618297805447,0.0,-25.244366694780815,133.6161829780544,0.0,37.04616898718723,-95.59916393741943,1.9985955330721552,0.0,37.04616898718724,-95.59916393741942,0.9988117894946821,0.0,0.0010260985647482387,37.04616898718724,-95.59916393741942,1.0114725820626163,0.0019498287604875122,37.04616898718724,-95.59916393741943,0.9988117894946821,0.0,37.04616898718723,-95.59916393741942,1.0147548411535385,0.0,0.0,37.04616898718724,-95.59916393741943,0.9988117894946821,0.0,0.0,37.046168987187244,-95.59916393741942,0.0,37.04616898718724,-95.59916393741943,1.9976235789893642,0.0,0.0,56.063671309451436,-106.22040864949115,0.9988117894946821,0.0,56.06367130945144,-106.22040864949116,0.0,37.04616898718724,-95.59916393741942,0.9988117894946821,0.0,0.037486710221085406,0.0,0.0,60.927519159175596,0.0,0.0,0.0,0.0,37.04616898718724,-95.59916393741942,0.0,37.04616898718724,-95.59916393741943,0.9988117894946821,0.0,0.0,37.04616898718724,-95.59916393741943,0.9988117894946821,0.0,0.0,0.0,0.0,0.0,0.0,37.04616898718724,-95.59916393741943,0.9998864293824063,0.0,0.0,37.04616898718724,-95.59916393741943,10.986929684441499,0.0,0.0,37.04616898718724,-95.59916393741943,4.994058947473409,0.0,0.0,37.04616898718724,-95.59916393741943,1.9976235789893642,0.0,0.0,37.04616898718724,-95.59916393741943,0.0,0.0,37.04616898718724,-95.59916393741943,0.0,0.0,37.04616898718724,-95.59916393741943,0.0,0.0,37.04616898718723,-95.59916393741942,36.01617971538914,0.0,0.0,2.151790737274135e+38,6.968631843949497e+38,-2.371513917620179e+38,8.284298668295665e+38,-9.125107463227923e+35,-5.82772148362637e+36,-1.0725415169037154e+37,1.6625212703765834e+38,1.9724964209565878e+37,3.199463598254474e+38,9.894029619221068e+29,3.8871725384012876e+29,-6.533062139762262,0.15956859207591945,22.72682754498574,7.306910124320546e+47,-1.8261168206046812e+50,4.289942603481672e+45,-8.168349295554345e+49,1.0500876829737093e+41,1.771937153039292e+41,0.6695894168706895,0.3602555367802043,176.35198238816923,103.92225075027807,3.0923257541715192,0.23339999945134984,213.59219958547615,30.139773456294257,1.1013965385100122,1.9787848394481673,151.52778446177578,60.845802026221,316.966144736313,0.9502467168313282,41.57531985623105,92.94557639127349,14.142179673349522,142.26067224957822,214.32869369244779,47.49730985527211,6.3018732986290145,2.0620970370463,51.71468808862248,0.7586412718241321,40.997654861326666,1.2909193995348092,172.86101285663682,211.37173128965134,1.6737154566605537,208.08740244300822,0.3881723794766594,532.2558505219178,1.1437620844495429,62.51955758961499,234.3723202242468,342.08469454595263,21.38165018475272,30.888680212463804,73.72215678319573,4.868338679701671,13.483177841762357,38.04542274861282,0.3835930048693112,53.577899327719216,40.669727906661585,2.153079776485196,75.58481738200942,1.1222382071660173,189.01241605814596,48.55011231661014,279.6965458009546,108.31123042578855,74.32383127632373,0.48972329286171884,144.33739561181645,0.6647474108845414,1.9593037983329007,14.781819991085975,0.34270040235612115,0.145412839170081,0.49940589474734104,2.078267537413165,0.9997837435774728,0.5003808091275846,0.49940589474734104,0.9988117894946821,2.4970294737367045,0.9988117894946821,5.4934648422207495,0.83331525950331,3.9956096058252255,1.99918705988252,100.75088772411058,31.32661577179456,1.5041963800338825,4.49465305272607,38.15266034514649,0.2297508700378541,23295.74364199113,777.545974107378,3959.988495773824,530.0178454905913,154.445357300007,6.7713313367826595,68.71518025525768,1.000262193960033,20.01024261726917,28.308411820801126,109.60831614259536,33.137700619785136,0.8162157701190164,0.6911674089611428,15.136222443377594,50.87990528738917,28.29500155280113,114.45030327044732,14.492008501207673,0.26893189802509193,1.1084500194155775,37.52895595134482,14.187137660787833,18.354755007494308,27.11780611712711,110.03232803357201,7.383648980743585,1.4642071285899099,81.75864242616264,24.500191225737545,6.693558286573953,12.022734503176725,3.440351719370571,0.599287073696809,0.1997623578989364,2.8716699923780302,4.518892344524996,4.070071006970657,1.6722738755424469,2.027065760472473,3.0621030395219853,1.3624750183375167,384.4739009643161,0.5447018048732171,1.6645375446593433,0.33286287758233046
2020-03-03 19:00:00,0.11866291583599065,35.81920486987551,104.07204439618829,35.819204869875506,104.0720443961883,35.8192048698755,104.07204439618829,35.81920486987551,104.0720443961883,35.8192048698755,104.0720443961883,35.81920486987551,104.07204439618829,35.81920486987551,104.07204439618828,35.819204869875506,104.07204439618829,35.819204869875506,104.07204439618829,0.0,35.819204869875506,104.0720443961883,35.81920486987551,104.07204439618829,35.81920486987551,104.07204439618829,35.81920486987551,104.07204439618829,35.81920486987551,104.0720443961883,35.8192048698755,104.07204439618829,35.81920486987551,104.07204439618829,35.819204869875506,104.07204439618829,35.819204869875506,104.07204439618829,35.819204869875506,104.07204439618828,0.0,35.819204869875506,104.0720443961883,35.81920486987551,104.0720443961883,0.0,35.81920486987552,104.07204439618829,0.0,35.819204869875506,104.0720443961883,0.031207704272931402,35.81920486987551,104.07204439618829,0.0,35.81920486987551,104.07204439618828,0.0,37.04633040503008,-95.59958048280706,1.0852677212693198,0.006767602266769257,0.00022214852561411487,37.04633040503008,-95.59958048280706,0.9988161415248348,0.0,0.0,37.04633040503008,-95.59958048280706,0.0,0.0004392334862873791,37.04633040503009,-95.59958048280706,2.045664098855492,0.0008478742713233581,0.0005276832855829715,37.04633040503008,-95.59958048280708,0.9996128427136342,0.0,7.738228074090706e-05,56.06391559049675,-106.22087147384516,0.0,7.428986780754626e-05,-25.244476689722994,133.61676517147995,4.366786266065983,0.002175502729602173,-25.244476689723,133.61676517147998,0.0,51.10511806307198,10.439152872366485,0.0,0.0,56.06391559049675,-106.22087147384518,-0.00010764775158897139,0.19300128142885314,-25.244476689723,133.61676517148,0.0,-25.244476689722998,133.61676517147995,0.0,37.046330405030076,-95.59958048280706,1.998604834315058,0.0,37.04633040503008,-95.59958048280704,0.9988161415248348,0.0,0.0010268710050641739,37.04633040503008,-95.59958048280704,1.011433996865537,0.0019447153456223156,37.04633040503008,-95.59958048280706,0.9988161415248348,0.0,37.04633040503008,-95.59958048280704,1.0187747648692662,0.0,0.0,37.04633040503008,-95.59958048280706,0.9988161415248348,0.0,0.0,37.04633040503009,-95.59958048280704,0.0,37.04633040503008,-95.59958048280706,1.9976322830496696,0.0,0.0,56.06391559049675,-106.22087147384518,0.9988161415248348,0.0,56.06391559049675,-106.22087147384518,0.0,37.04633040503008,-95.59958048280704,0.9988161415248348,0.0,0.03631481436272674,0.0,0.0,60.92778463301491,0.0,0.0,0.0,0.0,37.04633040503008,-95.59958048280704,0.0,37.04633040503008,-95.59958048280706,0.9988161415248348,0.0,0.0,37.04633040503008,-95.59958048280706,0.9988161415248348,0.0,0.0,0.0,0.0,0.0,0.0,37.04633040503008,-95.59958048280706,0.9998914953608582,0.0,0.0,37.04633040503008,-95.59958048280706,10.98697755677318,0.0,0.0,37.04633040503008,-95.59958048280706,4.994080707624172,0.0,0.0,37.04633040503008,-95.59958048280706,1.9976322830496696,0.0,0.0,37.04633040503008,-95.59958048280706,0.0,0.0,37.04633040503008,-95.59958048280706,0.0,0.0,37.04633040503008,-95.59958048280706,0.0,0.0,37.046330405030076,-95.59958048280706,36.01038220712781,0.0,0.0,2.1261485297671496e+38,6.885588869236697e+38,-2.342965158083076e+38,8.1845706216426e+38,-8.993746024348315e+35,-5.743827909488879e+36,-1.0586540366751669e+37,1.6409946153165816e+38,1.9499270241799368e+37,3.1628551853548322e+38,9.773853555150205e+29,3.8399576912653726e+29,-6.5331180169280705,0.15933615050800953,22.764205022409158,7.219835994667894e+47,-1.8041336605604477e+50,4.228186286049241e+45,-8.062583889223463e+49,1.0373329804383588e+41,1.7490022061690463e+41,0.6701370174849814,0.3607589980499974,176.30325512353244,103.58536224408586,3.0006567516459635,0.23224373754477387,213.32662974720077,30.210090929621444,1.1024472737158302,1.9790500671263322,151.62275382500874,60.502865226389446,316.6222277691983,0.9462948913160453,41.50087428089932,93.20711106259077,13.92731769450161,142.36573759048565,214.27506865886704,47.44620985142179,6.215696553030635,2.059990997482142,51.58349797424309,0.7573428442110314,40.95314229366259,1.2868354564638653,172.26832474755628,211.16836807058246,1.6652650435976049,208.15986752238697,0.388521552818581,532.2873529348815,1.141746421046561,62.17936928906507,233.98674986319236,341.8578504389532,21.852810683692006,31.084946993519658,73.6451650688828,4.866679711398403,13.58856768697413,37.99154888791027,0.37986312346942686,53.53884638648891,40.34184307942856,2.155682158459111,75.89193841706869,1.1198939011045146,188.44166249831295,48.695085473764614,279.41672140221596,108.19394249002956,74.32273137590782,0.490459139476523,144.37183052162845,0.6651699969835001,1.9699667302012271,14.64413024089787,0.32583486793075467,0.1450594397284038,0.4994080707624174,2.076875713502914,0.9997886927902229,0.5003804284352283,0.4994080707624174,0.9988161415248348,2.497040353812086,0.9988161415248348,5.49348877838659,0.8379233217476365,3.9956267488537387,1.9990688278296784,100.75137486287578,31.326752268357627,1.5041229248084902,4.494672636861757,38.152826584201705,0.22882065437884103,23254.43641825417,775.6621796955474,3933.569820147761,530.2499755157145,154.88612457499426,6.765288526207054,68.58372996250029,0.9963485226702855,19.742641680310772,28.325016983143907,109.59674447314704,32.9548318538063,0.8129319692820447,0.691144406672564,15.134285669921834,50.94067239663067,28.30526635739136,114.43692460260162,14.432005029308433,0.2673347300017172,1.084603441705232,37.60402257633489,14.296851238727882,18.28522425501169,27.127586807896602,110.02628008203338,7.378582148706039,1.4494767534210893,81.77904499948649,24.545060352213845,6.629391818877942,12.022786888724859,3.4403667096966517,0.5992896849149006,0.19976322830496693,2.882035206580087,4.544501844304459,4.06164673643355,1.6736330807884292,2.035652325236067,3.0604460226293955,1.362349964953562,383.91472640265306,0.5351736996817174,1.664546875068036,0.3328653667716005
2020-03-03 20:00:00,0.1197132488058988,35.81936748036129,104.07251685797956,35.81936748036128,104.07251685797958,35.81936748036128,104.07251685797956,35.81936748036129,104.07251685797956,35.81936748036128,104.07251685797958,35.819367480361294,104.07251685797956,35.81936748036129,104.07251685797955,35.81936748036129,104.07251685797956,35.81936748036128,104.07251685797956,0.0,35.81936748036129,104.07251685797958,35.81936748036129,104.07251685797956,35.819367480361294,104.07251685797956,35.81936748036129,104.07251685797956,35.819367480361294,104.07251685797958,35.81936748036128,104.07251685797956,35.819367480361294,104.07251685797956,35.81936748036128,104.07251685797956,35.81936748036128,104.07251685797955,35.81936748036128,104.07251685797955,0.0,35.81936748036128,104.07251685797958,35.81936748036129,104.07251685797958,0.0,35.81936748036129,104.07251685797956,0.0,35.81936748036128,104.07251685797958,0.030194765546215405,35.81936748036129,104.07251685797956,0.0,35.81936748036129,104.07251685797955,0.0,37.04649858636758,-95.60001448167102,1.0839222976715717,0.006659126538458848,0.0002182728292545507,37.04649858636758,-95.60001448167102,0.9988206759073974,0.0,0.0,37.04649858636758,-95.60001448167102,0.0,0.0004314834708304925,37.04649858636759,-95.60001448167102,2.0449553662289395,0.0008358516843306185,0.0005192344429272439,37.04649858636758,-95.60001448167104,0.9995968648378509,0.0,7.454490059782132e-05,56.06417010704958,-106.22135369078919,0.0,6.012137155106401e-05,-25.24459129351257,133.61737175912396,4.363764510071577,0.0027374185540388826,-25.244591293512578,133.61737175912398,0.0,51.105350067889056,10.439200263583734,0.0,0.0,56.06417010704958,-106.22135369078919,-0.00010908714101088256,0.2036277500633536,-25.244591293512578,133.61737175912398,0.0,-25.244591293512574,133.61737175912396,0.0,37.046498586367576,-95.60001448167104,1.9986145217288949,0.0,37.04649858636758,-95.60001448167102,0.9988206759073974,0.0,0.0010276481083413818,37.04649858636758,-95.60001448167102,1.0114070810172473,0.0019410417569116233,37.04649858636758,-95.60001448167102,0.9988206759073974,0.0,37.04649858636758,-95.60001448167102,1.0234504320988007,0.0,0.0,37.04649858636758,-95.60001448167102,0.9988206759073974,0.0,0.0,37.04649858636759,-95.60001448167102,0.0,37.04649858636758,-95.60001448167102,1.9976413518147949,0.0,0.0,56.06417010704957,-106.22135369078919,0.9988206759073974,0.0,56.06417010704958,-106.22135369078921,0.0,37.04649858636758,-95.60001448167102,0.9988206759073974,0.0,0.03486011152722395,0.0,0.0,60.92806123035123,0.0,0.0,0.0,0.0,37.04649858636758,-95.60001448167102,0.0,37.04649858636758,-95.60001448167102,0.9988206759073974,0.0,0.0,37.04649858636758,-95.60001448167102,0.9988206759073974,0.0,0.0,0.0,0.0,0.0,0.0,37.04649858636758,-95.60001448167102,0.9998967457073981,0.0,0.0,37.04649858636758,-95.60001448167102,10.98702743498137,0.0,0.0,37.04649858636758,-95.60001448167102,4.994103379536986,0.0,0.0,37.04649858636758,-95.60001448167102,1.9976413518147949,0.0,0.0,37.04649858636758,-95.60001448167102,0.0,0.0,37.04649858636758,-95.60001448167102,0.0,0.0,37.04649858636758,-95.60001448167102,0.0,0.0,37.04649858636758,-95.60001448167101,36.00545594147888,0.0,0.0,2.0996256928146533e+38,6.7996939525158274e+38,-2.3134409633990468e+38,8.081435133005442e+38,-8.858266657401486e+35,-5.657304433406472e+36,-1.0443088483877262e+37,1.6187584778062252e+38,1.9265662234250125e+37,3.1249630853503115e+38,9.649589827695283e+29,3.791136880385257e+29,-6.533175178325875,0.1591304813035863,22.798380837741405,7.129771481192411e+47,-1.7813993944333314e+50,4.1644940270265335e+45,-7.953332632469622e+49,1.0241444400091516e+41,1.7253112277288555e+41,0.6707864644930944,0.36114765998263676,176.2544628281487,103.29405355085925,2.9143771072671143,0.23089672917583612,213.1033861286953,30.2687951805066,1.1037409051238178,1.9792184355722464,151.7012472995584,60.2323970019944,316.38631221782674,0.9435799514370891,41.427720338210776,93.45898580300992,13.705278169060382,142.48845397395007,214.23247783853668,47.409582056315045,6.1474179191728,2.0585253515004682,51.49275424323604,0.7560493143277319,40.91423064023256,1.2836759439314127,171.82863948939354,210.99553080177455,1.6581438728687024,208.24896642132813,0.38887180045443287,532.3078945626612,1.140126500104198,61.94911678026212,233.42186668173025,341.6587439290172,22.307158513932606,31.314124681577358,73.5554414347411,4.865356786735182,13.708163809452074,37.94864331275297,0.3768897535803909,53.4999713377798,40.06641677935028,2.1579443502032696,76.16013241934456,1.117504376070604,187.8607986870264,48.87143754913014,279.19196092173576,108.08680124922341,74.3219099610645,0.49129609366567106,144.40038099516934,0.66551932408674,1.98025451112921,14.483736333842073,0.31035850216355987,0.14470537070813733,0.4994103379536987,2.07509701791325,0.9997938458214972,0.5003808588321544,0.4994103379536987,0.9988206759073974,2.497051689768493,0.9988206759073974,5.493513717490685,0.8430207868824787,3.995644598487832,1.998948477632395,100.75188055636993,31.326894484200288,1.5040471469250982,4.494693041583289,38.152999788762976,0.2276752139709171,23218.361145151714,774.0266608362856,3911.2169455405706,530.4828659635605,155.32666837203294,6.756524819498014,68.44782771189472,0.9923022635946491,19.49804623628609,28.340709636739465,109.58586852780132,32.782811578400946,0.80983073026341,0.6911263709691219,15.132717395881622,51.0097847363255,28.314987266758887,114.42432354045947,14.375253987113794,0.2658242763646116,1.0620487506999226,37.67192225141562,14.396069620428703,18.216038597074643,27.138106551727432,110.01974988416781,7.373129351328488,1.4336275335642512,81.79201524055787,24.574765883431454,6.574274098984035,12.022841469255706,3.440382328125479,0.5992924055444383,0.19976413518147948,2.893491583655346,4.568649387837431,4.051200799856657,1.6752469841271744,2.0424188827619716,3.054394549230354,1.362058606803706,383.40163129471927,0.5264274055749891,1.6645574192020618,0.332868371647332
2020-03-03 21:00:00,0.12092151753824724,35.819536467555295,104.07300784717994,35.819536467555295,104.07300784717995,35.81953646755529,104.07300784717994,35.81953646755529,104.07300784717995,35.81953646755529,104.07300784717995,35.819536467555295,104.07300784717995,35.8195364675553,104.07300784717994,35.819536467555295,104.07300784717994,35.819536467555295,104.07300784717994,0.0,35.819536467555295,104.07300784717995,35.819536467555295,104.07300784717994,35.8195364675553,104.07300784717994,35.819536467555295,104.07300784717995,35.8195364675553,104.07300784717995,35.81953646755529,104.07300784717994,35.819536467555295,104.07300784717994,35.819536467555295,104.07300784717994,35.81953646755529,104.07300784717994,35.819536467555295,104.07300784717992,0.0,35.819536467555295,104.07300784717995,35.819536467555295,104.07300784717995,0.0,35.819536467555295,104.07300784717995,0.0,35.81953646755529,104.07300784717995,0.029362279646854336,35.819536467555295,104.07300784717994,0.0,35.819536467555295,104.07300784717994,0.0,37.04667336287215,-95.60046549963506,1.082536230696535,0.006547407637868097,0.00021428531658438874,37.04667336287215,-95.60046549963506,0.9988253881040444,0.0,0.0,37.04667336287215,-95.60046549963506,0.0,0.0004235108863054095,37.046673362872156,-95.60046549963506,2.044224850490462,0.0008234493306150843,0.0005105327992651551,37.04667336287215,-95.60046549963509,0.9995805517687527,0.0,7.16433285299703e-05,56.06443460437204,-106.2218548176869,0.0,4.569671918380758e-05,-25.244710391446084,133.61800213387127,4.360338469636042,0.0033968197624318006,-25.244710391446088,133.6180021338713,0.0,51.10559117068662,10.439249513229507,0.0,0.0,56.06443460437204,-106.22185481768692,-0.00011052878431419468,0.21312702898679275,-25.244710391446088,133.61800213387133,0.0,-25.244710391446088,133.61800213387127,0.0,37.04667336287214,-95.60046549963508,1.998624583212578,0.0,37.04667336287215,-95.60046549963506,0.9988253881040444,0.0,0.0010284295961486565,37.04667336287215,-95.60046549963506,1.0113893367255182,0.0019384961025738492,37.04667336287215,-95.60046549963506,0.9988253881040444,0.0,37.04667336287215,-95.60046549963506,1.0288469438311603,0.0,0.0,37.04667336287215,-95.60046549963506,0.9988253881040444,0.0,0.0,37.046673362872156,-95.60046549963508,0.0,37.04667336287215,-95.60046549963506,1.9976507762080888,0.0,0.0,56.06443460437204,-106.22185481768692,0.9988253881040444,0.0,56.06443460437204,-106.22185481768695,0.0,37.04667336287215,-95.60046549963506,0.9988253881040444,0.0,0.03316522161709902,0.0,0.0,60.92834867434671,0.0,0.0,0.0,0.0,37.04667336287215,-95.60046549963508,0.0,37.04667336287215,-95.60046549963506,0.9988253881040444,0.0,0.0,37.04667336287215,-95.60046549963506,0.9988253881040444,0.0,0.0,0.0,0.0,0.0,0.0,37.04667336287215,-95.60046549963506,0.9999021756701996,0.0,0.0,37.04667336287215,-95.60046549963506,10.987079269144486,0.0,0.0,37.04667336287215,-95.60046549963506,4.994126940520221,0.0,0.0,37.04667336287215,-95.60046549963506,1.9976507762080888,0.0,0.0,37.04667336287215,-95.60046549963506,0.0,0.0,37.04667336287215,-95.60046549963506,0.0,0.0,37.04667336287215,-95.60046549963506,0.0,0.0,37.04667336287215,-95.60046549963506,36.00130566627662,0.0,0.0,2.0722127030762286e+38,6.7109162521939254e+38,-2.282930821377165e+38,7.974855480639293e+38,-8.718627684872676e+35,-5.568124438164061e+36,-1.0295011416934146e+37,1.5958054014387434e+38,1.9024053417441767e+37,3.08577322390453e+38,9.521194519013698e+29,3.7406928512915e+29,-6.533233585785885,0.1589799719395262,22.829312152208118,7.036684245157852e+47,-1.7579059276098092e+50,4.0988462327652485e+45,-7.840558890251812e+49,1.0105174005331223e+41,1.7008562710926598e+41,0.6715516091573885,0.36139026390395607,176.21086197466786,103.06690456786502,2.835537743277974,0.22939645070435205,212.92411947260024,30.306048870594886,1.1051959536712006,1.9794151506756128,151.7877449226599,60.04405491336318,316.26791833708995,0.9422109831775143,41.365500419513396,93.69741218603042,13.482116162364283,142.62955801609996,214.21430805242002,47.40362015779787,6.098916492240719,2.0577890755159305,51.44807314136148,0.7548233734615672,40.88237286701542,1.2815803780157198,171.56470304245627,210.882886897719,1.6524029846525734,208.34913528004031,0.3891968508956289,532.3317151078039,1.138955839616366,61.83867856150132,232.67591274982328,341.49903373036364,22.737910563733564,31.57761886530975,73.45548917482014,4.864779507022224,13.840390603713152,37.917841900819596,0.37475129036170096,53.46316843887507,39.84553196700256,2.1597214578203445,76.37409299405377,1.1152303927807565,187.31012845204165,49.06847170977929,279.02970770983154,107.98994120954625,74.32131182764797,0.4922228932282591,144.41706766666195,0.6657211655866454,1.9900171786648768,14.305098596399365,0.2963138453231363,0.1443882399059138,0.4994126940520222,2.0730371488316313,0.9997991951085332,0.500381942103309,0.4994126940520222,0.9988253881040444,2.4970634702601107,0.9988253881040444,5.493539634572243,0.8485954054012717,3.9956631370773636,1.9988259869118075,100.75240433190473,31.32704227698303,1.5039690125814285,4.4947142464682,38.15317978547511,0.22635169112660497,23189.1809542995,772.7174929274131,3894.1647448038175,530.6991398741679,155.73580753159231,6.74501244678894,68.31116337694903,0.9882331543269202,19.27676514336694,28.355140246877866,109.57594504684138,32.62565569095529,0.8069815895550506,0.6911122962222178,15.131441805183607,51.08631291075315,28.324076799742468,114.41261993416317,14.322278601166012,0.2644143234173049,1.0409914577458834,37.73078788164194,14.482058297492296,18.15063138761802,27.14911201095019,110.01291017353019,7.367423985947448,1.417044991196404,81.79518159032551,24.584744488970678,6.53049236139675,12.022898190141273,3.4403985590250405,0.5992952328624265,0.19976507762080886,2.906010034567255,4.590830653501518,4.0390434285846695,1.677150285477774,2.0469497397063927,3.043691287976802,1.3615896825535063,382.93597271416473,0.5184860151040399,1.6645694293007811,0.3328720205983682
2020-03-03 22:00:00,0.12229267724588533,35.81971166964024,104.07351689363223,35.819711669640235,104.07351689363225,35.819711669640235,104.07351689363223,35.819711669640235,104.07351689363223,35.819711669640235,104.07351689363225,35.819711669640235,104.07351689363223,35.81971166964024,104.07351689363222,35.81971166964024,104.07351689363223,35.819711669640235,104.07351689363223,0.0,35.81971166964024,104.07351689363223,35.819711669640235,104.07351689363223,35.81971166964025,104.07351689363223,35.819711669640235,104.07351689363225,35.81971166964024,104.07351689363225,35.81971166964024,104.07351689363222,35.81971166964024,104.07351689363223,35.819711669640235,104.07351689363222,35.819711669640235,104.07351689363222,35.81971166964024,104.07351689363222,0.0,35.81971166964025,104.07351689363225,35.819711669640235,104.07351689363225,0.0,35.81971166964024,104.07351689363223,0.0,35.81971166964023,104.07351689363225,0.02874747338562441,35.819711669640235,104.07351689363223,0.0,35.819711669640235,104.07351689363222,0.0,37.0468545671828,-95.60093310481729,1.081109113808739,0.0064324139271421665,0.00021018493032260235,37.0468545671828,-95.60093310481729,0.9988302736025111,0.0,0.0,37.0468545671828,-95.60093310481729,0.0,0.000415313636913852,37.046854567182805,-95.60093310481729,2.0434723209812535,0.0008106633365514773,0.0005015758860535263,37.0468545671828,-95.60093310481732,0.999563894822308,0.0,6.867710935274524e-05,56.06470882918907,-106.22237437467358,0.0,3.101479687426384e-05,-25.24483386947876,133.61865569209306,4.357128160955183,0.004164610319175317,-25.244833869478764,133.6186556920931,0.0,51.10584114059156,10.439300574143756,0.0,0.0,56.06470882918907,-106.22237437467359,-0.000111972366689932,0.22128468115560596,-25.244833869478764,133.6186556920931,0.0,-25.244833869478768,133.61865569209306,0.0,37.04685456718279,-95.6009331048173,1.9986350073888481,0.0,37.0468545671828,-95.6009331048173,0.9988302736025111,0.0,0.0010292151931252818,37.0468545671828,-95.6009331048173,1.0113787905526872,0.001936832065846856,37.0468545671828,-95.60093310481729,0.9988302736025111,0.0,37.0468545671828,-95.60093310481729,1.0350253425301388,0.0,0.0,37.0468545671828,-95.60093310481729,0.9988302736025111,0.0,0.0,37.046854567182805,-95.6009331048173,0.0,37.0468545671828,-95.60093310481729,1.9976605472050222,0.0,0.0,56.06470882918907,-106.22237437467358,0.9988302736025111,0.0,56.06470882918907,-106.22237437467359,0.0,37.0468545671828,-95.6009331048173,0.9988302736025111,0.0,0.03127732847038401,0.0,0.0,60.92864668975318,0.0,0.0,0.0,0.0,37.0468545671828,-95.6009331048173,0.0,37.0468545671828,-95.60093310481729,0.9988302736025111,0.0,0.0,37.0468545671828,-95.60093310481729,0.9988302736025111,0.0,0.0,0.0,0.0,0.0,0.0,37.0468545671828,-95.60093310481729,0.9999077805261458,0.0,0.0,37.0468545671828,-95.60093310481729,10.987133009627621,0.0,0.0,37.0468545671828,-95.60093310481729,4.994151368012555,0.0,0.0,37.0468545671828,-95.60093310481729,1.9976605472050222,0.0,0.0,37.0468545671828,-95.60093310481729,0.0,0.0,37.0468545671828,-95.60093310481729,0.0,0.0,37.0468545671828,-95.60093310481729,0.0,0.0,37.046854567182805,-95.60093310481729,35.99783944738881,0.0,0.0,2.0439000760942964e+38,6.6192250526016746e+38,-2.2514242634403526e+38,7.864795095153355e+38,-8.574787653821344e+35,-5.476261449970003e+36,-1.014226128543336e+37,1.572127964372622e+38,1.8774357353612346e+37,3.0452715804865365e+38,9.388623896044864e+29,3.688608422111923e+29,-6.533293201417129,0.1589069168729844,22.85703742516938,6.940542079864237e+47,-1.7336451990598744e+50,4.031223415195139e+45,-7.724226197355909e+49,9.964472204688382e+40,1.6756294264523084e+41,0.6724468328096442,0.36146141599764897,176.17723954708947,102.91875288088167,2.7660757792020965,0.22778217701795403,212.78996673789015,30.313121398324554,1.1067202979387527,1.9797560026608156,151.9047769748821,59.9440772295925,316.27175337936865,0.9422419297518856,41.32295186793694,93.91887150651527,13.263571597237743,142.78962532826677,214.23301016934198,47.44336170431792,6.0715916790062,2.057825780685593,51.45220179238882,0.7537255674074302,40.85874882742468,1.2806303911668397,171.48965065635883,210.85357919915558,1.648077090976344,208.45408331763633,0.38947171125984636,532.371983329526,1.1382692601869178,61.852997536778254,231.74980027035423,341.38807522411247,23.138747517907213,31.8765307683623,73.3479317051352,4.8653287937862695,13.983297470488168,37.89998768714678,0.37350592038964703,53.43026903833301,39.680638702558326,2.1609016562400547,76.522110086951,1.113228332760373,186.82883997939726,49.27411112283437,278.93480492846476,107.90324006708444,74.32089256072723,0.4932256547816599,144.416570739634,0.6657094831677928,1.999116340212638,14.112891379169572,0.28370256287050366,0.14414229655349292,0.49941513680125554,2.070811342771699,0.9998047337863365,0.500383552834179,0.49941513680125554,0.9988302736025111,2.4970756840062776,0.9988302736025111,5.493566504813811,0.8546199198602631,3.9956823470729113,1.9987013336547022,100.75294571961096,31.32719550518371,1.503888488145296,4.4947362312113,38.153366401978424,0.22489166564315674,23168.211194301886,771.7962903519666,3883.380136566354,530.8822659530028,156.08394384608528,6.730764295243506,68.17723210301388,0.984245141428808,19.078523343391158,28.36798031720841,109.56721528364024,32.4871511900698,0.8044498965402409,0.691101373920206,15.130397976587064,51.16911122656675,28.332472913626347,114.40189857633321,14.273450922505218,0.26311464225231707,1.021577226008345,37.7789307633001,14.552344161872425,18.09231561404575,27.160359883632488,110.00592682003548,7.361594161889921,1.4000993708061942,81.786581015846,24.57123332585619,6.499899217478267,12.022956997067261,3.440415386853093,0.5992981641615065,0.1997660547205022,2.9195270043092245,4.610574063944178,4.025518619366057,1.6793790261591086,2.0489115465941588,3.028276547844152,1.3609398393703769,382.5177318425484,0.5113492480256703,1.6645832281922073,0.33287647729484776
2020-03-03 23:00:00,0.12382961676324009,35.81989292574996,104.07404352994273,35.819892925749954,104.07404352994274,35.819892925749954,104.07404352994273,35.819892925749954,104.07404352994273,35.819892925749954,104.07404352994274,35.81989292574996,104.07404352994274,35.81989292574996,104.07404352994273,35.81989292574996,104.07404352994273,35.819892925749954,104.07404352994273,0.0,35.81989292574996,104.07404352994274,35.819892925749954,104.07404352994273,35.81989292574997,104.07404352994274,35.819892925749954,104.07404352994274,35.81989292574997,104.07404352994274,35.81989292574996,104.07404352994273,35.81989292574996,104.07404352994273,35.81989292574996,104.07404352994273,35.819892925749954,104.07404352994273,35.81989292574997,104.07404352994271,0.0,35.81989292574997,104.07404352994274,35.819892925749954,104.07404352994274,0.0,35.81989292574996,104.07404352994274,0.0,35.81989292574995,104.07404352994274,0.028377947032988203,35.819892925749954,104.07404352994273,0.0,35.819892925749954,104.07404352994273,0.0,37.047042032922285,-95.60141686787435,1.079640542900807,0.0063141139637835075,0.00020597062042884869,37.047042032922285,-95.60141686787435,0.9988353279170554,0.0,0.0,37.047042032922285,-95.60141686787435,0.0,0.0004068896414021646,37.047042032922285,-95.60141686787435,2.042697548344709,0.0007974898488607995,0.0004923612499524617,37.047042032922285,-95.60141686787438,0.9995468853843913,0.0,6.564579431783679e-05,56.064992529714324,-106.22291188470498,0.0,1.607452706964274e-05,-25.24496161423617,133.6193318337086,4.354769321543403,0.005051428918783216,-25.244961614236175,133.61933183370866,0.0,51.10609974808774,10.439353399443627,0.0,0.0,56.064992529714324,-106.222911884705,-0.0001134175681156242,0.2279192690075682,-25.244961614236175,133.61933183370866,0.0,-25.244961614236175,133.6193318337086,0.0,37.04704203292228,-95.60141686787436,1.9986457834400713,0.0,37.047042032922285,-95.60141686787435,0.9988353279170554,0.0,0.0010300046269701194,37.047042032922285,-95.60141686787435,1.011373889110649,0.001935855856931418,37.047042032922285,-95.60141686787435,0.9988353279170554,0.0,37.047042032922285,-95.60141686787435,1.0420393240113692,0.0,0.0,37.047042032922285,-95.60141686787435,0.9988353279170554,0.0,0.0,37.04704203292229,-95.60141686787436,0.0,37.047042032922285,-95.60141686787435,1.9976706558341109,0.0,0.0,56.06499252971432,-106.22291188470498,0.9988353279170554,0.0,56.064992529714324,-106.222911884705,0.0,37.047042032922285,-95.60141686787435,0.9988353279170554,0.0,0.02924587097483923,0.0,0.0,60.92895500294038,0.0,0.0,0.0,0.0,37.047042032922285,-95.60141686787436,0.0,37.047042032922285,-95.60141686787435,0.9988353279170554,0.0,0.0,37.047042032922285,-95.60141686787435,0.9988353279170554,0.0,0.0,0.0,0.0,0.0,0.0,37.047042032922285,-95.60141686787435,0.9999135555812909,0.0,0.0,37.047042032922285,-95.60141686787435,10.987188607087608,0.0,0.0,37.047042032922285,-95.60141686787435,4.994176639585277,0.0,0.0,37.047042032922285,-95.60141686787435,1.9976706558341109,0.0,0.0,37.047042032922285,-95.60141686787435,0.0,0.0,37.047042032922285,-95.60141686787435,0.0,0.0,37.047042032922285,-95.60141686787435,0.0,0.0,37.04704203292229,-95.60141686787435,35.994970544094,0.0,0.0,2.014678368929937e+38,6.524589772528809e+38,-2.2189108675455523e+38,7.751217569711997e+38,-8.426705348273691e+35,-5.381689146371014e+36,-9.984790445609866e+36,1.547718781460425e+38,1.8516487960374692e+37,3.003444192208306e+38,9.25183442275059e+29,3.634866488380662e+29,-6.533353987608849,0.1589258439672383,22.881661251632,6.84131291959766e+47,-1.708609183585839e+50,3.9616061976499726e+45,-7.604298268854506e+49,9.819292791855742e+40,1.6496228230859484e+41,0.6734866659365639,0.3613428281297294,176.15758431293108,102.85976310846748,2.7077807643349114,0.22609321382243436,212.70167134205823,30.282881200061855,1.108216677145468,1.9803371763943405,152.07093200961012,59.93491149762386,316.3975093133111,0.9436692740635224,41.307300728593084,94.12022216767849,13.054928593234353,142.9689912467129,214.29932759386386,47.54175745208177,6.066331969903463,2.0586307860535555,51.504833798303075,0.75281075208049,40.8442202570583,1.2808436003406085,171.6060076581428,210.92246872489608,1.6451883925334017,208.55716903060897,0.3896745492525055,532.4396380535436,1.1380808530447513,61.99187792442264,230.64864228127425,341.3323391071116,23.504004973681567,32.21150933612118,73.23539448419129,4.867333270883456,14.134544170262323,37.895612058516754,0.3731903239165674,53.40293522316548,39.57270233919406,2.1614141508536324,76.59691522553084,1.1116419120821572,186.45293669193455,49.47561966050408,278.90921298693394,107.82636660509428,74.32061658664536,0.49428777015495934,144.3945266758956,0.6654301100960299,2.007429594450417,13.91179268232299,0.2724931896210363,0.14399607972853606,0.4994176639585277,2.0685389748147296,0.9998104555230152,0.5003855918869934,0.4994176639585277,0.9988353279170554,2.4970883197926383,0.9988353279170554,5.493594303543804,0.8610500659788158,3.995702211027908,1.998574496222237,100.75350425248232,31.327354028112037,1.5038055401631043,4.494758975626749,38.15355946692631,0.22333949011652218,23156.333464373445,771.3041609247919,3879.497622844953,531.0178032961446,156.34529650952425,6.713857175629778,68.04924816343727,0.980433818604546,18.902570757504463,28.37892812687501,109.55990078061672,32.370790577018795,0.802295671628876,0.6910929570764239,15.129537194077892,51.25680914326395,28.340136949849445,114.39221203351414,14.229004167144694,0.26193131301237393,1.0038967046574319,37.81492606521405,14.604840617973833,18.044089932751945,27.171625420035124,109.99895300286539,7.355758212534371,1.3831326725990645,81.7647737716159,24.531490567935624,6.483840613309447,12.023017836038628,3.440432796158745,0.5993011967502331,0.1997670655834111,2.933939864170456,4.627464414386666,4.0109877361358475,1.6819696404251419,2.0480701900760803,3.0082872045298483,1.3601136074469102,382.1457670000374,0.5049977508711372,1.6645992268158856,0.3328819494494149
2020-03-04 00:00:00,0.12553246781581484,35.820080075985565,104.07458729152815,35.820080075985565,104.07458729152816,35.82008007598556,104.07458729152816,35.82008007598556,104.07458729152816,35.82008007598556,104.07458729152816,35.820080075985565,104.07458729152816,35.820080075985565,104.07458729152815,35.820080075985565,104.07458729152816,35.82008007598556,104.07458729152816,0.0,35.820080075985565,104.07458729152816,35.82008007598556,104.07458729152816,35.82008007598557,104.07458729152816,35.82008007598556,104.07458729152818,35.82008007598557,104.07458729152818,35.820080075985565,104.07458729152815,35.820080075985565,104.07458729152815,35.820080075985565,104.07458729152815,35.82008007598556,104.07458729152815,35.82008007598557,104.07458729152815,0.0,35.82008007598557,104.07458729152818,35.82008007598556,104.07458729152816,0.0,35.820080075985565,104.07458729152816,0.0,35.82008007598555,104.07458729152816,0.02827081991939833,35.820080075985565,104.07458729152815,0.0,35.820080075985565,104.07458729152815,0.0,37.047235594713754,-95.60191636204448,1.078130116417329,0.006192476510465783,0.0002016413444428343,37.047235594713754,-95.60191636204448,0.9988405465889073,0.0,0.0,37.047235594713754,-95.60191636204448,0.0,0.00039823683373709645,37.047235594713754,-95.60191636204448,2.041900304594196,0.0007839250357555144,0.00048288645359081256,37.047235594713754,-95.6019163620445,0.9995295149128065,0.0,6.254894131205342e-05,56.06528545567541,-106.22346687360535,0.0,8.748693095944615e-07,-25.245093513025587,133.62002996224533,4.35388496222164,0.006067180243540141,-25.24509351302559,133.6200299622454,0.0,51.10636676503915,10.439407942528174,0.0,0.0,56.0652854556754,-106.22346687360536,-0.00011486406333873194,0.23289212131904097,-25.24509351302559,133.62002996224538,0.0,-25.245093513025594,133.62002996224533,0.0,37.04723559471375,-95.60191636204449,1.9986569009838928,0.0,37.047235594713754,-95.60191636204448,0.9988405465889073,0.0,0.0010307976284348761,37.047235594713754,-95.60191636204448,1.0113734138784631,0.0019354155580984874,37.047235594713754,-95.60191636204448,0.9988405465889073,0.0,37.047235594713754,-95.60191636204448,1.0499314485274918,0.0,0.0,37.047235594713754,-95.60191636204448,0.9988405465889073,0.0,0.0,37.04723559471376,-95.60191636204449,0.0,37.047235594713754,-95.60191636204448,1.9976810931778146,0.0,0.0,56.0652854556754,-106.22346687360535,0.9988405465889073,0.0,56.06528545567541,-106.22346687360536,0.0,37.047235594713754,-95.60191636204448,0.9988405465889073,0.0,0.02712032081780995,0.0,0.0,60.92927334192334,0.0,0.0,0.0,0.0,37.047235594713754,-95.60191636204448,0.0,37.047235594713754,-95.60191636204448,0.9988405465889073,0.0,0.0,37.047235594713754,-95.60191636204448,0.9988405465889073,0.0,0.0,0.0,0.0,0.0,0.0,37.047235594713754,-95.60191636204448,0.9999194961713079,0.0,0.0,37.047235594713754,-95.60191636204448,10.98724601247798,0.0,0.0,37.047235594713754,-95.60191636204448,4.994202732944535,0.0,0.0,37.047235594713754,-95.60191636204448,1.9976810931778146,0.0,0.0,37.047235594713754,-95.60191636204448,0.0,0.0,37.047235594713754,-95.60191636204448,0.0,0.0,37.047235594713754,-95.60191636204448,0.0,0.0,37.04723559471376,-95.60191636204448,35.99261866018487,0.0,0.0,1.9845381828319925e+38,6.426979973868418e+38,-2.185380261141208e+38,7.634086670365841e+38,-8.274339801766498e+35,-5.2843813642629276e+36,-9.822551504327004e+36,1.5225705064039344e+38,1.8250359534678076e+37,2.960277157711797e+38,9.110782772511332e+29,3.579450027908229e+29,-6.533415907032263,0.15904245855179328,22.90333921061172,6.738964848694222e+47,-1.6827898940994594e+50,3.889975320764643e+45,-7.480739010695009e+49,9.669589782788963e+40,1.6228286316546883e+41,0.6746852894255548,0.3610241339861426,176.154819895692,102.89477736687662,2.6622675769549566,0.2243673105682158,212.65968094597926,30.210193701727274,1.1095886351203332,1.9812271298344442,152.29927464588258,60.015022375393286,316.6398498391483,0.9464318899373189,41.32377029331449,94.29878702489381,12.860918959321676,143.16767051454707,214.42164504672968,47.70888560987581,6.083496297708862,2.0601509850340514,51.60260135190551,0.7521249387971418,40.83929838184151,1.2821715781024288,171.9053687116391,211.09503207281048,1.64374969468986,208.65180651769685,0.3897883583902557,532.5424644153778,1.138382932772999,62.249975768618924,229.38317186744956,341.33500537208545,23.82882969788171,32.58260131953066,73.12039899903118,4.871049331229581,14.291407281768192,37.904923661362815,0.3738189094254299,53.38256525819014,39.52232365796353,2.161234253588601,76.59621688968578,1.1105948578790783,186.21340803507243,49.66038052231601,278.9518639344327,107.75882855698521,74.32045553331672,0.49538995051482043,144.34776796526194,0.664843727874987,2.0148541337997985,13.70629527788202,0.26262884880062853,0.1439705088602283,0.49942027329445365,2.066338151557468,0.9998163543949851,0.5003879810735029,0.49942027329445365,0.9988405465889073,2.4971013664722674,0.9988405465889073,5.49362300623899,0.8678231423403232,3.995722711600636,1.998445453358712,100.75407946641847,31.327517705923675,1.503720135368422,4.494782459650083,38.153758810002465,0.22174072841544737,23153.935429657973,771.258874536177,3882.774234934555,531.0945027537467,156.49987769997796,6.694453410298798,67.93008589709254,0.9768846702463082,18.74779109818332,28.387713253866686,109.55420003886825,32.27971926480944,0.800572705973636,0.6910865302691853,15.128820682859784,51.347814914424006,28.347050736468766,114.38358463984235,14.189050070704875,0.26086718225349576,0.9879923464406656,37.83768873805704,14.637958687070348,18.00846597104328,27.182708922921968,109.99212476286658,7.3500212698279945,1.3664487558207974,81.72892375055072,24.463949485626788,6.483103192805873,12.023080653384994,3.440450771584013,0.5993043279533443,0.19976810931778147,2.9491035544840196,4.641165449847169,3.995813775047697,1.6849577134085838,2.044301910884612,2.9840436977865417,1.3591228922282594,381.8180646948323,0.49939736304772264,1.6646179455369206,0.33288869947400634
2020-03-04 01:00:00,0.12739794446481842,35.820272961431186,104.07514771666133,35.82027296143118,104.07514771666135,35.82027296143118,104.07514771666133,35.82027296143118,104.07514771666133,35.82027296143118,104.07514771666135,35.82027296143118,104.07514771666135,35.820272961431186,104.07514771666133,35.820272961431186,104.07514771666133,35.82027296143118,104.07514771666133,0.0,35.820272961431186,104.07514771666135,35.82027296143118,104.07514771666133,35.82027296143119,104.07514771666133,35.82027296143117,104.07514771666135,35.820272961431186,104.07514771666135,35.820272961431186,104.07514771666133,35.82027296143118,104.07514771666133,35.820272961431186,104.07514771666133,35.82027296143117,104.07514771666133,35.820272961431186,104.07514771666132,0.0,35.82027296143119,104.07514771666135,35.82027296143118,104.07514771666135,0.0,35.82027296143118,104.07514771666133,0.0,35.82027296143117,104.07514771666135,0.02843222514995658,35.82027296143118,104.07514771666133,0.0,35.82027296143118,104.07514771666133,0.0,37.047435088197055,-95.60243116318955,1.0765774354802922,0.006067470544972475,0.00019719606782784248,37.047435088197055,-95.60243116318955,0.9988459251867083,0.0,0.0,37.047435088197055,-95.60243116318955,0.0,0.0003893531637898448,37.047435088197055,-95.60243116318955,2.0410803631816705,0.0007699650880995043,0.00047314907634134554,37.04743508819706,-95.60243116318955,0.9995117749393172,0.0,5.9386115058224914e-05,56.06558735833854,-106.224038870114,0.0,-1.4585178952988831e-05,-25.24522945384709,133.62074948489766,4.3550572855284555,0.007220472625262941,-25.245229453847095,133.62074948489771,0.0,51.106641964712246,10.439464157082933,0.0,0.0,56.06558735833854,-106.22403887011399,-0.00011631152186067969,0.23611534053369662,-25.245229453847095,133.6207494848977,0.0,-25.245229453847095,133.62074948489766,0.0,37.04743508819705,-95.60243116318955,1.9986683499793758,0.0,37.047435088197055,-95.60243116318954,0.9988459251867083,0.0,0.0010315939313202073,37.047435088197055,-95.60243116318954,1.0113764120691933,0.0019353924770075213,37.047435088197055,-95.60243116318955,0.9988459251867083,0.0,37.047435088197055,-95.60243116318955,1.058728948993246,0.0,0.0,37.047435088197055,-95.60243116318955,0.9988459251867083,0.0,0.0,37.04743508819706,-95.60243116318955,0.0,37.047435088197055,-95.60243116318955,1.9976918503734167,0.0,0.0,56.06558735833854,-106.224038870114,0.9988459251867083,0.0,56.06558735833854,-106.224038870114,0.0,37.047435088197055,-95.60243116318954,0.9988459251867083,0.0,0.024948187118710805,0.0,0.0,60.929601436389206,0.0,0.0,0.0,0.0,37.047435088197055,-95.60243116318955,0.0,37.047435088197055,-95.60243116318955,0.9988459251867083,0.0,0.0,37.047435088197055,-95.60243116318955,0.9988459251867083,0.0,0.0,0.0,0.0,0.0,0.0,37.047435088197055,-95.60243116318955,0.9999255976619268,0.0,0.0,37.047435088197055,-95.60243116318955,10.987305177053791,0.0,0.0,37.047435088197055,-95.60243116318955,4.99422962593354,0.0,0.0,37.047435088197055,-95.60243116318955,1.9976918503734167,0.0,0.0,37.047435088197055,-95.60243116318955,0.0,0.0,37.047435088197055,-95.60243116318955,0.0,0.0,37.047435088197055,-95.60243116318955,0.0,0.0,37.04743508819706,-95.60243116318954,35.99071067229832,0.0,0.0,1.9534701659422077e+38,6.326365370377449e+38,-2.1508221241641793e+38,7.513366346521019e+38,-8.117650310053215e+35,-5.1843121080053426e+36,-9.655497333164411e+36,1.4966758339380503e+38,1.797588677709704e+37,2.91575664110837e+38,8.965425840687578e+29,3.5223421057170715e+29,-6.533478922642562,0.1592532780088178,22.922263506096947,6.633466110725824e+47,-1.656179383929717e+50,3.8163116484487035e+45,-7.353512530430164e+49,9.515317429038983e+40,1.595239066529554e+41,0.6760559112514832,0.36050322623270337,176.17061666482144,103.02297816939279,2.630954711103456,0.22263933652157658,212.6642152111236,30.092197961676586,1.1107465444474087,1.982461229526025,152.59630836256042,60.17888686935588,316.9885873228831,0.9504130692582589,41.375236220116605,94.45241757079289,12.685667349162767,143.38528047240214,214.60549290479463,47.95135362735686,6.122906782678706,2.0622875148312936,51.73924452281908,0.7517026848835195,40.844123894878216,1.2845020770560938,172.36878137964098,211.3669910498652,1.6437665848036744,208.7318772686395,0.38980227461725864,532.684483693949,1.139146015626839,62.61698402216499,227.97083079546996,341.39575171540787,24.109295632699308,32.989107878223706,73.00527432870219,4.8766459682152234,14.45081268801273,37.927804272219326,0.37538352865647595,53.370215508677674,39.529821551066945,2.160385158576185,76.52288121674509,1.1101848827646843,186.13472401604554,49.81668548400255,279.0586584944246,107.70001796553181,74.32038686190204,0.49651045299718455,144.2744898674016,0.663927936287148,2.021309396151693,13.500549148643522,0.25403459049542876,0.1440775380641233,0.49942296259335417,2.064320576169973,0.9998224247926671,0.500390658831858,0.49942296259335417,0.9988459251867083,2.49711481296677,0.9988459251867083,5.493652588526896,0.8748573776034576,3.9957438315561076,1.9983141842003869,100.75467090026808,31.32768639963402,1.5036322406906453,4.494806663340188,38.153964261937645,0.2201408134054766,23160.87951295252,771.6533929795816,3893.0663065038066,531.1051777279292,156.5350522178161,6.672817404972378,67.82224622611693,0.9736720757074608,18.612804986578276,28.394100096834826,109.55028592520506,32.21669349808705,0.7993278605223596,0.6910816846402373,15.128217720049422,51.44033428918605,28.35321315960026,114.37601722260715,14.153599402909197,0.25992240412717194,0.9738664742168114,37.84653332606439,14.650694549334956,17.987325422990043,27.193440113627194,109.9855580152446,7.344472963494027,1.3503066918532531,81.6788394698507,24.368296447640628,6.497880875617972,12.023145395765932,3.4404692978653273,0.5993075551120249,0.19976918503734165,2.9648289901758376,4.651439780654563,3.9803473064598345,1.6883764289571317,2.0375978690659617,2.9560267744170323,1.3579860518999394,381.5319766146052,0.4945031443413186,1.6646400398852272,0.3328970573492592
2020-03-04 02:00:00,0.12941875968500077,35.82047142416928,104.07572434651574,35.82047142416927,104.07572434651576,35.82047142416927,104.07572434651576,35.82047142416927,104.07572434651576,35.82047142416926,104.07572434651577,35.82047142416927,104.07572434651576,35.82047142416928,104.07572434651574,35.82047142416928,104.07572434651576,35.82047142416927,104.07572434651576,0.0,35.82047142416928,104.07572434651576,35.82047142416927,104.07572434651576,35.820471424169284,104.07572434651576,35.82047142416926,104.07572434651577,35.82047142416928,104.07572434651576,35.82047142416928,104.07572434651574,35.82047142416927,104.07572434651574,35.82047142416928,104.07572434651574,35.82047142416926,104.07572434651574,35.82047142416928,104.07572434651574,0.0,35.820471424169284,104.07572434651577,35.82047142416927,104.07572434651576,0.0,35.82047142416927,104.07572434651576,0.0,35.82047142416926,104.07572434651576,0.028857144809908867,35.82047142416927,104.07572434651574,0.0,35.82047142416927,104.07572434651574,0.0,37.04764035004458,-95.60296084983591,1.0749821040159553,0.00593906527025051,0.00019263376431819662,37.04764035004458,-95.60296084983591,0.9988514593069385,0.0,0.0,37.047640350044574,-95.60296084983591,0.0,0.0003802365980279561,37.04764035004458,-95.60296084983591,2.040237499067065,0.0007556062205819961,0.0004631467151048445,37.04764035004459,-95.60296084983591,0.9994936570716806,0.0,5.615688731798116e-05,56.06589799053254,-106.22462740593079,0.0,-3.0306581525599285e-05,-25.245369325404365,133.6214898125841,4.358801031744862,0.008517969148290686,-25.245369325404365,133.62148981258414,0.0,51.1069251217979,10.439521997084405,0.0,0.0,56.06589799053254,-106.22462740593079,-0.00011775960792165426,0.23755742714499506,-25.245369325404365,133.62148981258412,0.0,-25.24536932540437,133.6214898125841,0.0,37.04764035004457,-95.60296084983591,1.9986801206563731,0.0,37.04764035004458,-95.6029608498359,0.9988514593069385,0.0,0.001032393272473694,37.04764035004458,-95.6029608498359,1.011382140848737,0.0019356941705065667,37.04764035004458,-95.60296084983591,0.9988514593069385,0.0,37.04764035004458,-95.60296084983591,1.0684392965386942,0.0,0.0,37.04764035004458,-95.60296084983591,0.9988514593069385,0.0,0.0,37.04764035004459,-95.60296084983591,0.0,37.04764035004458,-95.60296084983591,1.997702918613877,0.0,0.0,56.065897990532534,-106.22462740593079,0.9988514593069385,0.0,56.06589799053254,-106.22462740593079,0.0,37.04764035004458,-95.6029608498359,0.9988514593069385,0.0,0.022773351828911423,0.0,0.0,60.929939017723235,0.0,0.0,0.0,0.0,37.04764035004458,-95.60296084983591,0.0,37.04764035004458,-95.60296084983591,0.9988514593069385,0.0,0.0,37.04764035004458,-95.60296084983591,0.9988514593069385,0.0,0.0,0.0,0.0,0.0,0.0,37.04764035004458,-95.60296084983591,0.9999318554493595,0.0,0.0,37.04764035004458,-95.60296084983591,10.987366052376322,0.0,0.0,37.04764035004458,-95.60296084983591,4.99425729653469,0.0,0.0,37.04764035004458,-95.60296084983591,1.997702918613877,0.0,0.0,37.04764035004458,-95.60296084983591,0.0,0.0,37.04764035004458,-95.60296084983591,0.0,0.0,37.04764035004458,-95.60296084983591,0.0,0.0,37.04764035004458,-95.6029608498359,35.989180936474185,0.0,0.0,1.921465016033846e+38,6.2227158365457264e+38,-2.1152261920738435e+38,7.389020741537722e+38,-7.956596443958814e+35,-5.081455557631328e+36,-9.483581082677222e+36,1.470027502040986e+38,1.7692984816424124e+37,2.86986887596817e+38,8.815720757337216e+29,3.4635258790375294e+29,-6.533542997681044,0.15954598091483557,22.93864994882086,6.524785117799835e+47,-1.628769749159161e+50,3.7405961739299175e+45,-7.222583148077185e+49,9.356430231249403e+40,1.5668463881468425e+41,0.6776100187397655,0.3597861007009117,176.20529392140233,103.23788021223221,2.61504598135855,0.22094027004301342,212.71529845128012,29.928444809029283,1.1116133174661285,1.9840395693765989,152.96156686498648,60.4171802576131,317.4290505625359,0.9554447354779932,41.462049842848515,94.57953496823264,12.532672343858824,143.62097321816097,214.85323053517916,48.271915977397846,6.183852405301785,2.0649011176399155,51.90595074396721,0.7515651451866971,40.85845904898107,1.2876654218137455,172.96782080085984,211.72470044361177,1.6452385114861756,208.7921205310796,0.38971243749205203,532.8657052161464,1.1403198373971213,63.07801346089705,226.43634685617042,341.51074612027594,24.342479764487116,33.42945791939696,72.89208962955055,4.884195089599056,14.60939752984928,37.96381132869376,0.3778536512639399,53.366542328947666,39.59527194801964,2.1589362712478843,76.38474211062255,1.1104791979567903,186.2337139222874,49.9344831583178,279.2226076819667,107.64925230656907,74.32039273410054,0.4976255141699244,144.17433387909497,0.6626782896101086,2.026738759279969,13.2982412019921,0.24662410632122445,0.14431945641678615,0.49942572965346926,2.0625869063028905,0.9998286613494345,0.5003935767387225,0.49942572965346926,0.9988514593069385,2.497128648267345,0.9988514593069385,5.493683026188161,0.8820523168278068,3.995765553767849,1.9981806682843364,100.75527809587052,31.327859971131577,1.50354182326374,4.494831566881223,38.154175654525986,0.21858401060604152,23176.502120679244,772.4558405750965,3909.8294335534156,531.0472737538847,156.4465538087796,6.649324450362757,67.72784527070554,0.9708589707183838,18.496063440726452,28.39789072860639,109.54830357123788,32.18404494044859,0.7986004980836454,0.6910780971982871,15.1277040707014,51.532406281258204,28.358636481978685,114.36949217634887,14.122583990015976,0.25909502147840685,0.9614899421855073,37.84121227475465,14.642685607424726,17.981813293146445,27.203680425197806,109.97934698059863,7.339186212616066,1.334917273771269,81.6149741854191,24.245469894361015,6.527760492745745,12.023212010176108,3.4404883598350087,0.599310875584163,0.19977029186138767,2.9808837250130913,4.658164596221647,3.9649148455690337,1.692254708055262,2.0280619415936463,2.9248464509237024,1.3567266596784386,381.2844341758685,0.4902630214305571,1.664666331397125,0.33290743604509304
2020-03-04 03:00:00,0.13158317164523453,35.82067530729553,104.07631672520881,35.820675307295524,104.07631672520883,35.820675307295524,104.07631672520881,35.820675307295524,104.07631672520881,35.82067530729552,104.07631672520883,35.820675307295524,104.07631672520883,35.82067530729553,104.07631672520881,35.82067530729553,104.07631672520881,35.820675307295524,104.07631672520881,0.0,35.82067530729553,104.07631672520883,35.820675307295524,104.07631672520881,35.82067530729554,104.07631672520881,35.82067530729552,104.07631672520883,35.82067530729553,104.07631672520883,35.82067530729553,104.07631672520881,35.820675307295524,104.07631672520881,35.82067530729553,104.07631672520881,35.82067530729552,104.07631672520881,35.82067530729553,104.0763167252088,0.0,35.82067530729554,104.07631672520883,35.820675307295524,104.07631672520883,0.0,35.820675307295524,104.07631672520881,0.0,35.82067530729552,104.07631672520883,0.029529582668810297,35.820675307295524,104.07631672520881,0.0,35.820675307295524,104.07631672520881,0.0,37.04785121797666,-95.6035050032142,1.0733437288830743,0.005807230124571128,0.00018795341627030233,37.04785121797666,-95.6035050032142,0.9988571445743315,0.0,0.0,37.04785121797665,-95.6035050032142,0.0,0.0003708851202142843,37.04785121797665,-95.6035050032142,2.0393714887884156,0.0007408446729045698,0.0004528769851027403,37.047851217976664,-95.6035050032142,0.9994751529956848,0.0,5.286083709612338e-05,56.06621710667212,-106.22523201576031,0.0,-4.629026264520164e-05,-25.24551301711519,133.62225036000277,4.3655391043165555,0.009963668003294644,-25.245513017115194,133.62225036000282,0.0,51.10721601243257,10.43958141680438,0.0,0.0,56.06621710667212,-106.2252320157603,-0.00011920798048624002,0.23724605447590694,-25.245513017115194,133.62225036000282,0.0,-25.245513017115197,133.62225036000277,0.0,37.04785121797664,-95.6035050032142,1.998692203462561,0.0,37.04785121797666,-95.60350500321418,0.9988571445743315,0.0,0.0010331953917890179,37.04785121797666,-95.60350500321418,1.0113900225740948,0.0019362488469251188,37.04785121797666,-95.6035050032142,0.9988571445743315,0.0,37.04785121797666,-95.6035050032142,1.0790457520445473,0.0,0.0,37.04785121797666,-95.6035050032142,0.9988571445743315,0.0,0.0,37.04785121797666,-95.6035050032142,0.0,37.04785121797666,-95.6035050032142,1.997714289148663,0.0,0.0,56.06621710667211,-106.22523201576031,0.9988571445743315,0.0,56.06621710667212,-106.22523201576031,0.0,37.04785121797666,-95.60350500321418,0.9988571445743315,0.0,0.020634798947014518,0.0,0.0,60.93028581903421,0.0,0.0,0.0,0.0,37.04785121797666,-95.6035050032142,0.0,37.04785121797666,-95.6035050032142,0.9988571445743315,0.0,0.0,37.04785121797666,-95.6035050032142,0.9988571445743315,0.0,0.0,0.0,0.0,0.0,0.0,37.04785121797666,-95.6035050032142,0.9999382649607131,0.0,0.0,37.04785121797666,-95.6035050032142,10.987428590317645,0.0,0.0,37.04785121797666,-95.6035050032142,4.9942857228716555,0.0,0.0,37.04785121797666,-95.6035050032142,1.997714289148663,0.0,0.0,37.04785121797666,-95.6035050032142,0.0,0.0,37.04785121797666,-95.6035050032142,0.0,0.0,37.04785121797666,-95.6035050032142,0.0,0.0,37.04785121797666,-95.60350500321418,35.987971267796226,0.0,0.0,1.8885134832817984e+38,6.116001416567392e+38,-2.078582258920917e+38,7.261014203450622e+38,-7.791138062372243e+35,-4.97578607714545e+36,-9.306756196812969e+36,1.4426182941690395e+38,1.7401569234548803e+37,2.822600169355183e+38,8.66162490007749e+29,3.4029846023611216e+29,-6.533608095677338,0.1599004448488934,22.95272661336301,6.412890459965609e+47,-1.6005531309868781e+50,3.6628100258619e+45,-7.087915407097442e+49,9.192882952806382e+40,1.5376429053894492e+41,0.6793565158235247,0.3588862363184453,176.25781798167952,103.5276530754797,2.615513336701444,0.21929651934068206,212.81275458405864,29.720891073912025,1.1121294070232868,1.9859281036386953,153.3878593869602,60.71715100002994,317.94264307125803,0.9613138398783337,41.58204042519223,94.6791507246451,12.404815521390162,143.87338284851577,215.16391984853914,48.669321693365816,6.265103998524393,2.0678199571659963,52.09184959496412,0.7517188630524949,40.881691788466675,1.291444744997938,173.66630272058606,212.1462668799892,1.6481586844618186,208.82847510993255,0.38952232533078845,533.0822552240054,1.1418353977166757,63.61416938535594,224.8116801494045,341.67284436584254,24.526502852931305,33.901109611739365,72.7826087628127,4.893667657799595,14.763602932984293,38.01218733673244,0.38117701399282344,53.37176628273776,39.71849976096314,2.1569982307107445,76.19405560906065,1.1115117188930848,186.51886801771883,50.00603410802248,279.434117181309,107.60581032044374,74.32045908157295,0.49870999962465473,144.04838474883863,0.6611082595534684,2.031110382980104,13.10251443287523,0.24030567950634885,0.1446888742456481,0.49942857228716575,2.0612227615958343,0.9998350588882292,0.5003966967106283,0.49942857228716575,0.9988571445743315,2.4971428614358278,0.9988571445743315,5.4937142951588225,0.8892904165972384,3.9957878612196023,1.9980448855573303,100.75590059809703,31.328038283191017,1.503448850435056,4.494857150584492,38.15439282064086,0.217112741097852,23199.643670719026,773.610929769575,3932.141938091013,530.9230901606148,156.23887387979278,6.6244599275280995,67.6486202302582,0.9684970222849897,18.39592933417662,28.398927475585058,109.54836847428564,32.183647427130154,0.7984219699492023,0.6910755138157537,15.127260702929517,51.621956772738535,28.363342640595675,114.36397856579165,14.09587886717046,0.2583815502461265,0.9508108461784323,37.821929148822726,14.614229821065528,17.992271633396182,27.21332342450309,109.97356389615776,7.3342170032078275,1.320442375026019,81.53838722439725,24.09758430549131,6.571726630350403,12.023280443950283,3.440507942422696,0.5993142867445989,0.19977142891486624,2.9969952988450674,4.661341853397772,3.949810108733373,1.6966150618153581,2.015902136668952,2.891206154650484,1.3553720698147573,381.0721356055709,0.4866209680871878,1.664697844257755,0.3329203498417114
2020-03-04 04:00:00,0.1338747142368395,35.82088445493343,104.07692439984413,35.82088445493342,104.07692439984415,35.82088445493342,104.07692439984413,35.82088445493343,104.07692439984413,35.82088445493341,104.07692439984415,35.82088445493342,104.07692439984415,35.82088445493343,104.07692439984413,35.82088445493343,104.07692439984413,35.82088445493342,104.07692439984413,0.0,35.82088445493343,104.07692439984415,35.82088445493342,104.07692439984413,35.820884454933434,104.07692439984413,35.82088445493341,104.07692439984415,35.82088445493343,104.07692439984415,35.820884454933434,104.07692439984413,35.82088445493343,104.07692439984412,35.82088445493343,104.07692439984413,35.82088445493341,104.07692439984413,35.82088445493343,104.07692439984412,0.0,35.82088445493344,104.07692439984415,35.82088445493342,104.07692439984413,0.0,35.82088445493342,104.07692439984413,0.0,35.82088445493341,104.07692439984413,0.0304230788200909,35.82088445493342,104.07692439984413,0.0,35.82088445493342,104.07692439984413,0.0,37.04806753077659,-95.60406320729814,1.071661920002823,0.005671934791825151,0.0001831540150182675,37.04806753077659,-95.60406320729814,0.9988629766422809,0.0,0.0,37.048067530776585,-95.60406320729814,0.0,0.0003612967321150705,37.048067530776585,-95.60406320729814,2.038482110532877,0.0007256767109841203,0.00044233752068003826,37.0480675307766,-95.60406320729814,0.999456254477197,0.0,4.949755084739625e-05,56.066544462780655,-106.22585223735499,0.0,-6.253710613911972e-05,-25.24566041912171,133.62303054568588,4.3755811527582775,0.011558138246318923,-25.24566041912171,133.6230305456859,0.0,51.10751441421916,10.439642370814187,0.0,0.0,56.06654446278065,-106.22585223735497,-0.0001206562932296101,0.23526772981242305,-25.24566041912171,133.6230305456859,0.0,-25.245660419121712,133.62303054568588,0.0,37.04806753077658,-95.60406320729813,1.9987045890238586,0.0,37.04806753077659,-95.60406320729811,0.9988629766422809,0.0,0.001034000032205835,37.04806753077659,-95.60406320729813,1.011399609059406,0.0019370008975935695,37.04806753077659,-95.60406320729814,0.9988629766422809,0.0,37.04806753077659,-95.60406320729814,1.0905032018257734,0.0,0.0,37.04806753077659,-95.60406320729814,0.9988629766422809,0.0,0.0,37.0480675307766,-95.60406320729814,0.0,37.04806753077659,-95.60406320729814,1.9977259532845617,0.0,0.0,56.06654446278065,-106.22585223735499,0.9988629766422809,0.0,56.066544462780655,-106.22585223735497,0.0,37.04806753077659,-95.60406320729813,0.9988629766422809,0.0,0.018565760583532917,0.0,0.0,60.930641575179116,0.0,0.0,0.0,0.0,37.04806753077659,-95.60406320729814,0.0,37.04806753077659,-95.60406320729814,0.9988629766422809,0.0,0.0,37.04806753077659,-95.60406320729814,0.9988629766422809,0.0,0.0,0.0,0.0,0.0,0.0,37.04806753077659,-95.60406320729814,0.9999448216543929,0.0,0.0,37.04806753077659,-95.60406320729814,10.987492743065088,0.0,0.0,37.04806753077659,-95.60406320729814,4.994314883211402,0.0,0.0,37.04806753077659,-95.60406320729814,1.9977259532845617,0.0,0.0,37.04806753077659,-95.60406320729814,0.0,0.0,37.04806753077659,-95.60406320729814,0.0,0.0,37.04806753077659,-95.60406320729814,0.0,0.0,37.04806753077659,-95.60406320729813,35.98703067822058,0.0,0.0,1.854606373071328e+38,6.006192333436714e+38,-2.0408801804590492e+38,7.129311295838319e+38,-7.621235325417486e+35,-4.8672782229348364e+36,-9.12497642752983e+36,1.4144410415224589e+38,1.7101556091687013e+37,2.773936905919739e+38,8.503095907125264e+29,3.340701632564133e+29,-6.533674180451661,0.16029039804549933,22.964724322605175,6.297750914752528e+47,-1.5715217181246377e+50,3.582934474516702e+45,-6.949474085529143e+49,9.024630633680607e+40,1.5076209780013202e+41,0.6813007664016364,0.3578235788590508,176.32589575126718,103.87576231919344,2.633078510329013,0.21772956510161126,212.9561642590371,29.473756844659853,1.112256731374606,1.988062920436235,153.86213513035915,61.063176940180774,318.50758753503345,0.9677708908420449,41.73069591814665,94.75087164748307,12.30438942097691,144.14059412485403,215.53338823380525,49.13839086404751,6.364941698992893,2.0708495222610734,52.284639633182145,0.7521553466191186,40.912852088395624,1.2955895057469005,174.42254223269083,212.60331960935727,1.6525127911309299,208.83834760520165,0.3892425375408761,533.3268629518782,1.1436079855904377,64.20331985599377,223.1352921653512,341.87198422268386,24.660543200618317,34.400491944230836,72.67826642351729,4.904935631098246,14.909796116234116,38.07187682710384,0.3852807908129431,53.38566007261059,39.89902369959091,2.1547150344817183,75.96664238947874,1.113282040229254,186.9900818591915,50.02642474989133,279.6814081940829,107.5689620709871,74.32057484698353,0.4997382600079699,143.89908525022014,0.659248177199712,2.034417377502466,12.915925393862953,0.23498731683454424,0.14516939252136923,0.4994314883211404,2.0602954783351395,0.9998416123815776,0.5003999887699372,0.4994314883211404,0.9988629766422809,2.497157441605701,0.9988629766422809,5.493746371532544,0.8964399786926648,3.995810737006963,1.9979068163847793,100.75653795489092,31.32822119948589,1.5033532897742363,4.494883394890264,38.15461559425039,0.21576728378263166,23228.708296624634,775.0427900542426,3958.7510870795636,530.7396361085341,155.9249905521313,6.598808211992399,67.58594699627362,0.966627152476743,18.310745734631507,28.397095614224497,109.55056451208479,32.21688145754986,0.7988150792151648,0.6910737353612542,15.12687273999828,51.70686915315849,28.36735970445658,114.35943700808701,14.073323484351334,0.25777753858961333,0.9417628571520388,37.789325480563456,14.566266438614532,18.018216339265766,27.222293660985606,109.96825980354362,7.329604994901614,1.3069967040969706,81.45067190225598,23.92778954422097,6.628186226739908,12.023350644768191,3.440528030656744,0.5993177859853683,0.19977259532845612,3.0128575577882546,4.661101965682054,3.9352883231934386,1.701471212342192,2.0014165623011997,2.8558651377834106,1.353951911598708,380.8917033834185,0.4835196822362791,1.664735848430957,0.33293643589433775
2020-03-04 05:00:00,0.13627216325184102,35.82109871224832,104.07754692055248,35.82109871224831,104.07754692055248,35.821098712248315,104.07754692055248,35.821098712248315,104.07754692055246,35.82109871224831,104.07754692055249,35.821098712248315,104.07754692055249,35.821098712248315,104.07754692055246,35.82109871224832,104.07754692055246,35.821098712248315,104.07754692055248,0.0,35.82109871224832,104.07754692055249,35.82109871224831,104.07754692055248,35.82109871224833,104.07754692055248,35.82109871224831,104.07754692055249,35.82109871224832,104.07754692055248,35.82109871224832,104.07754692055246,35.82109871224832,104.07754692055246,35.82109871224832,104.07754692055246,35.82109871224831,104.07754692055246,35.82109871224832,104.07754692055246,0.0,35.82109871224833,104.07754692055249,35.821098712248315,104.07754692055248,0.0,35.821098712248315,104.07754692055248,0.0,35.82109871224831,104.07754692055248,0.03150157633349504,35.821098712248315,104.07754692055248,0.0,35.821098712248315,104.07754692055246,0.0,37.04828912830529,-95.60463504884218,1.0699362904899852,0.005533149211920552,0.00017823456123293273,37.04828912830529,-95.60463504884218,0.9988689511932328,0.0,0.0,37.048289128305285,-95.60463504884218,0.0,0.00035146945421475617,37.04828912830529,-95.60463504884218,2.037569144208442,0.0007100986281683916,0.0004315259761163426,37.0482891283053,-95.6046350488422,0.9994369533642106,0.0,4.6066622684705e-05,56.066879816512284,-106.2264876115569,0.0,-7.90479545823286e-05,-25.24581142230034,133.62382979205202,4.38910568091049,0.013297748516793315,-25.245811422300346,133.62382979205205,0.0,51.10782010624704,10.4397048139888,0.0,0.0,56.06687981651228,-106.22648761155689,-0.00012210419452467203,0.2317643061105799,-25.245811422300346,133.62382979205205,0.0,-25.245811422300346,133.62382979205202,0.0,37.04828912830528,-95.60463504884218,1.9987172681149625,0.0,37.04828912830529,-95.60463504884217,0.9988689511932328,0.0,0.0010348069397099983,37.04828912830529,-95.60463504884217,1.0114105531879838,0.0019379073471480486,37.04828912830529,-95.60463504884218,0.9988689511932328,0.0,37.04828912830529,-95.60463504884218,1.1027346388977524,0.0,0.0,37.04828912830529,-95.60463504884218,0.9988689511932328,0.0,0.0,37.0482891283053,-95.6046350488422,0.0,37.04828912830529,-95.60463504884218,1.9977379023864656,0.0,0.0,56.06687981651228,-106.22648761155692,0.9988689511932328,0.0,56.066879816512284,-106.22648761155689,0.0,37.04828912830529,-95.60463504884217,0.9988689511932328,0.0,0.016593267840743803,0.0,0.0,60.93100602278719,0.0,0.0,0.0,0.0,37.04828912830529,-95.60463504884218,0.0,37.04828912830529,-95.60463504884218,0.9988689511932328,0.0,0.0,37.04828912830529,-95.60463504884218,0.9988689511932328,0.0,0.0,0.0,0.0,0.0,0.0,37.04828912830529,-95.60463504884218,0.9999515210204916,0.0,0.0,37.04828912830529,-95.60463504884218,10.987558463125561,0.0,0.0,37.04828912830529,-95.60463504884218,4.9943447559661625,0.0,0.0,37.04828912830529,-95.60463504884218,1.9977379023864656,0.0,0.0,37.04828912830529,-95.60463504884218,0.0,0.0,37.04828912830529,-95.60463504884218,0.0,0.0,37.04828912830529,-95.60463504884218,0.0,0.0,37.04828912830529,-95.60463504884218,35.98631494602235,0.0,0.0,1.819734548837052e+38,5.893258998142554e+38,-2.002109877289759e+38,6.993876808809432e+38,-7.446848707753258e+35,-4.755906752263089e+36,-8.938195849564267e+36,1.3854886253346524e+38,1.679286195188344e+37,2.7238655520352633e+38,8.340091690478072e+29,3.276660434085854e+29,-6.533741216117071,0.16068556437166825,22.974868965620075,6.17933545680997e+47,-1.5416677492183737e+50,3.500950938036825e+45,-6.807224207235134e+49,8.851628604414957e+40,1.4767730190268759e+41,0.6834435786870469,0.35662322737482266,176.40615737544587,104.26190122754959,2.6681916310115374,0.2162558935672321,213.14478652278774,29.19326393608867,1.1119812263333733,1.990357191728496,154.36687456371996,61.4374874387541,319.09984451684335,0.9745404794701007,41.901510498074956,94.79489421048778,12.23313512984729,144.42013854051697,215.95446847510752,49.670305288664935,6.4811964410073095,2.07378411454919,52.471315472001265,0.7528514470667106,40.95064085550952,1.2998314976752274,175.1920265919951,213.0633052411173,1.658276603530925,208.8207867882559,0.38889004389738296,533.5896511254678,1.1455411001424265,64.82104332026502,221.4507666829238,342.09575876392967,24.74483239296107,34.92299751527213,72.58016367100905,4.9177793261430125,15.044417421463201,38.14155180830149,0.39007334937485644,53.40756067134184,40.135956902270024,2.1522538963982885,75.72078624960159,1.1157561885886962,187.63884574190593,49.99390098378865,279.951062795107,107.53799321280684,74.32073136947017,0.5006851622229425,143.73007965855277,0.6571432898210784,2.0366774956110145,12.740436231411154,0.2305810786016299,0.14573690946527898,0.4994344755966164,2.059851661588899,0.9998483169217294,0.5004034292701904,0.4994344755966164,0.9988689511932328,2.4971723779830812,0.9988689511932328,5.4937792315627805,0.9033594636506826,3.9958341643389512,1.9977664415596983,100.7571897173066,31.328408584600933,1.5032551090821968,4.494910280369549,38.15484381043244,0.2145858471873357,23261.750656022905,776.6590799076153,3988.140192704536,530.5081340679683,155.5254614679474,6.573031716485761,67.54086384989203,0.9652802431655635,18.23889107987797,28.39232651109511,109.55494163089084,32.284592789606805,0.7997934558144283,0.6910726064710004,15.126528611844634,51.785069413441505,28.37071862369267,114.35582415348816,14.054741184302685,0.25727808002597696,0.9342728691776372,37.744442450712675,14.500319884825787,18.058357977923105,27.230544291212123,109.96346617415705,7.325374772758014,1.2946514235841244,81.35385793251876,23.74008089592498,6.695013746899002,12.02342256065928,3.4405486096655786,0.5993213707159396,0.19977379023864653,3.0281400392766376,4.6577004747133905,3.921563503389507,1.7068255693399421,1.9849753206171799,2.8196020649689713,1.3524966278644541,380.7398121450899,0.4809027616517289,1.6647819099035797,0.3329564793551731
2020-03-04 06:00:00,0.13874978009980837,35.821317925461194,104.07818384053171,35.82131792546118,104.07818384053172,35.82131792546118,104.07818384053171,35.82131792546118,104.07818384053171,35.82131792546118,104.07818384053172,35.82131792546119,104.07818384053172,35.82131792546119,104.07818384053171,35.82131792546119,104.07818384053171,35.82131792546119,104.07818384053172,0.0,35.82131792546119,104.07818384053172,35.82131792546118,104.07818384053171,35.821317925461194,104.07818384053171,35.82131792546117,104.07818384053172,35.82131792546118,104.07818384053172,35.82131792546119,104.07818384053171,35.8213179254612,104.0781838405317,35.82131792546119,104.07818384053171,35.82131792546117,104.07818384053171,35.821317925461194,104.0781838405317,0.0,35.821317925461194,104.07818384053172,35.82131792546119,104.07818384053171,0.0,35.82131792546119,104.07818384053171,0.0,35.82131792546118,104.07818384053171,0.03272065052200642,35.82131792546118,104.07818384053171,0.0,35.82131792546118,104.0781838405317,0.0,37.04851585151544,-95.60522011741818,1.0681664567856624,0.005390843591299099,0.00017319406528496298,37.04851585151544,-95.60522011741818,0.9988750639390697,0.0,0.0,37.04851585151544,-95.60522011741818,0.0,0.0003414013264389018,37.04851585151544,-95.60522011741818,2.0366323715164705,0.0006941067464659653,0.0004204400264462005,37.04851585151545,-95.60522011741818,0.9994172415889006,0.0,4.25676545892633e-05,56.06722292717337,-106.2271376823386,0.0,-9.582360844867521e-05,-25.245965918271498,133.62464752545768,4.406146210154544,0.015173937871812229,-25.245965918271498,133.6246475254577,0.0,51.10813286911169,10.439768701510847,0.0,0.0,56.06722292717337,-106.22713768233858,-0.00012355132742995897,0.22692653960564696,-25.245965918271498,133.6246475254577,0.0,-25.2459659182715,133.62464752545768,0.0,37.04851585151543,-95.60522011741817,1.9987302316375024,0.0,37.04851585151544,-95.60522011741816,0.9988750639390697,0.0,0.001035615863333876,37.04851585151544,-95.60522011741817,1.0114225864643336,0.0019389350467078985,37.04851585151544,-95.60522011741818,0.9988750639390697,0.0,37.04851585151543,-95.60522011741818,1.115628699038396,0.0,0.0,37.04851585151544,-95.60522011741818,0.9988750639390697,0.0,0.0,37.04851585151544,-95.60522011741818,0.0,37.04851585151544,-95.60522011741818,1.9977501278781393,0.0,0.0,56.06722292717336,-106.22713768233861,0.9988750639390697,0.0,56.067222927173376,-106.22713768233858,0.0,37.04851585151544,-95.60522011741817,0.9988750639390697,0.0,0.01473806699257632,0.0,0.0,60.93137890028324,0.0,0.0,0.0,0.0,37.04851585151544,-95.60522011741817,0.0,37.04851585151544,-95.60522011741818,0.9988750639390697,0.0,0.0,37.04851585151544,-95.60522011741818,0.9988750639390697,0.0,0.0,0.0,0.0,0.0,0.0,37.04851585151544,-95.60522011741818,0.9999583585811697,0.0,0.0,37.04851585151544,-95.60522011741818,10.987625703329766,0.0,0.0,37.04851585151544,-95.60522011741818,4.994375319695346,0.0,0.0,37.04851585151544,-95.60522011741818,1.9977501278781393,0.0,0.0,37.04851585151544,-95.60522011741818,0.0,0.0,37.04851585151544,-95.60522011741818,0.0,0.0,37.04851585151544,-95.60522011741818,0.0,0.0,37.04851585151545,-95.60522011741818,35.985786077983654,0.0,0.0,1.7838889349368117e+38,5.7771720189748645e+38,-1.9622613380457655e+38,6.85467577012288e+38,-7.267939012029671e+35,-4.6416466318645e+36,-8.746368875377958e+36,1.3557539791889737e+38,1.6475403908834176e+37,2.6723726599864794e+38,8.172570449254675e+29,3.210844584170004e+29,-6.533809167081699,0.16105414141236793,22.98337554639094,6.057613267666176e+47,-1.5109835152995336e+50,3.4168409887617866e+45,-6.661131053285537e+49,8.673832500284377e+40,1.4450914972798467e+41,0.6857801806204359,0.35531394077948497,176.49441568318466,104.6631693482116,2.721005642704946,0.21488717373669905,213.3774498992649,28.88728245553503,1.1113138294992615,1.9927100828057893,154.88186517804877,61.821026552036614,319.6941822945298,0.981333536741817,42.086476058023834,94.81199249083588,12.192280864775524,144.70902266024274,216.4173925164331,50.253085452547346,6.611307052532797,2.0764192884136143,52.63895515626646,0.7537705275895533,40.993471755161764,1.3039023426201635,175.93033481790778,213.49213590253544,1.6654126278555528,208.776550768751,0.3884869642210946,533.8591493408175,1.147531129969346,65.44173188818266,219.80487804333728,342.3301414130306,24.780640084062995,35.46303566597125,72.48907976718232,4.931899493265874,15.164144671627293,38.219646653880645,0.3954466585182791,53.43640530262438,40.4278694764303,2.149793621257583,75.47597296039507,1.1188690965185486,188.4488654716554,49.90999582671042,280.2286747943396,107.5122237910104,74.3209218907678,0.5015272424893975,143.5460020816713,0.6548511330801966,2.0379325055790236,12.577435776153578,0.227006674571134,0.1463614765087241,0.49943753196953483,2.0599155534872886,0.999855167698432,0.5004069994928888,0.49943753196953483,0.9988750639390697,2.497187659847673,0.9988750639390697,5.493812851664883,0.9099031121856215,3.9958581265395257,1.9976237423117111,100.7578554395479,31.32860030404413,1.5031542764001893,4.4949377877258145,38.155077305389284,0.2136049763583689,23296.585751596354,778.3561891845401,4018.613522730497,530.2432127096687,155.06695593570007,6.547841525595511,67.51409598670689,0.9644778653668306,18.17882192842191,28.384601413965168,109.56151305425351,32.3870429154119,0.8013608019768192,0.6910720065247165,15.126219373208029,51.854621295553805,28.37345035675016,114.35309664492928,14.039956433781065,0.25687826689013005,0.9282677579392777,37.688660914982876,14.418411948202182,18.11066609083323,27.238053840767286,109.95919712481289,7.321537553673329,1.2834390833784441,81.25029775813786,23.539078074878,6.769617735885813,12.02349614000732,3.440569664679017,0.5993250383634418,0.1997750127878139,3.04250026027064,4.651507703225956,3.908808406202824,1.7126666884122532,1.9669999626539834,2.7831822168015377,1.3510361561257085,380.61328882824694,0.47871640864107134,1.664837948545933,0.33298144230343135
2020-03-04 07:00:00,0.1412778583411033,35.82154194186198,104.07883471608557,35.82154194186197,104.07883471608557,35.82154194186197,104.07883471608557,35.82154194186197,104.07883471608557,35.821541941861966,104.07883471608558,35.82154194186198,104.07883471608558,35.82154194186198,104.07883471608557,35.82154194186198,104.07883471608557,35.82154194186198,104.07883471608558,0.0,35.82154194186197,104.07883471608558,35.82154194186197,104.07883471608557,35.82154194186198,104.07883471608557,35.821541941861966,104.07883471608558,35.82154194186197,104.07883471608558,35.82154194186198,104.07883471608557,35.82154194186198,104.07883471608555,35.82154194186198,104.07883471608557,35.821541941861966,104.07883471608557,35.82154194186198,104.07883471608555,0.0,35.82154194186199,104.07883471608558,35.82154194186198,104.07883471608557,0.0,35.82154194186198,104.07883471608557,0.0,35.821541941861966,104.07883471608557,0.03402910427297236,35.82154194186197,104.07883471608557,0.0,35.82154194186197,104.07883471608555,0.0,37.04874754246531,-95.605818005451,1.0663520387915018,0.0052449884135746805,0.00016803154761201033,37.04874754246531,-95.605818005451,0.9988813106214816,0.0,0.0,37.04874754246531,-95.605818005451,0.0,0.00033109040888513325,37.04874754246531,-95.605818005451,2.035671576025035,0.0006776974177907721,0.00040907736828886543,37.04874754246531,-95.605818005451,0.999397111169685,0.0,3.90002566227534e-05,56.067573555743444,-106.22780199684259,0.0,-0.00011286482525586089,-25.24612379940896,133.62548317624692,4.426582049700787,0.017172588499483082,-25.24612379940896,133.62548317624695,0.0,51.108452484933764,10.439833988874492,0.0,0.0,56.06757355574344,-106.22780199684257,-0.00012499732967827032,0.22098509984342962,-25.24612379940896,133.62548317624695,0.0,-25.246123799408963,133.62548317624692,0.0,37.0487475424653,-95.60581800545098,1.9987434706039275,0.0,37.04874754246531,-95.60581800545097,0.9988813106214816,0.0,0.0010364265551565891,37.04874754246531,-95.60581800545098,1.0114355013410816,0.001940058464178507,37.04874754246531,-95.605818005451,0.9988813106214816,0.0,37.04874754246531,-95.605818005451,1.129038682527067,0.0,0.0,37.04874754246531,-95.605818005451,0.9988813106214816,0.0,0.0,37.048747542465314,-95.60581800545101,0.0,37.04874754246531,-95.605818005451,1.997762621242963,0.0,0.0,56.06757355574344,-106.2278019968426,0.9988813106214816,0.0,56.067573555743444,-106.22780199684257,0.0,37.04874754246531,-95.60581800545098,0.9988813106214816,0.0,0.013014842717922241,0.0,0.0,60.93175994791037,0.0,0.0,0.0,0.0,37.04874754246531,-95.60581800545098,0.0,37.04874754246531,-95.605818005451,0.9988813106214816,0.0,0.0,37.04874754246531,-95.605818005451,0.9988813106214816,0.0,0.0,0.0,0.0,0.0,0.0,37.04874754246531,-95.605818005451,0.9999653298910229,0.0,0.0,37.04874754246531,-95.605818005451,10.987694416836298,0.0,0.0,37.04874754246531,-95.605818005451,4.994406553107407,0.0,0.0,37.04874754246531,-95.605818005451,1.997762621242963,0.0,0.0,37.04874754246531,-95.605818005451,0.0,0.0,37.04874754246531,-95.605818005451,0.0,0.0,37.04874754246531,-95.605818005451,0.0,0.0,37.04874754246531,-95.605818005451,35.98541171344059,0.0,0.0,1.7470605195607113e+38,5.657902210946336e+38,-1.921324622613561e+38,6.711673456444817e+38,-7.084467382502723e+35,-4.524473046639515e+36,-8.549450270284402e+36,1.3252300913635184e+38,1.6149099612025361e+37,2.61944487220945e+38,8.00049068320037e+29,3.143237778170379e+29,-6.5338779980509525,0.16136542111230934,22.990443786795087,5.932553745607116e+47,-1.479461362266547e+50,3.3305863596290516e+45,-6.511160173478504e+49,8.491198275628866e+40,1.4125689398418696e+41,0.6882992518796791,0.3539265870266656,176.58598462629294,105.05543741775263,2.791346359583584,0.21363062437506106,213.65242031432632,28.56491751577827,1.1102898258725367,1.9950167124430536,155.38618117497418,62.19442139468852,320.2653607330549,0.9878608971701563,42.276684314076064,94.80350166024948,12.182574221048132,145.00379167110057,216.91030646886927,50.87221444458773,6.7523939141519635,2.078564504943697,52.77552111072732,0.7548643826533722,41.03952607205345,1.3075512985994953,176.5961082594064,213.85698766449934,1.6738660279692659,208.70806211101248,0.3880589779028556,534.1234269466422,1.1494725961940788,66.03981202165325,218.24525281666286,342.5603253079345,24.7702509120068,36.01415145462514,72.40549669365903,4.946933105907725,15.266064451746136,38.30440300505118,0.4012793869144179,53.47079003107552,40.772622233732875,2.1475123542689225,75.25156205607969,1.1225286740338472,189.39708373110057,49.77944167531446,280.4995789948909,107.49102213112153,74.32114116155189,0.5022439081814474,143.3522288823192,0.652438457440428,2.0382473140949577,12.4277832221663,0.2241944289864195,0.1470095762802178,0.4994406553107408,2.0604882201371986,0.9998621599824451,0.5004106845428302,0.4994406553107408,0.9988813106214816,2.4972032765537033,0.9988813106214816,5.493847208418149,0.9159276724182432,3.9958826070490483,1.9974787003161032,100.75853467900501,31.328796224258358,1.503050760018949,4.494965897796669,38.15531591646182,0.21286024177912652,23330.916119408274,780.0252653152351,4048.3947148902616,529.9618549790948,154.58034501165733,6.523961844110169,67.50607639860868,0.9642329002424681,18.129104553180007,28.373955938762567,109.57025197943182,32.523851121463736,0.8035099991873137,0.6910718424527206,15.125938160161075,51.91382546721727,28.375583425722528,114.3512144875046,14.028809505340389,0.25657357621453525,0.9236801319753093,37.62362511995911,14.322950091254832,18.172474803238458,27.244822446340258,109.95545198903746,7.318093166711513,1.2733593460353092,81.14254662402813,23.329792232903642,6.84902908338467,12.023571331554871,3.4405911810295473,0.599328786372889,0.19977626212429633,3.0555984564430467,4.642991916733874,3.8971567383976833,1.7189668757647325,1.9479422104660549,2.7473301185727266,1.3495988251400741,380.5091879772093,0.4769107133443418,1.664906303878201,0.3330124966283593
2020-03-04 08:00:00,0.14382357472725285,35.82177060982258,104.07949910666133,35.821770609822565,104.07949910666133,35.82177060982257,104.07949910666133,35.821770609822565,104.07949910666134,35.821770609822565,104.07949910666134,35.82177060982257,104.07949910666133,35.82177060982257,104.07949910666133,35.82177060982257,104.07949910666132,35.82177060982257,104.07949910666133,0.0,35.82177060982257,104.07949910666134,35.82177060982257,104.07949910666133,35.82177060982258,104.07949910666133,35.821770609822565,104.07949910666134,35.821770609822565,104.07949910666136,35.82177060982257,104.07949910666133,35.82177060982258,104.07949910666132,35.82177060982258,104.07949910666133,35.821770609822565,104.07949910666132,35.82177060982258,104.07949910666132,0.0,35.82177060982258,104.07949910666133,35.82177060982257,104.07949910666133,0.0,35.82177060982257,104.07949910666134,0.0,35.821770609822565,104.07949910666133,0.035370916740713444,35.82177060982257,104.07949910666132,0.0,35.82177060982257,104.07949910666133,0.0,37.048984044332165,-95.60642830825314,1.0644926600053086,0.0050955544502816474,0.000162746039089591,37.048984044332165,-95.60642830825314,0.998887687012329,0.0,0.0,37.04898404433217,-95.60642830825314,0.0,0.0003205347825615164,37.048984044332165,-95.60642830825314,2.0346865432430157,0.0006608670252200924,0.00039743572068672364,37.04898404433217,-95.60642830825316,0.9993765542132903,0.0,3.536404714114469e-05,56.067931464895466,-106.22848010541985,0.0,-0.00013017231870594836,-25.24628495884904,133.6263361787997,4.450134281031524,0.01927356815650323,-25.246284958849042,133.62633617879973,0.0,51.10877873737755,10.439900631889218,0.0,0.0,56.067931464895466,-106.22848010541982,-0.00012644183366621216,0.21419960981837816,-25.246284958849042,133.62633617879973,0.0,-25.246284958849046,133.6263361787997,0.0,37.048984044332165,-95.60642830825313,1.9987569761256891,0.0,37.048984044332165,-95.60642830825311,0.998887687012329,0.0,0.0010372387703040473,37.048984044332165,-95.60642830825313,1.0114491373631984,0.0019412579518963422,37.048984044332165,-95.60642830825314,0.998887687012329,0.0,37.048984044332165,-95.60642830825314,1.142783477061603,0.0,0.0,37.048984044332165,-95.60642830825314,0.998887687012329,0.0,0.0,37.04898404433217,-95.60642830825316,0.0,37.048984044332165,-95.60642830825314,1.997775374024658,0.0,0.0,56.06793146489546,-106.22848010541985,0.998887687012329,0.0,56.06793146489547,-106.22848010541982,0.0,37.048984044332165,-95.60642830825313,0.998887687012329,0.0,0.011432680062297303,0.0,0.0,60.93214890775206,0.0,0.0,0.0,0.0,37.048984044332165,-95.60642830825313,0.0,37.048984044332165,-95.60642830825314,0.998887687012329,0.0,0.0,37.048984044332165,-95.60642830825314,0.998887687012329,0.0,0.0,0.0,0.0,0.0,0.0,37.048984044332165,-95.60642830825314,0.9999724305374404,0.0,0.0,37.048984044332165,-95.60642830825314,10.98776455713562,0.0,0.0,37.048984044332165,-95.60642830825314,4.994438435061643,0.0,0.0,37.048984044332165,-95.60642830825314,1.997775374024658,0.0,0.0,37.048984044332165,-95.60642830825314,0.0,0.0,37.048984044332165,-95.60642830825314,0.0,0.0,37.048984044332165,-95.60642830825314,0.0,0.0,37.04898404433217,-95.60642830825314,35.98516450822458,0.0,0.0,1.7092403576727482e+38,5.5354206053187804e+38,-1.8792898653916234e+38,6.564835404730816e+38,-6.896395318792817e+35,-4.404361408440375e+36,-8.347395167739871e+36,1.293910007201368e+38,1.5813867293171178e+37,2.565068925579757e+38,7.82381120634019e+29,3.0738238349155367e+29,-6.533947674029645,0.16159234510333606,22.99625506348366,5.804126515665325e+47,-1.4470936933936383e+50,3.2421689506412774e+45,-6.35727739798492e+49,8.303682218344435e+40,1.3791979345880836e+41,0.6909820921381995,0.35249264942108965,176.67603408401175,105.4148224428821,2.8786791418320337,0.21248951456590695,213.96725582354856,28.23606939494961,1.1089666164903533,1.9971781451297215,155.86016474807127,62.539008458814365,320.78937693309996,0.9938475702302625,42.462996924880144,94.77129618794466,12.204302546915816,145.30062834151192,217.4198666855774,51.5113601907447,6.901348945468502,2.0800551952708988,52.87062373292659,0.7560758343664971,41.08682014246576,1.3105621116579813,177.153859325882,214.12902732234045,1.6835601328687253,208.6192551033603,0.3876334875634254,534.3712295750584,1.1512637039235565,66.59102870192481,216.81780149816132,342.77162999517907,24.716931512420192,36.5692108341966,72.32963258970996,4.962471633377666,15.347837845992311,38.39392454927103,0.4074406832324794,53.509048726170576,41.16718407765835,2.145575562687321,75.06548420601335,1.1266212803618916,190.45505263125344,49.60987520717868,280.7496233372424,107.47381451531574,74.32138513072672,0.5028186008686792,143.1546151750062,0.6499779568663617,2.03770879432323,12.291867699556159,0.2220877379805261,0.1476466607365541,0.4994438435061645,2.0615475557245793,0.9998692891133596,0.5004144724821128,0.4994438435061645,0.998887687012329,2.4972192175308217,0.998887687012329,5.49388227856781,0.9212998971636998,3.9959075894257037,1.9973312977028983,100.75922699629076,31.32899621263273,1.5029445284879202,4.494994591555482,38.155559482143346,0.21238714444021067,23362.469260285685,781.5587260750929,4075.7332061722805,529.6821835582086,154.098497884567,6.502090947005383,67.51695972222359,0.9645499509381714,18.088436960983724,28.360485105297506,109.58108786976943,32.6939301037199,0.8062221059237037,0.6910720430585398,15.125679761196434,51.961315495177345,28.377141922273196,114.35014379690875,14.021168468764012,0.2563601844855818,0.9204530238701486,37.551156584714064,14.216601365450488,18.240625760297622,27.25086788022527,109.9522180372418,7.315032148098122,1.2643850443684295,81.03324553778066,23.11739869937666,6.930010343670523,12.023648084407663,3.4406131441535774,0.5993326122073974,0.19977753740246582,3.0671140222850433,4.632697004137754,3.886707111437931,1.7256801394420533,1.9282635443930003,2.7127086942418037,1.3482105113292042,380.42484578063517,0.47544057646143,1.6649898087101167,0.3330510608488934
2020-03-04 09:00:00,0.14635211713274623,35.822003778809396,104.08017657488641,35.82200377880938,104.08017657488642,35.82200377880938,104.08017657488642,35.82200377880938,104.08017657488644,35.822003778809375,104.08017657488644,35.82200377880938,104.08017657488642,35.82200377880938,104.08017657488641,35.82200377880938,104.08017657488641,35.82200377880939,104.08017657488642,0.0,35.82200377880938,104.08017657488642,35.82200377880938,104.08017657488642,35.82200377880939,104.08017657488642,35.822003778809375,104.08017657488644,35.82200377880938,104.08017657488644,35.82200377880938,104.08017657488641,35.82200377880939,104.0801765748864,35.82200377880939,104.08017657488642,35.822003778809375,104.08017657488641,35.82200377880939,104.08017657488641,0.0,35.822003778809396,104.08017657488642,35.82200377880939,104.08017657488642,0.0,35.82200377880938,104.08017657488642,0.0,35.82200377880938,104.08017657488642,0.0366875078256703,35.82200377880938,104.08017657488641,0.0,35.82200377880938,104.08017657488642,0.0,37.04922520142532,-95.60705062405836,1.0625879476581197,0.0049425127717388495,0.00015733658140585326,37.04922520142532,-95.60705062405836,0.9988941889139925,0.0,0.0,37.04922520142533,-95.60705062405836,0.0,0.0003097325501326201,37.04922520142532,-95.60705062405836,2.0336770606949846,0.0006436119842665733,0.00038551282595269964,37.04922520142533,-95.60705062405836,0.9993555629168219,0.0,3.165865301028338e-05,56.06829641901554,-106.22917156166712,0.0,-0.00014774675782048413,-25.24644929049944,133.627205971579,4.476367610333627,0.02145051398244736,-25.24644929049944,133.62720597157903,0.0,51.109111411668984,10.439968586683504,0.0,0.0,56.06829641901553,-106.2291715616671,-0.00012788446644459127,0.20684641011113422,-25.24644929049944,133.62720597157903,0.0,-25.246449290499445,133.627205971579,0.0,37.04922520142532,-95.60705062405835,1.998770739404629,0.0,37.04922520142532,-95.60705062405835,0.9988941889139925,0.0,0.001038052266948698,37.04922520142532,-95.60705062405833,1.0114633703482137,0.0019425183938961824,37.04922520142532,-95.60705062405836,0.9988941889139925,0.0,37.04922520142532,-95.60705062405835,1.1566507352588795,0.0,0.0,37.04922520142532,-95.60705062405836,0.9988941889139925,0.0,0.0,37.04922520142533,-95.60705062405836,0.0,37.04922520142532,-95.60705062405836,1.997788377827985,0.0,0.0,56.06829641901553,-106.22917156166713,0.9988941889139925,0.0,56.06829641901554,-106.2291715616671,0.0,37.04922520142532,-95.60705062405835,0.9988941889139925,0.0,0.009995694360926236,0.0,0.0,60.93254552375354,0.0,0.0,0.0,0.0,37.04922520142532,-95.60705062405836,0.0,37.04922520142532,-95.60705062405836,0.9988941889139925,0.0,0.0,37.04922520142532,-95.60705062405836,0.9988941889139925,0.0,0.0,0.0,0.0,0.0,0.0,37.04922520142532,-95.60705062405836,0.9999796561409499,0.0,0.0,37.04922520142532,-95.60705062405836,10.98783607805392,0.0,0.0,37.04922520142532,-95.60705062405836,4.994470944569961,0.0,0.0,37.04922520142532,-95.60705062405836,1.997788377827985,0.0,0.0,37.04922520142532,-95.60705062405836,0.0,0.0,37.04922520142532,-95.60705062405836,0.0,0.0,37.04922520142532,-95.60705062405836,0.0,0.0,37.04922520142532,-95.60705062405836,35.9850215267414,0.0,0.0,1.670419573986318e+38,5.409698459239186e+38,-1.8361472785861182e+38,6.414127423738372e+38,-6.70368468979081e+35,-4.281287364952791e+36,-8.140159084806172e+36,1.2617868315072972e+38,1.546962579295635e+37,2.5092316557502988e+38,7.642491160789822e+29,3.0025867021343752e+29,-6.534018160324092,0.16171378588114152,23.000970439147235,5.672301439723387e+47,-1.4138729718686408e+50,3.1515708354046746e+45,-6.199448849125295e+49,8.111240964541493e+40,1.3449711327413472e+41,0.6938020159823651,0.3510428863245742,176.75995471697442,105.71918350407581,2.9820744148498735,0.21146374443339808,214.318660494078,27.91099804038689,1.1074200953643762,1.9991103862886708,156.28720453542846,62.8378605049873,321.24470637127564,0.999046960135276,42.63673390310836,94.71775917574524,12.257298015999744,145.5954841772048,217.93187188703214,52.15314144613098,7.054939965353079,2.0807634216251034,52.916196238691946,0.757341895684139,41.133284021233166,1.3127676375198232,177.57640459719013,214.2858443622723,1.6943919121456967,208.5153278358796,0.3872376733959149,534.5930022708523,1.1528118929045106,67.07372460194179,215.56410757852865,342.95042051128604,24.624880691148327,37.12064601496811,72.26148054544836,4.978080417565609,15.407847247121111,38.48624049835567,0.41379455664336345,53.549349035897514,41.6074485026257,2.144125043264447,74.93305011003173,1.1310183167420256,191.5905873155303,49.411359186438105,280.9659409208267,107.46009140156974,74.32165070330343,0.503239826547606,142.9592339390401,0.6475450300032046,2.036424165363796,12.169677388099826,0.22064515054856704,0.14823976118313914,0.49944709445699625,2.063049105138403,0.9998765504906357,0.5004183536539445,0.49944709445699625,0.9988941889139925,2.4972354722849803,0.9988941889139925,5.49391803902696,0.9259043549916517,3.9959330573468645,1.9971815170659784,100.75993195527546,31.329200137513617,1.5028355506245605,4.495023850112967,38.15580784209301,0.21222216326175558,23389.13695918481,782.8568628387801,4099.012196308469,529.422174025741,153.65394772665266,6.482861481756287,67.54662694013972,0.9654254823924249,18.055663058038302,28.344348569911084,109.59390260207718,32.895419524875145,0.809465316199825,0.6910725545947602,15.125440283058387,51.99614285911352,28.37814396806525,114.34985892144046,14.016938458862569,0.25623521065835014,0.9185435121919373,37.473164970336924,14.102161919067143,18.311642350875594,27.256221605802114,109.94947317569674,7.312337819888405,1.2564681930107982,80.9250147396813,22.907030219080145,7.009183967127107,12.023726348038798,3.4406355395926407,0.5993365133483954,0.1997788377827985,3.0767626347687558,4.621216075202045,3.8775282142409546,1.732740714226001,1.9084169982101544,2.6799053483904514,1.3468940716170588,380.3579166857185,0.47426633679388275,1.6650918701619317,0.3330988406239692
2020-03-04 10:00:00,0.14882802930511138,35.822241299395586,104.0808666866039,35.82224129939558,104.0808666866039,35.82224129939558,104.0808666866039,35.82224129939557,104.08086668660391,35.82224129939558,104.08086668660391,35.822241299395586,104.0808666866039,35.822241299395586,104.0808666866039,35.82224129939558,104.08086668660388,35.822241299395586,104.0808666866039,0.0,35.822241299395586,104.08086668660391,35.82224129939558,104.0808666866039,35.82224129939558,104.0808666866039,35.82224129939558,104.08086668660391,35.82224129939558,104.08086668660393,35.82224129939558,104.0808666866039,35.822241299395586,104.08086668660388,35.822241299395586,104.0808666866039,35.822241299395564,104.08086668660388,35.82224129939558,104.08086668660388,0.0,35.822241299395586,104.0808666866039,35.82224129939558,104.0808666866039,0.0,35.82224129939558,104.08086668660391,0.0,35.82224129939557,104.0808666866039,0.03792024936373064,35.822241299395586,104.08086668660388,0.0,35.822241299395586,104.0808666866039,0.0,37.04947085919874,-95.60768455405425,1.0606375328528017,0.0047858347580350125,0.00015180222744045832,37.04947085919874,-95.60768455405425,0.998900812159715,0.0,0.0,37.04947085919875,-95.60768455405425,0.0,0.0002986818366737358,37.04947085919875,-95.60768455405425,2.0326429179969,0.000625928744164797,0.00037330645052715064,37.04947085919876,-95.60768455405425,0.9993341295698425,0.0,2.788370982352399e-05,56.06866818422205,-106.22987592246324,0.0,-0.00016558876606959788,-25.24661668904788,133.62809199717628,4.504698734760432,0.023670927074183522,-25.246616689047883,133.62809199717634,0.0,51.10945029461304,10.440037809708377,0.0,0.0,56.06866818422204,-106.22987592246322,-0.00012932484970958188,0.19920579448292336,-25.246616689047887,133.6280919971763,0.0,-25.246616689047887,133.62809199717628,0.0,37.04947085919875,-95.60768455405425,1.9987847517267618,0.0,37.04947085919874,-95.60768455405423,0.998900812159715,0.0,0.0010388668063089144,37.04947085919874,-95.60768455405423,1.0114781039692944,0.0019438281536196525,37.04947085919874,-95.60768455405425,0.998900812159715,0.0,37.04947085919875,-95.60768455405425,1.1704025449419664,0.0,0.0,37.04947085919874,-95.60768455405425,0.998900812159715,0.0,0.0,37.049470859198756,-95.60768455405426,0.0,37.04947085919874,-95.60768455405425,1.99780162431943,0.0,0.0,56.06866818422204,-106.22987592246324,0.998900812159715,0.0,56.06866818422205,-106.22987592246322,0.0,37.04947085919874,-95.60768455405425,0.998900812159715,0.0,0.008703761982912778,0.0,0.0,60.932949541742616,0.0,0.0,0.0,0.0,37.04947085919874,-95.60768455405425,0.0,37.04947085919874,-95.60768455405425,0.998900812159715,0.0,0.0,37.04947085919874,-95.60768455405425,0.998900812159715,0.0,0.0,0.0,0.0,0.0,0.0,37.04947085919874,-95.60768455405425,0.9999870023555535,0.0,0.0,37.04947085919874,-95.60768455405425,10.987908933756867,0.0,0.0,37.04947085919874,-95.60768455405425,4.9945040607985725,0.0,0.0,37.04947085919874,-95.60768455405425,1.99780162431943,0.0,0.0,37.04947085919874,-95.60768455405425,0.0,0.0,37.04947085919874,-95.60768455405425,0.0,0.0,37.04947085919874,-95.60768455405425,0.0,0.0,37.04947085919875,-95.60768455405426,35.98496366209702,0.0,0.0,1.6305893659751529e+38,5.280707265490868e+38,-1.791887155545876e+38,6.259515605677173e+38,-6.5062977477256576e+35,-4.1552268086801545e+36,-7.927697937794752e+36,1.2288537309729037e+38,1.5116294588103536e+37,2.4519200015417436e+38,7.456490030730642e+29,2.9295104619467407e+29,-6.534089422544119,0.16171636253560268,23.00472954851568,5.5370486267388116e+47,-1.3797917233609992e+50,3.05877426774233e+45,-6.037640953284366e+49,7.913831513376233e+40,1.309881251456388e+41,0.6967240699543737,0.3496062154416023,176.83370454870445,105.94954056725304,3.1001754561272397,0.2105504589470663,214.70235184891024,27.59991751802923,1.105739920170723,2.0007514488869207,156.65512626671122,63.0767496078896,321.6134630054405,1.0032541571932594,42.79032666488824,94.64573733205798,12.340926275661634,145.88423578879681,218.4318850954112,52.77988147291622,7.209925417586317,2.0806063897517206,52.907033491047976,0.7585973498249505,41.176848940838084,1.3140610687435053,177.8467266654606,214.31338352872547,1.7062278671812898,208.40241859159065,0.3868965749071978,534.7816932580647,1.154039040987804,67.47003514810336,214.51895496389272,343.08497895839145,24.499152440391903,37.660747930141795,72.20084960489201,4.9933177364099475,15.445311359909669,38.579375346957676,0.42020469071984956,53.58980077832837,42.08806724862323,2.1432696395631137,74.86594520288865,1.1355835747858747,192.76960859287274,49.19575862122355,281.13767372153217,107.44941094276697,74.32193555516992,0.5035019626140974,142.77213311758115,0.6452147646463442,2.0345186952066676,12.06087256805911,0.21984220192161427,0.14875996758037538,0.4994504060798575,2.064927709218655,0.9998839395670462,0.5004223201566674,0.4994504060798575,0.998900812159715,2.4972520303992862,0.998900812159715,5.493954466878433,0.9296510098848018,3.995958994610422,1.997029341472241,100.76064912312108,31.329407868215327,1.5027237955237356,4.495053654718719,38.15606083714883,0.21240386668910055,23409.107368101293,783.8341013104018,4116.851034785939,529.1983861388824,153.27659057814535,6.466802876170578,67.594680210256,0.9668476675665667,18.029780682461055,28.325775504984623,109.60852687402175,33.12562424109903,0.8131939883944205,0.6910733373783837,15.125216895180078,52.01784354238723,28.378600623387506,114.35034394626739,14.016068244449418,0.2561968884258956,0.9179252890297216,37.39156235849578,13.982431499084097,18.38192693972242,27.26092505365784,109.94718849453864,7.309988252363064,1.249545665416639,80.82036321880153,22.703601405901157,7.083175434106329,12.023806072292864,3.440658352994574,0.5993404872958289,0.19978016243194302,3.084312848224711,4.609162629383252,3.8696646919508653,1.7400624000344076,1.8888321533992078,2.6494247629645966,1.345669044650958,380.3063964001557,0.4733541684313842,1.665216556951748,0.3331578723960162
2020-03-04 11:00:00,0.15121668060210244,35.82248302327295,104.08156901090696,35.822483023272945,104.08156901090696,35.822483023272945,104.08156901090696,35.82248302327294,104.08156901090699,35.822483023272945,104.08156901090697,35.82248302327295,104.08156901090696,35.82248302327295,104.08156901090696,35.822483023272945,104.08156901090695,35.82248302327295,104.08156901090697,0.0,35.82248302327295,104.08156901090697,35.822483023272945,104.08156901090696,35.822483023272945,104.08156901090696,35.822483023272945,104.08156901090697,35.822483023272945,104.08156901090699,35.822483023272945,104.08156901090696,35.82248302327295,104.08156901090695,35.82248302327295,104.08156901090696,35.82248302327293,104.08156901090696,35.822483023272945,104.08156901090696,0.0,35.82248302327295,104.08156901090697,35.82248302327295,104.08156901090696,0.0,35.822483023272945,104.08156901090697,0.0,35.82248302327294,104.08156901090696,0.039013119675796876,35.82248302327295,104.08156901090696,0.0,35.82248302327295,104.08156901090697,0.0,37.04972086426335,-95.60832970241398,1.0586410507040434,0.00462549211012514,0.0001461420416471581,37.04972086426335,-95.60832970241398,0.9989075526139318,0.0,0.0,37.04972086426336,-95.60832970241398,0.0,0.0002873807904324316,37.04972086426336,-95.60832970241398,2.0315839069325725,0.0006078137891714977,0.00036081438584342415,37.049720864263364,-95.60832970241398,0.9993122465564546,0.0,2.403886212097757e-05,56.06904652838424,-106.23059274800424,0.0,-0.0001836989204964598,-25.246787049970457,133.62899370235584,4.534411760948501,0.025896637269973516,-25.24678704997046,133.62899370235587,0.0,51.10979517461068,10.440108257740874,0.0,0.0,56.06904652838423,-106.23059274800424,-0.00013076259979483877,0.19154945584866995,-25.24678704997046,133.62899370235587,0.0,-25.24678704997046,133.62899370235584,0.0,37.04972086426335,-95.60832970241397,1.998799004457838,0.0,37.04972086426335,-95.60832970241397,0.9989075526139318,0.0,0.0010396821526480096,37.04972086426335,-95.60832970241395,1.0114932632313536,0.0019451782583082048,37.04972086426335,-95.60832970241398,0.9989075526139318,0.0,37.04972086426336,-95.60832970241397,1.1837836612252681,0.0,0.0,37.04972086426335,-95.60832970241398,0.9989075526139318,0.0,0.0,37.049720864263364,-95.60832970241398,0.0,37.04972086426335,-95.60832970241398,1.9978151052278637,0.0,0.0,56.06904652838423,-106.23059274800426,0.9989075526139318,0.0,56.06904652838424,-106.23059274800424,0.0,37.04972086426335,-95.60832970241397,0.9989075526139318,0.0,0.007553292665054136,0.0,0.0,60.933360709449836,0.0,0.0,0.0,0.0,37.04972086426335,-95.60832970241398,0.0,37.04972086426335,-95.60832970241398,0.9989075526139318,0.0,0.0,37.04972086426335,-95.60832970241398,0.9989075526139318,0.0,0.0,0.0,0.0,0.0,0.0,37.04972086426335,-95.60832970241398,0.9999944648690539,0.0,0.0,37.04972086426335,-95.60832970241398,10.98798307875325,0.0,0.0,37.04972086426335,-95.60832970241398,4.994537763069657,0.0,0.0,37.04972086426335,-95.60832970241398,1.9978151052278637,0.0,0.0,37.04972086426335,-95.60832970241398,0.0,0.0,37.04972086426335,-95.60832970241398,0.0,0.0,37.04972086426335,-95.60832970241398,0.0,0.0,37.04972086426336,-95.60832970241398,35.98497509732449,0.0,0.0,1.5897410069171559e+38,5.1484187623508056e+38,-1.746499874133652e+38,6.100966337984765e+38,-6.304197142374582e+35,-4.0261558860192426e+36,-7.709968058077486e+36,1.195103936627258e+38,1.4753793818736764e+37,2.3931210093810297e+38,7.2657676565357e+29,2.854579336413281e+29,-6.534161426605016,0.16159563589366682,23.007650113042832,5.398338443079978e+47,-1.3448425386176327e+50,2.9637616883750294e+45,-5.871820452951244e+49,7.711411242043574e+40,1.2739210764311014e+41,0.699705164141046,0.34820886585554095,176.894109138899,106.09131749169876,3.2311729101983326,0.209744656030254,215.1129577372211,27.312638887480926,1.1040240287449363,2.002065762312361,156.95705103374667,63.244979886544556,321.8823978906159,1.0063173789756967,42.91788231052902,94.55847556073797,12.454059922034755,146.16285579287768,218.90580226198855,53.37429713157031,7.363173349647771,2.079552207680023,52.841156482520276,0.7597785550927322,41.21553991771431,1.3144028311399845,177.95910715924154,214.20721197923822,1.718900830759155,208.2872306128674,0.3866313268363327,534.9332554120831,1.1548859635243125,67.76691621401366,213.7081557827456,343.16626810873043,24.345540638525343,38.18198581167219,72.14740538843232,5.007752232270744,15.460357530844355,38.671421218152744,0.42653943586814325,53.62857093528418,42.602320985709234,2.1430782153037993,74.87146971718607,1.140180892539587,193.95806170711364,48.97601750133503,281.25659836374217,107.44140051983241,74.3222379954564,0.5036057652756835,142.59912180763058,0.6430592833646699,2.032132482879231,11.964857992988835,0.21967311773926612,0.14918457586407047,0.4994537763069659,2.0670999727491193,0.9998914518439059,0.50042636543612,0.4994537763069659,0.9989075526139318,2.4972688815348283,0.9989075526139318,5.493991539376625,0.932481984174557,3.9959853851360676,1.996874754470793,100.76137807031415,31.329619275030495,1.5026092325671883,4.495083986762694,38.15631830934029,0.21297400804597127,23420.98062962562,784.4244817092427,4128.194818753928,529.0247970862131,152.99156918968376,6.454308315893107,67.66042852497026,0.9687959609641837,18.00994512732759,28.305068404961723,109.62473740189361,33.38096593351951,0.8173478877373154,0.6910743632758265,15.125007639906185,52.026479903318275,28.378515234366432,114.35159359319799,14.018554140190735,0.2562446692599948,0.9185901957441132,37.308186355844576,13.860100877958033,18.44797059580844,27.265026249998463,109.94533057472941,7.307958040776155,1.243544336150545,80.72161748843635,22.511670616688242,7.148765263740247,12.023887207389915,3.440681570114654,0.599344531568359,0.19978151052278634,3.0896008639695327,4.597141059692195,3.8631432656301885,1.7475389460728972,1.8699039298828846,2.621687705128271,1.344551592807173,380.26863484051927,0.47267630810555483,1.665368691022122,0.33323056920409483
2020-03-04 12:00:00,0.1534857426446985,35.82272880326337,104.08228312017229,35.82272880326337,104.08228312017229,35.82272880326336,104.0822831201723,35.82272880326335,104.08228312017232,35.82272880326336,104.0822831201723,35.82272880326337,104.08228312017229,35.82272880326337,104.08228312017229,35.82272880326336,104.08228312017228,35.82272880326337,104.0822831201723,0.0,35.82272880326337,104.0822831201723,35.82272880326336,104.08228312017229,35.82272880326336,104.08228312017229,35.82272880326336,104.0822831201723,35.82272880326336,104.08228312017233,35.82272880326336,104.0822831201723,35.82272880326337,104.08228312017228,35.82272880326337,104.0822831201723,35.82272880326336,104.08228312017229,35.82272880326337,104.08228312017229,0.0,35.82272880326337,104.0822831201723,35.82272880326337,104.08228312017229,0.0,35.82272880326336,104.0822831201723,0.0,35.82272880326335,104.0822831201723,0.03991536633875945,35.82272880326337,104.08228312017229,0.0,35.82272880326337,104.0822831201723,0.0,37.049975064398865,-95.60898567632687,1.0565981404797267,0.004461456861035107,0.00014035510044003822,37.049975064398865,-95.60898567632687,0.9989144061725908,0.0,0.0,37.04997506439887,-95.60898567632687,0.0,0.00027582758359743706,37.049975064398865,-95.60898567632687,2.030499821530864,0.0005892636398790382,0.00034803444920194354,37.04997506439888,-95.60898567632687,0.9992899063573869,0.0,2.0123763610352396e-05,56.069431221140164,-106.23132160183748,0.0,-0.0002020777508377064,-25.246960269539723,133.62991053809753,4.564680972948413,0.028084678952954526,-25.24696026953972,133.62991053809756,0.0,51.110145841675276,10.440179887887393,0.0,0.0,56.069431221140164,-106.23132160183748,-0.00013219732766455794,0.18412881913971052,-25.246960269539723,133.62991053809756,0.0,-25.246960269539723,133.62991053809753,0.0,37.049975064398865,-95.60898567632685,1.99881348904022,0.0,37.049975064398865,-95.60898567632685,0.9989144061725908,0.0,0.0010404980732728391,37.049975064398865,-95.60898567632685,1.0115087894320354,0.0019465617690426346,37.049975064398865,-95.60898567632687,0.9989144061725908,0.0,37.049975064398865,-95.60898567632687,1.1965321529145467,0.0,0.0,37.049975064398865,-95.60898567632687,0.9989144061725908,0.0,0.0,37.04997506439887,-95.60898567632688,0.0,37.049975064398865,-95.60898567632687,1.9978288123451815,0.0,0.0,56.06943122114016,-106.23132160183748,0.9989144061725908,0.0,56.069431221140164,-106.23132160183748,0.0,37.049975064398865,-95.60898567632687,0.9989144061725908,0.0,0.006537994653494049,0.0,0.0,60.93377877652803,0.0,0.0,0.0,0.0,37.049975064398865,-95.60898567632687,0.0,37.049975064398865,-95.60898567632687,0.9989144061725908,0.0,0.0,37.049975064398865,-95.60898567632687,0.9989144061725908,0.0,0.0,0.0,0.0,0.0,0.0,37.049975064398865,-95.60898567632687,1.0000020394033682,0.0,0.0,37.049975064398865,-95.60898567632687,10.9880584678985,0.0,0.0,37.049975064398865,-95.60898567632687,4.994572030862953,0.0,0.0,37.049975064398865,-95.60898567632687,1.9978288123451815,0.0,0.0,37.049975064398865,-95.60898567632687,0.0,0.0,37.049975064398865,-95.60898567632687,0.0,0.0,37.049975064398865,-95.60898567632687,0.0,0.0,37.04997506439887,-95.60898567632688,35.98504281531445,0.0,0.0,1.547865848970149e+38,5.01280494355095e+38,-1.6999759001324203e+38,5.938446315226831e+38,-6.09734593541406e+35,-3.894051006424558e+36,-7.486926208057416e+36,1.1605307463126256e+38,1.4382044316039538e+37,2.332821837787471e+38,7.07028424904334e+29,2.777777693143395e+29,-6.534234138729418,0.1613565801950401,23.009827881055518,5.2561415229704916e+47,-1.309018076086006e+50,2.866515731667349e+45,-5.701954418883913e+49,7.503937920926016e+40,1.2370834645449107e+41,0.7026946974623086,0.3468738135485323,176.93908994324627,106.13531815324964,3.3727912222700245,0.20903975931220026,215.54395902370854,27.058272188623988,1.1023727826245113,2.003045484701639,157.19163458005286,63.33602774628981,322.04366009251964,1.0081466881234573,43.015610844458195,94.45952624199631,12.595040372604537,146.42758451726135,219.34033222697997,53.92008057579946,7.511776743511423,2.077622494208217,52.71997732589787,0.7608272496293798,41.24756874631819,1.3138225461897135,177.91942923265836,213.97301090194495,1.732208184024472,208.1766313068568,0.386457658747256,535.0467955258035,1.1553158753776465,67.95692546170481,213.14681397025774,343.1885313773295,24.17041639927772,38.677328176476,72.10070835341081,5.020977620554348,15.4540438915551,38.76060801744582,0.43267665052265253,53.66399837415281,43.14204757187065,2.143575278208012,74.95206737281602,1.144681605080766,195.12378182050432,48.76538621969007,281.3176075812204,107.43575693085508,74.32255686936756,0.5035585247050917,142.44559197735057,0.6411455301832659,2.029416127061385,11.880851054640265,0.22015249046467852,0.14949872154076366,0.4994572030862954,2.0694675390270674,0.9998990828676289,0.5004304839708167,0.4994572030862954,0.9989144061725908,2.4972860154314764,0.9989144061725908,5.49402923394925,0.9343769400337695,3.9960122129665354,1.9967177401021663,100.7621183706977,31.329834229240127,1.502491831433086,4.495114827776659,38.15658010190063,0.21397852288466743,23423.85954302931,784.5859545477432,4132.384536226477,528.9118091323421,152.81747333242987,6.445608349283661,67.74286629361278,0.9712404616954871,17.995469613696965,28.282604979214984,109.6422555269804,33.656958280669045,0.8218518095729422,0.6910756139273114,15.124811298678296,52.02265347833865,28.377883211024752,114.35361352662707,14.024441289352893,0.25637925744496126,0.9205487451423439,37.22473603977062,13.737658084616713,18.50656287680793,27.26857687623766,109.94386349999408,7.306219854883745,1.2383855686908103,80.63087056351925,22.33534103833204,7.203042004278208,12.023969703929328,3.440705176816701,0.5993486437035542,0.19978288123451815,3.0925422319736677,4.585718222440071,3.8579786915251733,1.7550456797849623,1.8519853833086153,2.59703479727462,1.3435546436402832,380.24334218198436,0.47221116634814925,1.6655539405566524,0.3333197671920307
2020-03-04 13:00:00,0.15560653923997114,35.822978493329984,104.0830085900925,35.822978493329984,104.0830085900925,35.82297849332998,104.08300859009252,35.82297849332998,104.08300859009253,35.82297849332998,104.08300859009252,35.82297849332999,104.0830085900925,35.82297849332999,104.0830085900925,35.82297849332998,104.08300859009249,35.822978493329984,104.08300859009252,0.0,35.822978493329984,104.08300859009252,35.82297849332998,104.0830085900925,35.822978493329984,104.0830085900925,35.82297849332998,104.08300859009252,35.822978493329984,104.08300859009255,35.82297849332998,104.08300859009252,35.822978493329984,104.08300859009249,35.82297849332999,104.08300859009252,35.82297849332998,104.0830085900925,35.822978493329984,104.0830085900925,0.0,35.822978493329984,104.08300859009252,35.822978493329984,104.0830085900925,0.0,35.822978493329984,104.08300859009252,0.0,35.82297849332998,104.08300859009252,0.0405840186677882,35.82297849332999,104.0830085900925,0.0,35.82297849332999,104.08300859009252,0.0,37.05023330856538,-95.6096520860282,1.054508445743922,0.004293701387197479,0.00013444049258416052,37.05023330856538,-95.6096520860282,0.9989213687634642,0.0,0.0,37.05023330856538,-95.6096520860282,0.0,0.00026402041307615337,37.05023330856539,-95.6096520860282,2.0293904581437587,0.0005702748545443267,0.00033496448465437575,37.0502333085654,-95.60965208602822,0.999267101552091,0.0,1.6138077390039432e-05,56.0698220339142,-106.23206205089467,0.0,-0.0002207257386366568,-25.247136244832568,133.63084195963856,4.594600855657237,0.03018859121326037,-25.247136244832568,133.6308419596386,0.0,51.110502087448474,10.440252657586932,0.0,0.0,56.06982203391421,-106.23206205089467,-0.00013362863890730272,0.17716483513855164,-25.247136244832568,133.6308419596386,0.0,-25.247136244832568,133.63084195963856,0.0,37.05023330856539,-95.60965208602822,1.9988281969907333,0.0,37.05023330856538,-95.60965208602819,0.9989213687634642,0.0,0.0010413143385319592,37.05023330856538,-95.6096520860282,1.011524636282617,0.001947973295795598,37.05023330856538,-95.6096520860282,0.9989213687634642,0.0,37.05023330856539,-95.60965208602822,1.2083920675621485,0.0,0.0,37.05023330856538,-95.6096520860282,0.9989213687634642,0.0,0.0,37.050233308565396,-95.60965208602822,0.0,37.05023330856538,-95.6096520860282,1.9978427375269283,0.0,0.0,56.0698220339142,-106.23206205089467,0.9989213687634642,0.0,56.06982203391421,-106.23206205089468,0.0,37.05023330856538,-95.6096520860282,0.9989213687634642,0.0,0.005649595342597034,0.0,0.0,60.93420349457131,0.0,0.0,0.0,0.0,37.05023330856538,-95.6096520860282,0.0,37.05023330856538,-95.6096520860282,0.9989213687634642,0.0,0.0,37.05023330856538,-95.6096520860282,0.9989213687634642,0.0,0.0,0.0,0.0,0.0,0.0,37.05023330856538,-95.6096520860282,1.0000097217148323,0.0,0.0,37.05023330856538,-95.6096520860282,10.988135056398107,0.0,0.0,37.05023330856538,-95.6096520860282,4.99460684381732,0.0,0.0,37.05023330856538,-95.6096520860282,1.9978427375269283,0.0,0.0,37.05023330856538,-95.6096520860282,0.0,0.0,37.05023330856538,-95.6096520860282,0.0,0.0,37.05023330856538,-95.6096520860282,0.0,0.0,37.05023330856538,-95.60965208602823,35.98515616086554,0.0,0.0,1.5049553262859576e+38,4.873838068362938e+38,-1.6523057906943413e+38,5.771922551144667e+38,-5.8857076149433684e+35,-3.7588888516844166e+36,-7.258529597337225e+36,1.1251275271905833e+38,1.400096763025673e+37,2.2710097619148607e+38,6.870000404007812e+29,2.6990900509723587e+29,-6.534307525449102,0.1610132916571129,23.01133681858763,5.1104287790638654e+47,-1.272311064569808e+50,2.7670192324562162e+45,-5.528010262421797e+49,7.291369728930918e+40,1.1993613465291763e+41,0.705635730936003,0.34562049200010286,176.9678007902481,106.07836164163332,3.522292462823169,0.20842813484089942,215.98769375126346,26.84499081325575,1.1008831130228,2.0037086270743187,157.3626703545609,63.34793858554792,322.0952567727498,1.008719263554276,43.082077150872855,94.35263090001177,12.761633848307149,146.67508697005687,219.7233646097663,54.40234534056831,7.653156213770275,2.0748916940999216,52.54825566125868,0.7616941080196805,41.2714218027537,1.3124158622612272,177.74461603789138,213.62624918300764,1.7459119766542843,208.07725156203742,0.38638474600124434,535.1243609460449,1.1553165424200882,68.03869173643132,212.83812980445384,343.14968397470307,23.98051390846974,39.14053614027109,72.06024831117992,5.032623959935077,15.428328102833575,38.8453659561162,0.43850801576328263,53.69470072980709,43.69764750568303,2.1447394927058516,75.10516912783598,1.1489712437842643,196.23816854237512,48.57664906000658,281.3190093698928,107.43224578831355,74.32289149632285,0.5033738454743573,142.31637770532782,0.6395335230878822,2.026525203301661,11.807943278450251,0.22131700713239144,0.1496963559885123,0.4994606843817321,2.071921122963256,0.9999068282272688,0.5004346710296299,0.4994606843817321,0.9989213687634642,2.49730342190866,0.9989213687634642,5.494067528199054,0.9353565997028559,3.996039462268812,1.9965582829075927,100.76286960150233,31.330052603123338,1.5023715621056626,4.495146159435589,38.1568460592787,0.2154683452224846,23417.40836698375,784.3031635765847,4129.202320542442,528.8654896618588,152.76496224903536,6.440752716676187,67.84064822314895,0.9741411664562164,17.98582396880102,28.25883724687155,109.6607478820639,33.94821632398818,0.8266157595210564,0.6910770796163959,15.124627307085882,52.00748686358759,28.376692233502837,114.35642006935439,14.033822313321194,0.2566025775281643,0.923829636394747,37.142723186944735,13.617317014609505,18.554987969739678,27.27162979380752,109.94275055044162,7.304745743312499,1.2339889972975107,80.54995009476932,22.17819891936668,7.243546941330338,12.024053512893548,3.440729159074154,0.5993528212580783,0.19978427375269284,3.093139441350031,4.575397652097675,3.8541792286966357,1.7624425173223242,1.8353843763721296,2.5757339991969928,1.3426881814713472,380.2295906646498,0.4719433675601462,1.6657789101932032,0.33342877071486937
2020-03-04 14:00:00,0.15755513556715323,35.823231948588,104.08374499970742,35.823231948588,104.08374499970742,35.823231948587996,104.08374499970743,35.823231948587996,104.08374499970745,35.823231948587996,104.08374499970745,35.82323194858801,104.08374499970743,35.82323194858801,104.08374499970742,35.823231948588,104.0837449997074,35.823231948588,104.08374499970743,0.0,35.823231948588,104.08374499970743,35.823231948587996,104.08374499970742,35.823231948588,104.08374499970742,35.823231948587996,104.08374499970745,35.823231948588,104.08374499970746,35.823231948587996,104.08374499970743,35.823231948588,104.0837449997074,35.82323194858801,104.08374499970743,35.823231948588,104.08374499970742,35.823231948588,104.08374499970742,0.0,35.823231948588,104.08374499970743,35.823231948588,104.08374499970742,0.0,35.823231948588,104.08374499970745,0.0,35.823231948587996,104.08374499970743,0.04098608201789046,35.82323194858801,104.08374499970742,0.0,35.82323194858801,104.08374499970743,0.0,37.05049544691451,-95.61032854482805,1.052371614501081,0.00412219841987993,0.0001283973195893122,37.05049544691451,-95.61032854482805,0.9989284363464487,0.0,0.0,37.0504954469145,-95.61032854482805,0.0,0.00025195750127841865,37.0504954469145,-95.61032854482805,2.028255615525097,0.0005508440304297368,0.00032160236389518204,37.05049544691452,-95.61032854482805,0.999243824820838,0.0,1.2081476173314912e-05,56.070218739933864,-106.23281366552385,0.0,-0.00023964331635459302,-25.24731487373782,133.6317874265135,4.6232227484912665,0.03216012053970717,-25.247314873737817,133.63178742651357,0.0,51.11086370521558,10.440326524614253,0.0,0.0,56.07021873993387,-106.23281366552386,-0.00013505613373096526,0.17083968338120617,-25.247314873737817,133.63178742651354,0.0,-25.247314873737817,133.6317874265135,0.0,37.05049544691451,-95.61032854482806,1.9988431198992334,0.0,37.05049544691451,-95.61032854482804,0.9989284363464487,0.0,0.001042130721813379,37.05049544691451,-95.61032854482805,1.0115407669314063,0.0019494086253116893,37.05049544691451,-95.61032854482805,0.9989284363464487,0.0,37.05049544691451,-95.61032854482806,1.2191274642770982,0.0,0.0,37.05049544691451,-95.61032854482805,0.9989284363464487,0.0,0.0,37.05049544691452,-95.61032854482805,0.0,37.05049544691451,-95.61032854482805,1.9978568726928974,0.0,0.0,56.070218739933864,-106.23281366552386,0.9989284363464487,0.0,56.07021873993387,-106.23281366552386,0.0,37.05049544691451,-95.61032854482805,0.9989284363464487,0.0,0.004878491393274108,0.0,0.0,60.93463461713337,0.0,0.0,0.0,0.0,37.05049544691451,-95.61032854482805,0.0,37.05049544691451,-95.61032854482805,0.9989284363464487,0.0,0.0,37.05049544691451,-95.61032854482805,0.9989284363464487,0.0,0.0,0.0,0.0,0.0,0.0,37.05049544691451,-95.61032854482805,1.000017507594496,0.0,0.0,37.05049544691451,-95.61032854482805,10.988212799810938,0.0,0.0,37.05049544691451,-95.61032854482805,4.994642181732243,0.0,0.0,37.05049544691451,-95.61032854482805,1.9978568726928974,0.0,0.0,37.05049544691451,-95.61032854482805,0.0,0.0,37.05049544691451,-95.61032854482805,0.0,0.0,37.05049544691451,-95.61032854482805,0.0,0.0,37.0504954469145,-95.61032854482808,35.985306455179575,0.0,0.0,1.4610009581523969e+38,4.731490671773524e+38,-1.6034801978203414e+38,5.601362390810354e+38,-5.6692461101267514e+35,-3.620646385271609e+36,-7.024735899025764e+36,1.0888877182697011e+38,1.3610486058953682e+37,2.2076721781352586e+38,6.664877116678593e+29,2.6185010856892722e+29,-6.534381553606729,0.16058796141923576,23.012229407493216,4.961171413112811e+47,-1.2347143059083295e+50,2.665255232934109e+45,-5.349955747905406e+49,7.073665268963502e+40,1.1607477296607928e+41,0.7084667265386867,0.34446475035823537,176.98066002563525,105.9235278014576,3.676502718728654,0.20790153923291002,216.4354361187899,26.67985533282904,1.099643010851308,2.004094260389496,157.47811156200612,63.2834462066119,322.04117043079225,1.0080807437067856,43.118254038613664,94.24157564430568,12.950988996083325,146.9025794902634,220.04421711129848,54.807926777797,7.78514105728943,2.0714832246231754,52.333854329139946,0.7623417975576194,41.28593675209055,1.3103363908390695,177.4612446589076,213.19106866009827,1.7597413642776036,207.99510855064204,0.3864144758464617,535.170394417356,1.1549009425753094,68.01702859483218,212.77281953475475,343.05146555647167,23.78266739399703,39.56639990786762,72.02547436405428,5.042365221267974,15.385984152037137,38.92437497969699,0.44394244628082297,53.719665743740265,44.258183297654526,2.1465051636399997,75.32336147958972,1.1529549532054713,197.27753564111026,48.42139675246055,281.2626187965021,107.43070057741285,74.32324164006272,0.5030710626197824,142.21565021611744,0.6382750509276873,2.0236136319722715,11.745153659133635,0.22322728039497522,0.14978047640496933,0.49946421817322434,2.074345207061163,0.9999146835527843,0.5004389224858803,0.49946421817322434,0.9989284363464487,2.4973210908661216,0.9989284363464487,5.494106399905469,0.9354840668190724,3.9960671173352913,1.9963963679382828,100.76363134337595,31.330274269966807,1.5022483948849232,4.49517796355902,38.15711602715043,0.21749995777797143,23401.875215530712,783.5884995810301,4118.888222429477,528.8870857778612,152.83588641307625,6.439601528137145,67.9520649591716,0.9774472451167475,17.980632539186796,28.23428699848488,109.67982973291228,34.24851005748888,0.8315358567479878,0.6910787587235677,15.124455714200744,51.98257552904424,28.374922889893867,114.36003932351959,14.046833286013866,0.2569176736425208,0.9284782545765851,37.06343968386562,13.500969736466235,18.59119325183498,27.274237032545376,109.94195557899546,7.303508193635575,1.2302756058851816,80.48040306118747,22.043283860863017,7.2684007084866895,12.024138585651695,3.440753502971101,0.5993570618078691,0.19978568726928975,3.0914846856420404,4.566597764236885,3.8517513523287645,1.769578400366431,1.8203637179742271,2.5579904797959685,1.3419596369857156,380.22681425669424,0.4718637546105727,1.6660512227773165,0.3335613932154337
2020-03-04 15:00:00,0.15931305034204468,35.8234890253151,104.08449193143447,35.8234890253151,104.08449193143448,35.82348902531509,104.08449193143448,35.82348902531509,104.0844919314345,35.82348902531509,104.0844919314345,35.823489025315105,104.08449193143448,35.8234890253151,104.08449193143448,35.82348902531509,104.08449193143447,35.8234890253151,104.08449193143448,0.0,35.8234890253151,104.08449193143448,35.82348902531509,104.08449193143448,35.8234890253151,104.08449193143447,35.82348902531509,104.0844919314345,35.8234890253151,104.08449193143451,35.82348902531509,104.08449193143448,35.8234890253151,104.08449193143446,35.823489025315105,104.08449193143448,35.8234890253151,104.08449193143447,35.8234890253151,104.08449193143447,0.0,35.8234890253151,104.08449193143448,35.8234890253151,104.08449193143448,0.0,35.8234890253151,104.0844919314345,0.0,35.823489025315084,104.08449193143448,0.041100254630137126,35.823489025315105,104.08449193143447,0.0,35.823489025315105,104.08449193143448,0.0,37.05076133080015,-95.61101466913905,1.050187299341852,0.003946921056743435,0.00012222469610812838,37.05076133080015,-95.61101466913905,0.9989356049138574,0.0,0.0,37.05076133080014,-95.61101466913905,0.0,0.00023963709690888457,37.05076133080014,-95.61101466913905,2.027095094910171,0.0005309678051591896,0.00030794598716321966,37.05076133080016,-95.61101466913905,0.9992200689468252,0.0,7.953642514730436e-06,56.0706211142462,-106.23357601952044,0.0,-0.0002588308664750183,-25.24749605496359,133.6327464025935,4.649596871709927,0.03395126395924701,-25.24749605496359,133.63274640259357,0.0,51.111230489920516,10.440401447082907,0.0,0.0,56.07062111424621,-106.23357601952046,-0.00013647940695850954,0.16529069849670383,-25.24749605496359,133.63274640259354,0.0,-25.24749605496359,133.6327464025935,0.0,37.05076133080015,-95.61101466913907,1.998858249427695,0.0,37.05076133080015,-95.61101466913904,0.9989356049138574,0.0,0.001042946999541851,37.05076133080015,-95.61101466913904,1.0115571516867252,0.0019508644364444692,37.05076133080015,-95.61101466913905,0.9989356049138574,0.0,37.05076133080015,-95.61101466913907,1.228536932916183,0.0,0.0,37.05076133080015,-95.61101466913905,0.9989356049138574,0.0,0.0,37.05076133080016,-95.61101466913905,0.0,37.05076133080015,-95.61101466913905,1.9978712098277147,0.0,0.0,56.0706211142462,-106.23357601952046,0.9989356049138574,0.0,56.07062111424621,-106.23357601952046,0.0,37.05076133080015,-95.61101466913905,0.9989356049138574,0.0,0.004214312576846834,0.0,0.0,60.935071899745296,0.0,0.0,0.0,0.0,37.05076133080015,-95.61101466913905,0.0,37.05076133080015,-95.61101466913905,0.9989356049138574,0.0,0.0,37.05076133080015,-95.61101466913905,0.9989356049138574,0.0,0.0,0.0,0.0,0.0,0.0,37.05076133080015,-95.61101466913905,1.0000253928684064,0.0,0.0,37.05076133080015,-95.61101466913905,10.988291654052432,0.0,0.0,37.05076133080015,-95.61101466913905,4.994678024569287,0.0,0.0,37.05076133080015,-95.61101466913905,1.9978712098277147,0.0,0.0,37.05076133080015,-95.61101466913905,0.0,0.0,37.05076133080015,-95.61101466913905,0.0,0.0,37.05076133080015,-95.61101466913905,0.0,0.0,37.05076133080014,-95.61101466913907,35.98548666095227,0.0,0.0,1.41599435217323e+38,4.585735574783082e+38,-1.5534898718817132e+38,5.42673352292796e+38,-5.447925806005691e+35,-3.479300861803852e+36,-6.785503266239126e+36,1.0518048329633877e+38,1.3210522675619983e+37,2.1427966086784614e+38,6.454875796554992e+29,2.5359956358342968e+29,-6.534456190357497,0.16010920361903103,23.01253693993545,4.808340926767759e+47,-1.1962206776880618e+50,2.5612069896131043e+45,-5.16775900524339e+49,6.850783583586618e+40,1.1212357004879346e+41,0.7111238223504353,0.3434190183666652,176.9792750690079,105.6799953952312,3.831865254351521,0.20745149366401333,216.87755953009298,26.568689399326285,1.0987266504274784,2.00425540978621,157.54863402181485,63.14980279510526,321.891118107966,1.006342467732843,43.12737020120258,94.13002588768533,13.159605016331835,147.1079125582846,220.29376946162924,55.125545998090345,7.906020883301217,2.0675628250767137,52.08731779868307,0.7627473011402712,41.29036255760907,1.3077833935384715,177.10344407042055,212.69847834839737,1.7733976504162499,207.93527185046082,0.3865411677487221,535.1909258627744,1.1541063728800098,67.90267563418035,212.92919356533284,342.8993436540851,23.583509427059788,39.95089315890033,71.99581988833503,5.049923374820796,15.330473048018316,38.99659638314945,0.44890827207981554,53.73831992773231,44.811584360326805,2.1487666171888513,75.59487178282039,1.1565611673228595,198.22402058408463,48.30938232970327,281.15363361683507,107.4310217258682,74.32360750909088,0.5026743345602782,142.14684430912533,0.6374127600553157,2.0208261973198645,11.691473170380917,0.22596980315465107,0.14976258611514262,0.4994678024569287,2.076623244811652,0.9999226445138374,0.500443234675151,0.4994678024569287,0.9989356049138574,2.4973390122846433,0.9989356049138574,5.494145827026216,0.9348637933170896,3.9960951625849086,1.9962319807647595,100.7644031804129,31.330499104073898,1.5021223003964461,4.495210222112359,38.15738985243,0.2201355892513227,23378.076396842785,782.4813460940668,4102.127167262525,528.9728393314027,153.0229563853774,6.441826446781617,68.0750247453721,0.9810964952942705,17.979672135022405,28.209536949520356,109.6990714917768,34.5508703295144,0.8364960947009098,0.6910806577341332,15.124297183985655,51.94991296685011,28.372549754216053,114.36450568490662,14.063646961139586,0.2573285393556281,0.9345541347865117,36.98794066720122,13.39016183289326,18.613917387973515,27.2764482145875,109.9414440898391,7.302480962947543,1.2271701471135876,80.4234933784926,21.933084055136845,7.276402482777634,12.024224873963094,3.440778194703286,0.5993613629483142,0.19978712098277146,3.0877575081688144,4.55963510516786,3.850703511768837,1.7762970864071692,1.8071441697376893,2.543957587088053,1.3413743240434606,380.2348076918104,0.4719693836032256,1.6663795853417611,0.3337219902139518
2020-03-04 16:00:00,0.16086751067426375,35.82374958096155,104.08524897109805,35.82374958096154,104.08524897109807,35.82374958096154,104.08524897109807,35.82374958096154,104.08524897109808,35.82374958096154,104.08524897109808,35.82374958096154,104.08524897109807,35.82374958096155,104.08524897109807,35.82374958096153,104.08524897109804,35.82374958096154,104.08524897109807,0.0,35.82374958096155,104.08524897109807,35.82374958096154,104.08524897109807,35.82374958096154,104.08524897109805,35.82374958096154,104.08524897109808,35.82374958096153,104.0852489710981,35.82374958096154,104.08524897109807,35.82374958096155,104.08524897109804,35.82374958096154,104.08524897109807,35.82374958096154,104.08524897109805,35.82374958096154,104.08524897109805,0.0,35.82374958096155,104.08524897109807,35.82374958096154,104.08524897109805,0.0,35.82374958096155,104.08524897109808,0.0,35.823749580961525,104.08524897109807,0.04091803570973268,35.82374958096154,104.08524897109805,0.0,35.82374958096154,104.08524897109807,0.0,37.05103081278898,-95.61171007850348,1.0479551575901827,0.0037678427735032827,0.00011592175033763898,37.05103081278898,-95.61171007850348,0.9989428704907002,0.0,0.0,37.05103081278899,-95.61171007850348,0.0,0.00022705747576625898,37.05103081278899,-95.61171007850348,2.0259087000960303,0.0005106428580871278,0.00029399328415143436,37.051030812788994,-95.61171007850348,0.9991958268182861,0.0,3.75426903791512e-06,56.07102893373359,-106.23434869015713,0.0,-0.0002782887206048551,-25.247679688044418,133.63371835612378,4.672817803490932,0.03551654930474668,-25.247679688044414,133.63371835612384,0.0,51.11160223818019,10.440477383448187,0.0,0.0,56.071028933733594,-106.23434869015716,-0.00013789804802479683,0.1606067053714274,-25.247679688044418,133.6337183561238,0.0,-25.247679688044418,133.63371835612378,0.0,37.05103081278899,-95.61171007850348,1.9988735773096833,0.0,37.05103081278898,-95.61171007850345,0.9989428704907002,0.0,0.0010437629511757425,37.05103081278898,-95.61171007850345,1.0115737662802284,0.001952338083041732,37.05103081278898,-95.61171007850348,0.9989428704907002,0.0,37.051030812788994,-95.61171007850348,1.2364675477110725,0.0,0.0,37.05103081278898,-95.61171007850348,0.9989428704907002,0.0,0.0,37.051030812788994,-95.61171007850346,0.0,37.05103081278898,-95.61171007850348,1.9978857409814004,0.0,0.0,56.07102893373359,-106.23434869015716,0.9989428704907002,0.0,56.071028933733594,-106.23434869015715,0.0,37.05103081278898,-95.61171007850346,0.9989428704907002,0.0,0.003646392305381605,0.0,0.0,60.93551509993271,0.0,0.0,0.0,0.0,37.05103081278898,-95.61171007850348,0.0,37.05103081278898,-95.61171007850348,0.9989428704907002,0.0,0.0,37.05103081278898,-95.61171007850348,0.9989428704907002,0.0,0.0,0.0,0.0,0.0,0.0,37.05103081278898,-95.61171007850348,1.000033373397883,0.0,0.0,37.05103081278898,-95.61171007850348,10.988371575397704,0.0,0.0,37.05103081278898,-95.61171007850348,4.994714352453501,0.0,0.0,37.05103081278898,-95.61171007850348,1.9978857409814004,0.0,0.0,37.05103081278898,-95.61171007850348,0.0,0.0,37.05103081278898,-95.61171007850348,0.0,0.0,37.05103081278898,-95.61171007850348,0.0,0.0,37.05103081278898,-95.61171007850348,35.9856910947771,0.0,0.0,1.3699272074789059e+38,4.43654589480367e+38,-1.5023256651754458e+38,5.248003992254824e+38,-5.221711558445385e+35,-3.3348298365890124e+36,-6.540790348756626e+36,1.0138724616715877e+38,1.280100135855314e+37,2.0763707063171465e+38,6.239958282282524e+29,2.451558708550519e+29,-6.534531403170731,0.1596098817639474,23.012269730934836,4.651909132479283e+47,-1.1568231359806403e+50,2.454857980351027e+45,-4.981388542596627e+49,6.622684170831273e+40,1.0808184275810686e+41,0.7135435609429042,0.34249262963739197,176.96626588702551,105.36248815743767,3.984522959907069,0.2070695836117891,217.3037870948293,26.515997871546293,1.098190376202754,2.0042505022118915,157.58591398715723,62.95833061538927,321.65996645741444,1.0036747739379304,43.114565580966556,94.02134967647041,13.383319828597445,147.28960043076626,220.46450533901464,55.345863620752965,8.014562599897324,2.0633296765400995,51.821309225610335,0.7629033178238123,41.284398173157285,1.304986204939504,176.71024308056442,212.1840112830355,1.7865620380309502,207.9015886095842,0.3867517625331349,535.1925996248543,1.1529920642158393,67.71168127964572,213.2739061723957,342.7021773319021,23.389147763843294,40.29122789836429,71.97072255747248,5.055069647503568,15.265776801629869,39.061283427620204,0.45335397112035736,53.75056874659422,45.34496164738488,2.1513852487204956,75.90434585213997,1.1597432200893494,199.06597236608516,48.24799065280159,281.0003022676292,107.43317593253182,74.3239897874834,0.5022114789944571,142.11261028738394,0.6369795575391591,2.018290644921663,11.645900438084299,0.2296590107483236,0.1496614317681952,0.4994714352453501,2.0786431511620282,0.999930706818983,0.500447604286871,0.4994714352453501,0.9989428704907002,2.4973571762267506,0.9989428704907002,5.494185787698852,0.9336382333664095,3.996123582564225,1.9960651074862152,100.76518470018185,31.330726980773502,1.501993249601254,4.4952429172081505,38.15766738328057,0.22344297003886052,23347.344121270842,781.0455842846061,4080.0071755845506,529.1141120180946,153.3099771146663,6.446922071155046,68.20704675969326,0.9850151441768766,17.982870567496207,28.185217186730494,109.71800869661003,34.84775180911468,0.8413710387034301,0.6910827918009536,15.124153038871075,51.91179463043551,28.369542914945477,114.36985973625038,14.084463170687178,0.2578398764002077,0.9421273663213939,36.91704188311826,13.28608856565526,18.622767512483286,27.27830936788339,109.94118405027329,7.3016397031192435,1.224602972070649,80.38020825462358,21.849548341823226,7.267094072205901,12.024312329980646,3.440803220579078,0.5993657222944199,0.19978857409814002,3.0822174850444117,4.554713405690346,3.8510487848943398,1.782444084690178,1.7959096035691395,2.5337477333970257,1.3409358772913347,380.25372580430303,0.4722635242534175,1.666773830199974,0.3339154798546367
2020-03-04 17:00:00,0.16221122052446582,35.824013474159976,104.08601570795788,35.82401347415997,104.0860157079579,35.82401347415997,104.0860157079579,35.82401347415997,104.08601570795791,35.824013474159976,104.08601570795791,35.824013474159976,104.0860157079579,35.82401347415998,104.08601570795788,35.82401347415997,104.08601570795787,35.82401347415997,104.0860157079579,0.0,35.824013474159976,104.0860157079579,35.824013474159976,104.0860157079579,35.824013474159976,104.08601570795788,35.82401347415997,104.08601570795791,35.82401347415997,104.08601570795793,35.82401347415997,104.0860157079579,35.82401347415998,104.08601570795787,35.824013474159976,104.0860157079579,35.824013474159976,104.08601570795788,35.82401347415997,104.08601570795788,0.0,35.82401347415998,104.0860157079579,35.82401347415997,104.08601570795788,0.0,35.824013474159976,104.08601570795791,0.0,35.82401347415996,104.0860157079579,0.04044413872478999,35.824013474159976,104.08601570795788,0.0,35.824013474159976,104.0860157079579,0.0,37.051303746670584,-95.61241439561925,1.0456748514519418,0.0035849374357092567,0.00010948762442484009,37.051303746670584,-95.61241439561925,0.9989502291349582,0.0,0.0,37.05130374667059,-95.61241439561925,0.0,0.00021421694155041027,37.051303746670584,-95.61241439561925,2.0246962375226,0.0004898659116819304,0.0002797422149257954,37.05130374667059,-95.61241439561924,0.9991710914306077,0.0,-5.169413347660967e-07,56.07144197712905,-106.2351312582129,0.0,-0.00029801715857013383,-25.24786567334813,133.6347027597602,4.6920708823558455,0.036815412350780855,-25.247865673348127,133.63470275976022,0.0,51.11197874829847,10.44055429250997,0.0,0.0,56.071441977129055,-106.23513125821293,-0.00013931164097433918,0.1568268318057789,-25.24786567334813,133.6347027597602,0.0,-25.24786567334813,133.6347027597602,0.0,37.05130374667059,-95.61241439561924,1.998889095350103,0.0,37.051303746670584,-95.61241439561921,0.9989502291349582,0.0,0.0010445783592034678,37.051303746670584,-95.61241439561921,1.0115905905461442,0.0019538274288238887,37.051303746670584,-95.61241439561925,0.9989502291349582,0.0,37.05130374667059,-95.61241439561924,1.2428271253338126,0.0,0.0,37.051303746670584,-95.61241439561925,0.9989502291349582,0.0,0.0,37.05130374667059,-95.61241439561923,0.0,37.051303746670584,-95.61241439561925,1.9979004582699165,0.0,0.0,56.07144197712905,-106.23513125821293,0.9989502291349582,0.0,56.071441977129055,-106.23513125821292,0.0,37.051303746670584,-95.61241439561923,0.9989502291349582,0.0,0.003164144737142846,0.0,0.0,60.93596397723244,0.0,0.0,0.0,0.0,37.051303746670584,-95.61241439561923,0.0,37.051303746670584,-95.61241439561925,0.9989502291349582,0.0,0.0,37.051303746670584,-95.61241439561925,0.9989502291349582,0.0,0.0,0.0,0.0,0.0,0.0,37.051303746670584,-95.61241439561925,1.0000414450797823,0.0,0.0,37.051303746670584,-95.61241439561925,10.988452520484541,0.0,0.0,37.051303746670584,-95.61241439561925,4.99475114567479,0.0,0.0,37.051303746670584,-95.61241439561925,1.9979004582699165,0.0,0.0,37.051303746670584,-95.61241439561925,0.0,0.0,37.051303746670584,-95.61241439561925,0.0,0.0,37.051303746670584,-95.61241439561925,0.0,0.0,37.051303746670584,-95.61241439561924,35.98591518272836,0.0,0.0,1.3227913179725491e+38,4.283895056171127e+38,-1.4499785355188448e+38,5.065142212156631e+38,-4.9905687092375365e+35,-3.1872111752697656e+36,-6.290556309855245e+36,9.750842743903328e+37,1.2381846820061525e+37,2.0083822591038063e+38,6.020086856712227e+29,2.365175485500961e+29,-6.534607159831397,0.15912461317253734,23.011417202894048,4.491848164520617e+47,-1.1165147181104838e+50,2.346191911452283e+45,-4.790813259200158e+49,6.389327000178876e+40,1.0394891643137136e+41,0.7156659329015469,0.3416922523009077,176.9450030825221,104.99037484636845,4.1304302488701,0.20674768833254448,217.70352553856287,26.524916818654937,1.0980697213487927,2.0041343930830107,157.60082689347917,62.72372850163665,321.36684410742333,1.0002968301030746,43.08638421878268,93.9184419042028,13.61732763337631,147.44679421683662,220.55049354336424,55.461461678794386,8.1099911672828,2.0590059824347673,51.54994983018195,0.7628186186213243,41.26820689121404,1.3021866120018266,176.3225743187179,211.68503697020083,1.7989059655911739,207.89647935313738,0.38702647050527955,535.1816538252068,1.1516354831195144,67.46446912792322,213.76335851328352,342.4716693474492,23.204843290627032,40.5858034990561,71.94963967140144,5.0576239074315605,15.196207384165584,39.11796996537333,0.4572473843456173,53.756804528338876,45.84502695734893,2.154198850620295,76.23387580129415,1.1624787508968508,199.79778318705067,48.241844082221036,280.81340917552393,107.4371959004342,74.3243896977574,0.501712634074177,142.11478517411365,0.6369982538267651,2.0161099144258534,11.607469051058645,0.23443939347599785,0.14950112973040494,0.4994751145674791,2.0803027998433468,0.9999388662151449,0.500452028281891,0.4994751145674791,0.9989502291349582,2.497375572837395,0.9989502291349582,5.494226260242271,0.9319824100373834,3.9961523619484822,1.9958957347398996,100.76597549375279,31.330957776428594,1.5018612138057752,4.495276031107312,38.1579484691247,0.22749455780122063,23311.44188097133,779.3655609752691,4053.952182501609,529.2978140395021,153.67263662235433,6.4542272360306026,68.3452716836676,0.989118162843977,17.990306109372284,28.16198689264818,109.73615546688184,35.13125313684889,0.8460294633525287,0.6910851858929646,15.124025347901835,51.87070745559316,28.36586996126864,114.37614550967919,14.109496336486929,0.25845678115586007,0.9512739200672502,36.851329033693844,13.189608597346654,18.618238718969685,27.279862073098926,109.94114647445998,7.3009624103652335,1.222511356689412,80.35126907453348,21.794106862046892,7.240783836570022,12.02440090625412,3.4408285670204113,0.5993701374809746,0.19979004582699159,3.075192525655514,4.551918899135003,3.8528063237568886,1.7878743915930482,1.786813547248275,2.5274421717063085,1.3406466505609347,380.28408348827645,0.47275567104465155,1.667244920194644,0.33414734552984277
2020-03-04 18:00:00,0.16334167374702116,35.82428056473486,104.08679173473648,35.82428056473485,104.08679173473648,35.82428056473485,104.0867917347365,35.824280564734856,104.0867917347365,35.82428056473486,104.0867917347365,35.824280564734856,104.0867917347365,35.82428056473486,104.08679173473648,35.82428056473485,104.08679173473647,35.824280564734856,104.0867917347365,0.0,35.82428056473486,104.0867917347365,35.824280564734856,104.08679173473648,35.824280564734856,104.08679173473648,35.824280564734856,104.0867917347365,35.82428056473485,104.08679173473651,35.824280564734856,104.0867917347365,35.82428056473486,104.08679173473647,35.824280564734856,104.0867917347365,35.82428056473486,104.08679173473648,35.82428056473485,104.08679173473648,0.0,35.82428056473486,104.0867917347365,35.824280564734856,104.08679173473648,0.0,35.82428056473486,104.0867917347365,0.0,35.82428056473484,104.0867917347365,0.03969618122665573,35.824280564734856,104.08679173473648,0.0,35.824280564734856,104.0867917347365,0.0,37.05157998746714,-95.61312724636517,1.0433460481649135,0.003398179310635463,0.00010292147487591524,37.05157998746714,-95.61312724636517,0.9989576769378452,0.0,0.0,37.05157998746714,-95.61312724636517,0.0,0.00020111382667684086,37.05157998746714,-95.61312724636517,2.023457516354538,0.0004686337329225243,0.000265190770852769,37.05157998746714,-95.61312724636517,0.9991458558884521,0.0,-4.860275150940854e-06,56.07186002503099,-106.23592330800099,0.0,-0.0003180164075077957,-25.248053912082522,133.63569909060428,4.706676571022729,0.03781450371776967,-25.24805391208252,133.63569909060433,0.0,51.11235982027962,10.44063213341549,0.0,0.0,56.071860025031,-106.23592330800102,-0.00014071976446007302,0.15394176508136437,-25.248053912082522,133.6356990906043,0.0,-25.248053912082522,133.63569909060428,0.0,37.05157998746714,-95.61312724636515,1.998904795425144,0.0,37.05157998746714,-95.61312724636512,0.9989576769378452,0.0,0.001045393009139493,37.05157998746714,-95.61312724636512,1.0116076074196074,0.0019553307221509175,37.05157998746714,-95.61312724636517,0.9989576769378452,0.0,37.05157998746714,-95.61312724636517,1.2475936951027211,0.0,0.0,37.05157998746714,-95.61312724636517,0.9989576769378452,0.0,0.0,37.05157998746714,-95.61312724636514,0.0,37.05157998746714,-95.61312724636517,1.9979153538756904,0.0,0.0,56.07186002503099,-106.235923308001,0.9989576769378452,0.0,56.071860025031,-106.235923308001,0.0,37.05157998746714,-95.61312724636514,0.9989576769378452,0.0,0.0027573534671418267,0.0,0.0,60.93641829320855,0.0,0.0,0.0,0.0,37.05157998746714,-95.61312724636515,0.0,37.05157998746714,-95.61312724636517,0.9989576769378452,0.0,0.0,37.05157998746714,-95.61312724636517,0.9989576769378452,0.0,0.0,0.0,0.0,0.0,0.0,37.05157998746714,-95.61312724636517,1.0000496038467537,0.0,0.0,37.05157998746714,-95.61312724636517,10.988534446316299,0.0,0.0,37.05157998746714,-95.61312724636517,4.994788384689226,0.0,0.0,37.05157998746714,-95.61312724636517,1.9979153538756904,0.0,0.0,37.05157998746714,-95.61312724636517,0.0,0.0,37.05157998746714,-95.61312724636517,0.0,0.0,37.05157998746714,-95.61312724636517,0.0,0.0,37.051579987467136,-95.61312724636515,35.98615525457889,0.0,0.0,1.274578575608422e+38,4.127756800762342e+38,-1.3964395498797188e+38,4.878116977290307e+38,-4.7544631013449096e+35,-3.036423063560814e+36,-6.034760843309164e+36,9.354340233467647e+37,1.1952984635966714e+37,1.9388191951559176e+38,5.7952242621100404e+29,2.2768313288438198e+29,-6.534683428441544,0.15868714981879783,23.00994782790144,4.328130490120617e+47,-1.0752885454503332e+50,2.235192724834323e+45,-4.5960024583092016e+49,6.150672528703973e+40,9.972412516704479e+40,0.7174375479981923,0.3410223775202187,176.91928388731094,104.58649439054983,4.265491690863445,0.20647814679738818,218.06627004891692,26.59718627836517,1.098377571479197,2.0039500376763333,157.6017808976172,62.46318410535068,321.03401522165393,0.9964637278334242,43.05014921786173,93.82356329420527,13.85623405439973,147.579201998743,220.5473436719271,55.46679670275176,8.191936797613273,2.0548257441253934,51.288107057561284,0.7625173175753882,41.24240533203755,1.2996205276886308,175.9801605318541,211.23794244919048,1.8101036412660259,207.9208122410649,0.38733984433921825,535.162973056625,1.1501275958656638,67.18465328462042,214.34570375930693,342.22165033930884,23.03471456428496,40.83405675310122,71.93205924127558,5.0574532556242895,15.126203270796003,39.166438656969135,0.46057352240887817,53.75788081577197,46.29860123933606,2.1570326805300137,76.56421912829087,1.1647669850647142,200.41918520745014,48.29255950936923,280.60561565160066,107.44318051909065,74.32480909921033,0.5012088335356812,142.15437771603692,0.6374813765659438,2.014355137932029,11.575267309598432,0.2404875560531719,0.14930884826572216,0.4994788384689226,2.0815152040144156,0.9999471184872987,0.500456503829998,0.4994788384689226,0.9989576769378452,2.497394192344613,0.9989576769378452,5.4942672231581495,0.930096767297702,3.9961814855426168,1.9957238497105463,100.76677515572317,31.331191368444465,1.5017261646718811,4.4953095462203025,38.15823296065439,0.23236614778785833,23272.454133970743,777.5408345907724,4025.6346262326006,529.5071137013776,154.07980847536425,6.462955451499422,68.48649436785637,0.9933102377008893,18.002207979268505,28.1405118006538,109.75302110286168,35.39338874951779,0.8503388396640429,0.6910878765917999,15.123917064243441,51.829212281398725,28.361498424014826,114.38340712248244,14.138960104182061,0.2591843593619397,0.9620699062581552,36.79117649101505,13.101271436020248,18.601673638723508,27.281142883450418,109.94130582041944,7.300429730983561,1.2208404174668872,80.33714295517335,21.767692797307255,7.198528715528005,12.024490555733315,3.4408542205636885,0.5993746061627068,0.19979153538756902,3.0670637058322296,4.5512220790915245,3.856001522578421,1.7924605547376964,1.7799863634529753,2.525098827984142,1.3405080435756367,380.3267560107379,0.47346156004087053,1.6678049053865507,0.33442361422435257
2020-03-04 19:00:00,0.16426010298377827,35.82455071371155,104.08757664764556,35.824550713711545,104.08757664764556,35.824550713711545,104.08757664764558,35.82455071371154,104.08757664764559,35.82455071371155,104.08757664764559,35.824550713711545,104.08757664764558,35.82455071371156,104.08757664764556,35.82455071371154,104.08757664764558,35.824550713711545,104.08757664764558,0.0,35.824550713711545,104.08757664764558,35.824550713711545,104.08757664764558,35.82455071371155,104.08757664764558,35.82455071371154,104.08757664764559,35.824550713711545,104.08757664764559,35.824550713711545,104.08757664764558,35.82455071371156,104.08757664764556,35.82455071371155,104.08757664764559,35.824550713711545,104.08757664764558,35.824550713711545,104.08757664764558,0.0,35.82455071371155,104.08757664764558,35.824550713711545,104.08757664764558,0.0,35.82455071371155,104.08757664764558,0.0,35.82455071371153,104.08757664764558,0.03870368401658799,35.824550713711545,104.08757664764556,0.0,35.824550713711545,104.08757664764558,0.0,37.051859391442896,-95.61384825982523,1.0409684201501301,0.003207543079275732,9.622247296900074e-05,37.051859391442896,-95.61384825982523,0.9989652100240629,0.0,0.0,37.051859391442896,-95.61384825982523,0.0,0.00018774649309812041,37.051859391442896,-95.61384825982523,2.022192348563838,0.0004469431347083677,0.00025033697553518766,37.0518593914429,-95.61384825982522,0.9991201134078841,0.0,-9.276008195502339e-06,56.0722828599175,-106.23672442739593,0.0,-0.00033828664095372774,-25.24824430630176,133.63670683023756,4.71612964157468,0.038489747055901954,-25.248244306301757,133.6367068302376,0.0,51.11274525584131,10.440710865661954,0.0,0.0,56.07228285991751,-106.23672442739594,-0.00014212199174320561,0.151897328849602,-25.248244306301757,133.63670683023759,0.0,-25.248244306301757,133.63670683023756,0.0,37.051859391442896,-95.6138482598252,1.9989206694823671,0.0,37.051859391442896,-95.61384825982519,0.9989652100240629,0.0,0.0010462066895199373,37.051859391442896,-95.61384825982518,1.0116248021790324,0.0019568465012951737,37.051859391442896,-95.61384825982523,0.9989652100240629,0.0,37.051859391442896,-95.61384825982522,1.2508212499734412,0.0,0.0,37.051859391442896,-95.61384825982523,0.9989652100240629,0.0,0.0,37.051859391442896,-95.6138482598252,0.0,37.051859391442896,-95.61384825982523,1.9979304200481258,0.0,0.0,56.0722828599175,-106.23672442739593,0.9989652100240629,0.0,56.07228285991751,-106.23672442739593,0.0,37.051859391442896,-95.6138482598252,0.9989652100240629,0.0,0.0024163802619961844,0.0,0.0,60.93687781146783,0.0,0.0,0.0,0.0,37.051859391442896,-95.6138482598252,0.0,37.051859391442896,-95.61384825982523,0.9989652100240629,0.0,0.0,37.051859391442896,-95.61384825982523,0.9989652100240629,0.0,0.0,0.0,0.0,0.0,0.0,37.051859391442896,-95.61384825982523,1.000057845667485,0.0,0.0,37.051859391442896,-95.61384825982523,10.988617310264694,0.0,0.0,37.051859391442896,-95.61384825982523,4.994826050120316,0.0,0.0,37.051859391442896,-95.61384825982523,1.9979304200481258,0.0,0.0,37.051859391442896,-95.61384825982523,0.0,0.0,37.051859391442896,-95.61384825982523,0.0,0.0,37.051859391442896,-95.61384825982523,0.0,0.0,37.051859391442896,-95.6138482598252,35.986408372018964,0.0,0.0,1.2252809737021565e+38,3.968105198715958e+38,-1.3416998880419393e+38,4.686897476406732e+38,-4.5133610942843416e+35,-2.8824440170724664e+36,-5.773364190548956e+36,8.949155456589533e+37,1.1514341275392768e+37,1.8676695874881398e+38,5.565333715512096e+29,2.1865117872651755e+29,-6.534760177421677,0.15832783481970394,23.007808945419228,4.160728920704977e+47,-1.0331378262437214e+50,2.121844605259579e+45,-4.396925860267661e+49,5.906681717370985e+40,9.540681210812342e+40,0.7188147105813047,0.34048582066565397,176.8929745546702,104.17579384256021,4.385721533531721,0.2062538684071036,218.3820589965387,26.733139205237343,1.0991035378915848,2.003721792192898,157.59338272275454,62.1953548297989,320.6855931875279,0.992451745250792,43.01327446563919,93.73820813300155,14.094154782755167,147.68696660925107,220.45216876720988,55.358163406406966,8.260355557987868,2.0510234356059804,51.05067608509812,0.7620371068109636,41.20802821973697,1.297500296834679,175.718510108656,210.87539605441302,1.8198461226301055,207.97386024705975,0.3876622182326316,535.1393264365307,1.1485674338150211,66.89768391189122,214.96336829902742,341.96724868959495,22.88149459235464,41.036232879414,71.91750738536423,5.0544708208225755,15.060125793450728,39.206672949414084,0.4633312517758895,53.75505458220302,46.69318546114212,2.159711591289934,76.87613454630907,1.1666241959618404,200.9340910319113,48.39866555811338,280.3907035180388,107.45129544045659,74.32525062696705,0.5007305817099125,142.23156317905796,0.6384311059946695,2.013060042049427,11.54845140202068,0.24801406943700527,0.14911224935296474,0.49948260501203146,2.0822130408499646,0.9999554594583041,0.5004610282626789,0.49948260501203146,0.9989652100240629,2.497413025060158,0.9989652100240629,5.494308655132347,0.9281987730355343,3.996210938282242,1.9955494401398153,100.76758328424295,31.331427635276718,1.5015880742270014,4.495343445108283,38.158520709840815,0.23813479191774717,23232.658475760996,775.680087659426,3996.874203356716,529.7223892575603,154.49529789533824,6.472233171488429,68.62722211742783,0.9974875038287083,18.01895772115037,28.121438340153773,109.76812912188448,35.6264007602318,0.8541704809888881,0.6910909146322095,15.123832219377928,51.78982626116054,28.35639864970716,114.3916848159206,14.173049229186182,0.26002727246488155,0.9745848133263405,36.736772666206946,13.02135463198847,18.575164790172984,27.282182957526093,109.94164024129576,7.300025154856563,1.219543708224623,80.33805179376236,21.77075901745743,7.142076215673314,12.024581231771124,3.440880167860661,0.5993791260144373,0.19979304200481257,3.0582477589847383,4.552485797687169,3.8606648714599507,1.7961005039961835,1.7755423556798093,2.52675755759661,1.340520732537415,380.382978813696,0.4744031759391722,1.6684668169952201,0.33475080348557834
2020-03-04 20:00:00,0.1649702066187521,35.82482378332513,104.08837004641168,35.82482378332512,104.08837004641168,35.82482378332512,104.0883700464117,35.824823783325115,104.0883700464117,35.82482378332512,104.0883700464117,35.82482378332512,104.0883700464117,35.82482378332514,104.08837004641167,35.824823783325115,104.08837004641168,35.82482378332512,104.0883700464117,0.0,35.82482378332512,104.0883700464117,35.82482378332512,104.0883700464117,35.82482378332512,104.0883700464117,35.824823783325115,104.08837004641171,35.824823783325115,104.08837004641171,35.82482378332512,104.08837004641171,35.82482378332512,104.0883700464117,35.82482378332512,104.0883700464117,35.82482378332512,104.0883700464117,35.824823783325115,104.0883700464117,0.0,35.82482378332512,104.0883700464117,35.82482378332512,104.0883700464117,0.0,35.82482378332513,104.0883700464117,0.0,35.82482378332511,104.0883700464117,0.03750646949582638,35.824823783325115,104.08837004641168,0.0,35.824823783325115,104.0883700464117,0.0,37.05214181611326,-95.61457706831204,1.0385416451646696,0.003013003848455542,8.938980517085929e-05,37.05214181611326,-95.61457706831204,0.9989728245520455,0.0,0.0,37.05214181611326,-95.61457706831204,0.0,0.00017411333313306979,37.05214181611326,-95.61457706831204,2.020900549013203,0.0004247909772832001,0.0002351788857570536,37.05214181611326,-95.61457706831204,0.9990938573185058,0.0,-1.3764405256076404e-05,56.07271026616008,-106.23753420785958,0.0,-0.00035882797792621823,-25.24843675891257,133.63772546475403,4.72013019727174,0.03882797782294506,-25.248436758912568,133.63772546475406,0.0,51.11313485842719,10.440790449099143,0.0,0.0,56.07271026616009,-106.23753420785958,-0.0001435178906940707,0.15060017411927062,-25.24843675891257,133.63772546475403,0.0,-25.24843675891257,133.63772546475403,0.0,37.05214181611326,-95.61457706831203,1.9989367095408908,0.0,37.05214181611326,-95.61457706831202,0.9989728245520455,0.0,0.0010470191918977461,37.05214181611326,-95.614577068312,1.011642161874557,0.0019583735229738008,37.05214181611326,-95.61457706831204,0.9989728245520455,0.0,37.05214181611326,-95.61457706831204,1.2526411189651858,0.0,0.0,37.05214181611326,-95.61457706831204,0.9989728245520455,0.0,0.0,37.05214181611326,-95.61457706831203,0.0,37.05214181611326,-95.61457706831204,1.997945649104091,0.0,0.0,56.07271026616009,-106.23753420785958,0.9989728245520455,0.0,56.07271026616009,-106.23753420785957,0.0,37.05214181611326,-95.61457706831203,0.9989728245520455,0.0,0.0021323043037702475,0.0,0.0,60.937342297674775,0.0,0.0,0.0,0.0,37.05214181611326,-95.61457706831203,0.0,37.05214181611326,-95.61457706831204,0.9989728245520455,0.0,0.0,37.05214181611326,-95.61457706831204,0.9989728245520455,0.0,0.0,0.0,0.0,0.0,0.0,37.05214181611326,-95.61457706831204,1.0000661665469381,0.0,0.0,37.05214181611326,-95.61457706831204,10.988701070072503,0.0,0.0,37.05214181611326,-95.61457706831204,4.994864122760228,0.0,0.0,37.05214181611326,-95.61457706831204,1.997945649104091,0.0,0.0,37.05214181611326,-95.61457706831204,0.0,0.0,37.05214181611326,-95.61457706831204,0.0,0.0,37.05214181611326,-95.61457706831204,0.0,0.0,37.052141816113256,-95.61457706831203,35.98667218637747,0.0,0.0,1.1748906102756347e+38,3.804914659264544e+38,-1.28575084630884e+38,4.4914533052897304e+38,-4.2672295796616304e+35,-2.7252528912316126e+36,-5.506327157994938e+36,8.53522766022686e+37,1.106584413087227e+37,1.794921658895287e+38,5.330378924240251e+29,2.0942026020750183e+29,-6.5348373755120575,0.1580713194968403,23.00492650504423,3.989616623253757e+47,-9.90055858456672e+49,2.0061319876389985e+45,-4.1935536157092834e+49,5.657316047501907e+40,9.099632972844786e+40,0.7197661603563552,0.3400841960174245,176.86965007138176,103.78387412919956,4.487415240801752,0.20606839746988986,218.64194981381814,26.931703441784162,1.1002145611883314,2.00345114034155,157.5755952146518,61.93928571130286,320.3461799829457,0.9885427581808786,42.982572459274415,93.66301333019955,14.324860304218062,147.77051760196775,220.263578467573,55.133697248764534,8.315433925414911,2.047823193646684,50.85189370809052,0.7614265882495052,41.16647209306671,1.295998872296253,175.5662324942771,210.62389272604767,1.8278560519894265,208.05334274994277,0.38796143129994587,535.1108815425042,1.1470563269050587,66.6294114415198,215.55596716329967,341.7240041174172,22.7463629038623,41.19310852448364,71.90555263625761,5.048635480970153,15.002066130246925,39.23879915849066,0.465529297935408,53.74990031949053,47.017557992581445,2.162072432617748,77.15174760545649,1.1680778583266138,201.34910800026213,48.55568303287592,280.18277249842845,107.46177389157155,74.325717878956,0.5003065044158594,142.34568595074936,0.6398393072497628,2.0122173323474537,11.5262530784178,0.2572649050698164,0.1489369113281664,0.49948641227602275,2.0823522002871493,0.9999638849888453,0.5004655990375095,0.49948641227602275,0.9989728245520455,2.497432061380114,0.9989728245520455,5.494350535036252,0.926513772344511,3.9962407052345927,1.9953724943357742,100.76839948103881,31.331666456438928,1.5014469148743226,4.495377710484205,38.15881156994365,0.2448759677117434,23194.389161925963,773.8946270296065,3969.5297377107227,529.9223687462414,154.87993261322129,6.481144040615326,68.76376014567609,1.001540086279382,18.041091119304795,28.10536591880904,109.78103766625722,35.82309340597372,0.8574050597142581,0.6910943683182179,15.123776184081285,51.754911535179176,28.350547058523482,114.40101046490122,14.21191902219726,0.26098922336732666,0.9888738436071716,36.68814946052178,12.949906960915715,18.541407024943165,27.28300784913466,109.94213172917945,7.2997351262023,1.2185835834920145,80.35397655153724,21.80328526373151,7.073771524163258,12.02467288812647,3.4409063956792676,0.5993836947312269,0.1997945649104091,3.0491784204016095,4.555479332318692,3.8668294918429273,1.7987245475012297,1.7735861677644564,2.5324424026220136,1.340684788338284,380.45434535043535,0.47560872371471463,1.6692444834615319,0.3351358294547429
2020-03-04 21:00:00,0.16547682905652536,35.82509963702885,104.08917153430077,35.82509963702884,104.08917153430079,35.82509963702884,104.0891715343008,35.825099637028835,104.0891715343008,35.82509963702884,104.0891715343008,35.82509963702884,104.08917153430079,35.825099637028856,104.08917153430077,35.825099637028835,104.08917153430079,35.82509963702884,104.0891715343008,0.0,35.82509963702884,104.0891715343008,35.82509963702884,104.0891715343008,35.82509963702884,104.08917153430079,35.825099637028835,104.08917153430082,35.825099637028835,104.08917153430082,35.82509963702884,104.08917153430082,35.82509963702884,104.0891715343008,35.82509963702884,104.0891715343008,35.825099637028835,104.08917153430079,35.825099637028835,104.0891715343008,0.0,35.82509963702884,104.08917153430079,35.82509963702884,104.0891715343008,0.0,35.82509963702885,104.0891715343008,0.0,35.82509963702883,104.0891715343008,0.03615259370252043,35.825099637028835,104.08917153430079,0.0,35.825099637028835,104.08917153430079,0.0,37.052427120253554,-95.61531330738954,1.0360654064558759,0.0028145371630566296,8.242267355730928e-05,37.052427120253554,-95.61531330738954,0.9989805167141965,0.0,0.0,37.052427120253554,-95.61531330738954,0.0,0.00016021277030336262,37.052427120253554,-95.61531330738954,2.0195819355402036,0.0004021741696727324,0.00021971459243715075,37.05242712025356,-95.61531330738954,0.9990670810655953,0.0,-1.8325719886849376e-05,56.07314203003694,-106.23835224446633,0.0,-0.00037964048200492956,-25.248631173680256,133.6387544847919,4.718604054995625,0.03882802003007933,-25.248631173680252,133.63875448479192,0.0,51.113528433218924,10.44087084393186,0.0,0.0,56.07314203003695,-106.23835224446634,-0.00014490702379401504,0.1499252976601929,-25.248631173680256,133.63875448479186,0.0,-25.248631173680256,133.6387544847919,0.0,37.052427120253554,-95.61531330738953,1.9989529076916428,0.0,37.052427120253554,-95.61531330738951,0.9989805167141965,0.0,0.00104783031083747,37.052427120253554,-95.6153133073895,1.0116596748979516,0.0019599107085641948,37.052427120253554,-95.61531330738954,0.9989805167141965,0.0,37.05242712025356,-95.61531330738956,1.2532586531233023,0.0,0.0,37.052427120253554,-95.61531330738954,0.9989805167141965,0.0,0.0,37.052427120253554,-95.61531330738953,0.0,37.052427120253554,-95.61531330738954,1.997961033428393,0.0,0.0,56.07314203003695,-106.23835224446633,0.9989805167141965,0.0,56.07314203003695,-106.23835224446633,0.0,37.052427120253554,-95.61531330738953,0.9989805167141965,0.0,0.00189700324213122,0.0,0.0,60.937811519565976,0.0,0.0,0.0,0.0,37.052427120253554,-95.61531330738953,0.0,37.052427120253554,-95.61531330738954,0.9989805167141965,0.0,0.0,37.052427120253554,-95.61531330738954,0.9989805167141965,0.0,0.0,0.0,0.0,0.0,0.0,37.052427120253554,-95.61531330738954,1.0000745625265792,0.0,0.0,37.052427120253554,-95.61531330738954,10.988785683856163,0.0,0.0,37.052427120253554,-95.61531330738954,4.994902583570983,0.0,0.0,37.052427120253554,-95.61531330738954,1.997961033428393,0.0,0.0,37.052427120253554,-95.61531330738954,0.0,0.0,37.052427120253554,-95.61531330738954,0.0,0.0,37.052427120253554,-95.61531330738954,0.0,0.0,37.052427120253554,-95.61531330738953,35.98694482162791,0.0,0.0,1.1233996914353076e+38,3.638159941675515e+38,-1.228583841243923e+38,4.291754479821658e+38,-4.016035996855363e+35,-2.5648288912985803e+36,-5.233611134562645e+36,8.112496994250108e+37,1.0607421548755035e+37,1.7205637868849864e+38,5.090324101571821e+29,1.9998897133633538e+29,-6.534914991773945,0.15793469996390921,23.00120481665752,3.8147671317732445e+47,-9.460360326580702e+49,1.8880395644051862e+45,-3.985856318888487e+49,5.402537537406546e+40,8.649204012184617e+40,0.7202752498789119,0.3398183327698587,176.85226171935747,103.43553710556958,4.567321685915299,0.20591594038283983,218.83848178873947,27.19041723464652,1.1016567246024507,2.0031153671349875,157.54349078856214,61.71333159183243,320.0395154577426,0.9850087649339401,42.96361689797441,93.59771864694385,14.541965029744567,147.8304177941441,219.98171292360567,54.793427720327145,8.35749012881668,2.045429016854321,50.704715874999486,0.7607419040397589,41.11942266726874,1.2952369225500202,175.54285486490957,210.5017519356647,1.8339019861709454,208.15555017812156,0.38820473187270504,535.0750535680105,1.145692166267833,66.40465709404472,216.06345775737873,341.50698211356155,22.628870948963716,41.30570498072032,71.89580775664128,5.03995282983844,14.955671736404483,39.26302638783817,0.46718209932801325,53.744202172100884,47.2623555230494,2.163975868750405,77.37585171425961,1.1691601531666,201.67189453776396,48.75636617933992,279.9954415924891,107.4749174638606,74.32621566022308,0.49996213740694506,142.49527015065954,0.6416876620898705,2.011777518137294,11.50798288570414,0.26852218336353695,0.14880395075185304,0.49949025835709826,2.081914095821986,0.9999723909774464,0.5004702137113802,0.49949025835709826,0.9989805167141965,2.4974512917854916,0.9989805167141965,5.494392841928081,0.9252655693454932,3.9962707715994377,1.9951930011824122,100.76922335143749,31.33190771251008,1.5013026594030705,4.495412325213883,38.15910539552016,0.25265996563326765,23159.900710745547,772.2918868216963,3945.3910240170835,530.0853894765969,155.19387347882983,6.488776752480671,68.89232322203624,1.0053554203668233,18.069300053742325,28.092819186628375,109.79135992451675,35.97716778553071,0.8599381275742575,0.6910983279869293,15.123756009320475,51.72657525427766,28.34392970022047,114.41140267697848,14.255662897313783,0.2620723951452772,1.0049695480880283,36.64521352940401,12.886794271998575,18.503511232505872,27.28363740458759,109.94276618542065,7.299549097711074,1.2179314042403577,80.38465558831149,21.864773597125236,6.996437514915264,12.024765478967176,3.440932890904454,0.5993883100285174,0.1997961033428393,3.040287759187251,4.559897768120857,3.8745273873336346,1.800300954298874,1.7742179305407346,2.542160637299462,1.3409996742706547,380.54280092388024,0.47711252917308616,1.6701522533982198,0.33558586834201143
2020-03-04 22:00:00,0.16578477884105558,35.82537813950232,104.08998071814192,35.825378139502305,104.08998071814192,35.825378139502305,104.08998071814193,35.825378139502305,104.08998071814193,35.825378139502305,104.08998071814193,35.82537813950231,104.08998071814193,35.82537813950231,104.08998071814192,35.825378139502305,104.08998071814192,35.82537813950231,104.08998071814194,0.0,35.825378139502305,104.08998071814193,35.82537813950231,104.08998071814193,35.82537813950231,104.08998071814193,35.8253781395023,104.08998071814194,35.825378139502305,104.08998071814194,35.82537813950231,104.08998071814194,35.82537813950231,104.08998071814193,35.82537813950231,104.08998071814193,35.825378139502305,104.08998071814193,35.825378139502305,104.08998071814193,0.0,35.82537813950231,104.08998071814193,35.82537813950231,104.08998071814193,0.0,35.82537813950232,104.08998071814193,0.0,35.8253781395023,104.08998071814193,0.03469597346696207,35.825378139502305,104.08998071814193,0.0,35.825378139502305,104.08998071814193,0.0,37.052715163907465,-95.61605661589466,1.033539392916766,0.0026121190183348575,7.532029623677147e-05,37.052715163907465,-95.61605661589466,0.9989882827371154,0.0,0.0,37.052715163907465,-95.61605661589466,0.0,0.00014604326017643443,37.05271516390746,-95.61605661589466,2.0182363290420815,0.00037908967113410574,0.00020394222159016845,37.05271516390747,-95.61605661589466,0.9990397782122502,0.0,-2.2960194171235335e-05,56.07357793974574,-106.23917813592726,0.0,-0.00040072416040798364,-25.248827455234384,133.63979338556405,4.711710835928064,0.038501104378839336,-25.24882745523438,133.63979338556408,0.0,51.113925787147885,10.440952010722311,0.0,0.0,56.073577939745746,-106.23917813592726,-0.00014628894813849573,0.14972501965296128,-25.248827455234384,133.63979338556402,0.0,-25.248827455234384,133.63979338556405,0.0,37.052715163907465,-95.61605661589465,1.9989692560976562,0.0,37.052715163907465,-95.61605661589465,0.9989882827371154,0.0,0.0010486398439096592,37.052715163907465,-95.61605661589462,1.0116773306597688,0.001961457103725175,37.052715163907465,-95.61605661589466,0.9989882827371154,0.0,37.052715163907465,-95.61605661589468,1.252945302102716,0.0,0.0,37.052715163907465,-95.61605661589466,0.9989882827371154,0.0,0.0,37.052715163907465,-95.61605661589466,0.0,37.052715163907465,-95.61605661589466,1.9979765654742307,0.0,0.0,56.073577939745746,-106.23917813592725,0.9989882827371154,0.0,56.073577939745746,-106.23917813592725,0.0,37.052715163907465,-95.61605661589468,0.9989882827371154,0.0,0.0017031872983155833,0.0,0.0,60.93828524696402,0.0,0.0,0.0,0.0,37.052715163907465,-95.61605661589466,0.0,37.052715163907465,-95.61605661589466,0.9989882827371154,0.0,0.0,37.052715163907465,-95.61605661589466,0.9989882827371154,0.0,0.0,0.0,0.0,0.0,0.0,37.052715163907465,-95.61605661589466,1.0000830296845953,0.0,0.0,37.052715163907465,-95.61605661589466,10.988871110108269,0.0,0.0,37.052715163907465,-95.61605661589466,4.994941413685577,0.0,0.0,37.052715163907465,-95.61605661589466,1.9979765654742307,0.0,0.0,37.052715163907465,-95.61605661589466,0.0,0.0,37.052715163907465,-95.61605661589466,0.0,0.0,37.052715163907465,-95.61605661589466,0.0,0.0,37.052715163907465,-95.61605661589468,35.987224778829315,0.0,0.0,1.0708005347792142e+38,3.4678161662845184e+38,-1.1701904134428532e+38,4.0877714491609836e+38,-3.75974834881937e+35,-2.4011515824595502e+36,-4.955178109307855e+36,7.680904538791883e+37,1.0139002859880831e+37,1.6445845086529413e+38,4.84513398254064e+29,1.9035592662082348e+29,-6.534992995590756,0.15792619826411505,22.996526423457976,3.63615435886574e+47,-9.010718349242788e+49,1.767552292941608e+45,-3.7738050211201864e+49,5.142308759152893e+40,8.189331529359945e+40,0.7203413672119157,0.33968860717555566,176.84286008675613,103.1534189551674,4.6228031200052415,0.2057913639154059,218.96608923845588,27.50546224061881,1.103358212714496,2.0026693729486973,157.48763872763783,61.53414502803561,319.78721310614594,0.9820974020152176,42.96021314667366,93.54118415533252,14.739154290871193,147.86722583755937,219.60831286390547,54.33937585124561,8.386885664275152,2.0440163320931792,50.620281621418165,0.7600429155397169,41.06877150912822,1.295273702890206,175.657283166448,210.51770294002128,1.8378111885485766,208.2755473436704,0.3883607425545253,535.0267116561448,1.1445640241072128,66.24587009202077,216.42934774818593,341.3299411101497,22.526971947357023,41.37503184219815,71.8879296246514,5.028477252536708,14.923998782307603,39.27959236265421,0.468306069431748,53.739831825277435,47.42059165560435,2.1653167530875734,77.53704966975086,1.1699015617592723,201.90954625044776,48.99109649100275,279.84110009711617,107.4910965142528,74.32675029641759,0.4997188981603863,142.67804048232716,0.643947927765653,2.0116504636497266,11.49302996346285,0.28210390978103683,0.1487280409400257,0.4994941413685577,2.08090656704812,0.9999809733605408,0.5004748699204201,0.4994941413685577,0.9989882827371154,2.4974707068427886,0.9989882827371154,5.494435555054134,0.9246671539538395,3.9963011227099563,1.9950109501491597,100.77005450438813,31.332151285141695,1.5011552809988586,4.495447272317018,38.15940204243379,0.26154750324913933,23131.239531208168,770.9693121924541,3926.07691557094,530.1906976979327,155.39899915179575,6.494273725146775,69.00916966708934,1.0088222365333692,18.10443346156881,28.084222365091616,109.79878303225884,36.083531744566066,0.8616852249553154,0.691102911736211,15.123780863588578,51.7065847326528,28.3365459774039,114.42286166070284,14.304288851369297,0.26327686335049394,1.0228730674766482,36.607777490377146,12.831745265378737,18.46479310818293,27.28408572570925,109.94353344596868,7.299459550044879,1.217567649443974,80.42957701296525,21.95423209871467,6.913236981368826,12.02485895887268,3.4409596405389515,0.5993929696422687,0.19979765654742304,3.0319884696957975,4.565385751577238,3.883784490104398,1.8008396359698382,1.7775367017758448,2.5558986011978364,1.3414641231861915,380.65062994599265,0.47895482316355226,1.671204611278385,0.33610816427063467
2020-03-04 23:00:00,0.16589795242086125,35.82565915665935,104.09079720835012,35.825659156659334,104.09079720835012,35.825659156659334,104.09079720835014,35.825659156659334,104.09079720835014,35.825659156659334,104.09079720835015,35.82565915665934,104.09079720835014,35.82565915665934,104.09079720835012,35.825659156659334,104.09079720835014,35.82565915665934,104.09079720835015,0.0,35.825659156659334,104.09079720835014,35.82565915665934,104.09079720835015,35.825659156659334,104.09079720835014,35.82565915665933,104.09079720835017,35.825659156659334,104.09079720835015,35.825659156659334,104.09079720835015,35.82565915665934,104.09079720835015,35.82565915665934,104.09079720835014,35.825659156659334,104.09079720835014,35.825659156659334,104.09079720835014,0.0,35.82565915665934,104.09079720835014,35.82565915665934,104.09079720835014,0.0,35.82565915665934,104.09079720835014,0.0,35.82565915665933,104.09079720835014,0.033193877227476895,35.825659156659334,104.09079720835014,0.0,35.825659156659334,104.09079720835014,0.0,37.05300580839515,-95.61680663595841,1.0309632992431004,0.002405725872370812,6.808190777825296e-05,37.05300580839515,-95.61680663595841,0.9989961188818177,0.0,0.0,37.05300580839515,-95.61680663595841,0.0,0.0001316032912170098,37.05300580839514,-95.61680663595841,2.0168635535614414,0.00035553449262092085,0.00018785993529781692,37.053005808395156,-95.61680663595841,0.999011942441541,0.0,-2.766805848236631e-05,56.07401778541591,-106.24001148461343,0.0,-0.00042207896306247633,-25.249025509074375,133.6408416668873,4.6998391529829675,0.03787058968701401,-25.249025509074375,133.64084166688733,0.0,51.114326728906356,10.441033910392408,0.0,0.0,56.07401778541592,-106.24001148461345,-0.00014766321544109435,0.1498389705748872,-25.249025509074375,133.6408416668873,0.0,-25.249025509074375,133.6408416668873,0.0,37.05300580839515,-95.61680663595841,1.9989857469943957,0.0,37.05300580839515,-95.61680663595841,0.9989961188818177,0.0,0.0010494475916848502,37.05300580839515,-95.6168066359584,1.0116951193475812,0.0019630118481539682,37.05300580839515,-95.61680663595841,0.9989961188818177,0.0,37.05300580839515,-95.61680663595841,1.252026525927467,0.0,0.0,37.05300580839515,-95.61680663595841,0.9989961188818177,0.0,0.0,37.05300580839515,-95.61680663595841,0.0,37.05300580839515,-95.61680663595841,1.9979922377636354,0.0,0.0,56.07401778541592,-106.24001148461343,0.9989961188818177,0.0,56.07401778541592,-106.24001148461343,0.0,37.05300580839515,-95.61680663595843,0.9989961188818177,0.0,0.0015443969798859172,0.0,0.0,60.93876325179087,0.0,0.0,0.0,0.0,37.05300580839515,-95.61680663595843,0.0,37.05300580839515,-95.61680663595841,0.9989961188818177,0.0,0.0,37.05300580839515,-95.61680663595841,0.9989961188818177,0.0,0.0,0.0,0.0,0.0,0.0,37.05300580839515,-95.61680663595841,1.0000915641361041,0.0,0.0,37.05300580839515,-95.61680663595841,10.988957307699994,0.0,0.0,37.05300580839515,-95.61680663595841,4.994980594409089,0.0,0.0,37.05300580839515,-95.61680663595841,1.9979922377636354,0.0,0.0,37.05300580839515,-95.61680663595841,0.0,0.0,37.05300580839515,-95.61680663595841,0.0,0.0,37.05300580839515,-95.61680663595841,0.0,0.0,37.05300580839515,-95.61680663595843,35.98751085856182,0.0,0.0,1.0170855728426618e+38,3.29385882565488e+38,-1.1105622313485127e+38,3.879475109069194e+38,-3.4983352180630256e+35,-2.234200900032081e+36,-4.6709906892732066e+36,7.24039233191271e+37,9.660518410604039e+36,1.5669725261151078e+38,4.5947738399188946e+29,1.8051976169548155e+29,-6.535071356669166,0.15804447439453345,22.99075224666417,3.4537526074302437e+47,-8.551568497768111e+49,1.6446554030956012e+45,-3.557371244370485e+49,4.876592855529629e+40,7.71995374552028e+40,0.7199804733058214,0.33969517247116077,176.84239612235928,102.95678193878817,4.651969848028342,0.20569017213224905,219.02143023626834,27.87172058822529,1.1052333021264797,2.002050472379602,157.3950940373725,61.415782222454816,319.60764708603796,0.9800191926740872,42.97402011226956,93.49146650539655,14.910437701448537,147.88139432996527,219.14680772859478,53.7756728964984,8.403959029602436,2.0437251595161783,50.60747812755344,0.7593892038053877,41.01652793762382,1.296102262380423,175.90700685289644,210.67015055363686,1.839479804030689,208.40744771457983,0.38840135626260724,534.9587247287952,1.1437474084880455,66.17194047977316,216.60375551101777,341.2045962670777,22.43715810439096,41.4018976502599,71.88161769231772,5.014314561733191,14.909395056598937,39.28872246273708,0.4689167697093567,53.73862066369402,47.488069465968465,2.1660322725881325,77.62864861333561,1.1703252785970617,202.06719729676112,49.24841419629836,279.73024692632487,107.5107497081184,74.32733003097489,0.499593271831963,142.89095712391347,0.6465823701745032,2.0117097423787884,11.480859297649094,0.2983623170986076,0.1487159887857142,0.49949805944090886,2.0793633189746106,0.9999896281125777,0.5004795653649857,0.49949805944090886,0.9989961188818177,2.4974902972045445,0.9989961188818177,5.494478653849997,0.9249119057220123,3.9963317440335824,1.9948263313004666,100.7708925524838,31.3323970570647,1.5010047532541357,4.495482534968178,38.15970136786265,0.27158462815500484,23110.130314798018,770.0089449395216,3912.9450032136065,530.2197026239803,155.46120728476217,6.496877535843438,69.11075091272532,1.0118350081072267,18.14749632956219,28.079877746316477,109.80308390267157,36.138559508053994,0.8625861602332184,0.6911082726816411,15.123862586945656,51.69630027349123,28.328412355480744,114.43536411232543,14.357696022509645,0.2646000104150638,1.0425454046003566,36.57558964242877,12.78439510217379,18.428552068895918,27.284361165641826,109.94442728427168,7.2994619940547345,1.2174819832433033,80.48796616774439,22.0701490724684,6.827526846795881,12.02495328283669,3.4409866317040376,0.5993976713290902,0.19979922377636353,3.024657869866901,4.571564374659514,3.894614641870748,1.800393589929091,1.7836418400941794,2.5736145361021783,1.3420759021476594,380.780433542794,0.481181355584095,1.672415674361116,0.33670977773964916
2020-03-05 00:00:00,0.16581889060717975,35.8259425556555,104.09162061894835,35.825942555655494,104.09162061894834,35.82594255565549,104.09162061894835,35.82594255565549,104.09162061894835,35.82594255565549,104.09162061894835,35.825942555655494,104.09162061894835,35.825942555655494,104.09162061894835,35.82594255565549,104.09162061894834,35.825942555655494,104.09162061894837,0.0,35.82594255565549,104.09162061894835,35.825942555655494,104.09162061894835,35.82594255565549,104.09162061894835,35.82594255565548,104.09162061894837,35.82594255565549,104.09162061894837,35.825942555655494,104.09162061894837,35.825942555655494,104.09162061894835,35.825942555655494,104.09162061894835,35.82594255565549,104.09162061894837,35.82594255565549,104.09162061894835,0.0,35.825942555655494,104.09162061894834,35.825942555655494,104.09162061894835,0.0,35.8259425556555,104.09162061894835,0.0,35.82594255565548,104.09162061894835,0.031704436624730784,35.82594255565549,104.09162061894835,0.0,35.82594255565549,104.09162061894835,0.0,37.05329891632108,-95.61756301302597,1.0283368260915413,0.002195334658605219,6.070675964217273e-05,37.05329891632108,-95.61756301302597,0.9990040214439455,0.0,0.0,37.05329891632108,-95.61756301302597,0.0,0.00011689138564439927,37.053298916321076,-95.61756301302597,2.015463436372555,0.0003315056982594669,0.0001714659326869164,37.05329891632109,-95.61756301302597,0.9989835675586647,0.0,-3.244953124267175e-05,56.074461359120484,-106.24085189657835,0.0,-0.0004437047816739856,-25.249225241574816,133.6418988332107,4.6835894001685165,0.036971012408907905,-25.249225241574813,133.64189883321075,0.0,51.11473106895829,10.441116504225953,0.0,0.0,56.074461359120484,-106.24085189657835,-0.00014902937203882787,0.15010456064424865,-25.249225241574813,133.6418988332107,0.0,-25.249225241574813,133.6418988332107,0.0,37.05329891632108,-95.61756301302597,1.9990023726900956,0.0,37.05329891632108,-95.61756301302597,0.9990040214439455,0.0,0.0010502533577272043,37.05329891632108,-95.61756301302596,1.0117130317453604,0.0019645741529864176,37.05329891632108,-95.61756301302597,0.9990040214439455,0.0,37.05329891632108,-95.61756301302597,1.2508662909532722,0.0,0.0,37.05329891632108,-95.61756301302597,0.9990040214439455,0.0,0.0,37.05329891632108,-95.61756301302597,0.0,37.05329891632108,-95.61756301302597,1.998008042887891,0.0,0.0,56.074461359120484,-106.24085189657836,0.9990040214439455,0.0,56.074461359120484,-106.24085189657833,0.0,37.05329891632108,-95.61756301302599,0.9990040214439455,0.0,0.0014149738799149464,0.0,0.0,60.939245308080665,0.0,0.0,0.0,0.0,37.05329891632108,-95.617563013026,0.0,37.05329891632108,-95.61756301302597,0.9990040214439455,0.0,0.0,37.05329891632108,-95.61756301302597,0.9990040214439455,0.0,0.0,0.0,0.0,0.0,0.0,37.05329891632108,-95.61756301302597,1.0001001620333565,0.0,0.0,37.05329891632108,-95.61756301302597,10.9890442358834,0.0,0.0,37.05329891632108,-95.61756301302597,4.995020107219728,0.0,0.0,37.05329891632108,-95.61756301302597,1.998008042887891,0.0,0.0,37.05329891632108,-95.61756301302597,0.0,0.0,37.05329891632108,-95.61756301302597,0.0,0.0,37.05329891632108,-95.61756301302597,0.0,0.0,37.05329891632108,-95.61756301302599,35.987802098336026,0.0,0.0,9.62247356570696e+37,3.1162637958228884e+38,-1.0496910950953137e+38,3.666836815339257e+38,-3.2317657827395005e+35,-2.0639571597393165e+36,-4.381012117463718e+36,6.790903397462418e+37,9.171899594062065e+36,1.4877167109795502e+38,4.339209500320194e+29,1.7047913395415123e+29,-6.535150045040146,0.15827861441851654,22.983722183016663,3.2675365824532778e+47,-8.082847631424691e+49,1.5193344047414812e+45,-3.3365269949463256e+49,4.605353557136255e+40,7.24100993212753e+40,0.7192247013655751,0.3398380745948176,176.8506162887297,102.86052134029285,4.653777878522172,0.2056084684621281,219.00360199132956,28.282863910486526,1.107187214762486,2.001185689941629,157.2508884972716,61.368968601072,319.51504150224156,0.978937112797607,43.00435453127265,93.44595075705581,15.050412954261098,147.87321824006747,218.60239443297414,53.10866573787084,8.408990635402581,2.044655001826794,50.6726149653922,0.7588361638440259,40.964731662138405,1.2976492830230537,176.2780998754862,210.94717039883304,1.838879521360771,208.54474701432875,0.3883034337175623,534.862791309631,1.1433003721327344,66.19722301470782,216.54611971217574,341.14001445471246,22.35469931020264,41.386815169391106,71.87661145174518,4.997624359715915,14.913416053214503,39.29060739344258,0.4690273687228029,53.74223481829497,47.46365175327733,2.1661072243012653,77.64923778904948,1.1704430810103266,202.1469988956431,49.51566503212656,279.6709487500346,107.53438213184116,74.32796552347905,0.49959622982442264,143.13026927028955,0.6495444285665408,2.011799640899608,11.471007206537296,0.3176803869038351,0.14876598472596175,0.49950201072197276,2.0773419665493793,0.9999983512461501,0.5004842977984658,0.49950201072197276,0.9990040214439455,2.497510053609864,0.9990040214439455,5.4945221179417,0.9261655196029628,3.9963626211728167,1.994639135305376,100.77173711198216,31.332644912096043,1.5008510501786936,4.495518096497753,38.160003230307495,0.28279703887940444,23097.882528748643,769.4729657229254,3907.017158883019,530.1570991369485,155.35247470033724,6.495972029924152,69.1938672232277,1.0142985822790904,18.19964540960768,28.079950242407442,109.80414060247604,36.14027837733467,0.8626080849357064,0.6911146080621646,15.124016386157939,51.69662718968361,28.319565827369683,114.44885844051133,14.415652802795638,0.266035978766025,1.0638992737338522,36.54836119128961,12.744325374782063,18.39785536376321,27.284466333739953,109.94544540795583,7.299554968207781,1.2176733129666497,80.5587704463527,22.210462127998063,6.742713443973298,12.02504840626971,3.4410138516402555,0.5994024128663668,0.1998008042887891,3.01862411034572,4.578059669213818,3.907012720906004,1.79905795880795,1.792632050090365,2.5952288649089224,1.3428314808072799,380.93509402900725,0.4838427783156373,1.6737985639345023,0.3373972712452784
2020-03-05 01:00:00,0.16554883557762623,35.82622820489537,104.09245056758853,35.82622820489537,104.09245056758851,35.82622820489536,104.09245056758853,35.82622820489536,104.09245056758853,35.82622820489536,104.09245056758853,35.826228204895365,104.09245056758853,35.826228204895365,104.09245056758853,35.826228204895365,104.09245056758853,35.826228204895365,104.09245056758854,0.0,35.82622820489536,104.09245056758853,35.826228204895365,104.09245056758853,35.82622820489536,104.09245056758853,35.82622820489535,104.09245056758854,35.82622820489536,104.09245056758854,35.82622820489536,104.09245056758854,35.826228204895365,104.09245056758853,35.826228204895365,104.09245056758853,35.82622820489536,104.09245056758854,35.82622820489536,104.09245056758853,0.0,35.826228204895365,104.09245056758851,35.826228204895365,104.09245056758853,0.0,35.82622820489537,104.09245056758853,0.0,35.82622820489536,104.09245056758853,0.03028431001582964,35.82622820489536,104.09245056758853,0.0,35.82622820489536,104.09245056758853,0.0,37.05359435158154,-95.61832539587607,1.0256596802392925,0.0019809227984936006,5.31941206151354e-05,37.05359435158154,-95.61832539587607,0.9990119867539693,0.0,0.0,37.053594351581545,-95.61832539587607,0.0,0.00010190610029751218,37.053594351581545,-95.61832539587607,2.0140358080684533,0.00030700040683898783,0.000154758450916552,37.053594351581545,-95.61832539587607,0.998954647493107,0.0,-3.730481868162265e-05,56.074908454887435,-106.24169898157942,0.0,-0.000465601448791389,-25.249426559990557,133.64296439364242,4.663745683720982,0.035846547518914404,-25.249426559990553,133.64296439364247,0.0,51.1151386195497,10.441199753870766,0.0,0.0,56.074908454887435,-106.24169898157942,-0.00015038695889849985,0.1503673437709815,-25.249426559990553,133.64296439364244,0.0,-25.249426559990553,133.64296439364242,0.0,37.053594351581545,-95.61832539587607,1.9990191255661098,0.0,37.05359435158154,-95.61832539587607,0.9990119867539693,0.0,0.001051056948587768,37.05359435158154,-95.61832539587606,1.011731059098851,0.0019661432839465256,37.05359435158154,-95.61832539587607,0.9990119867539693,0.0,37.05359435158155,-95.61832539587607,1.2498491096052986,0.0,0.0,37.05359435158154,-95.61832539587607,0.9990119867539693,0.0,0.0,37.05359435158154,-95.61832539587607,0.0,37.05359435158154,-95.61832539587607,1.9980239735079386,0.0,0.0,56.074908454887435,-106.2416989815794,0.9990119867539693,0.0,56.074908454887435,-106.2416989815794,0.0,37.05359435158154,-95.61832539587608,0.9990119867539693,0.0,0.001310012734581584,0.0,0.0,60.939731191992124,0.0,0.0,0.0,0.0,37.05359435158154,-95.61832539587608,0.0,37.05359435158154,-95.61832539587607,0.9990119867539693,0.0,0.0,37.05359435158154,-95.61832539587607,0.9990119867539693,0.0,0.0,0.0,0.0,0.0,0.0,37.05359435158154,-95.61832539587607,1.0001088195659278,0.0,0.0,37.05359435158154,-95.61832539587607,10.989131854293662,0.0,0.0,37.05359435158154,-95.61832539587607,4.995059933769848,0.0,0.0,37.05359435158154,-95.61832539587607,1.9980239735079386,0.0,0.0,37.05359435158154,-95.61832539587607,0.0,0.0,37.05359435158154,-95.61832539587607,0.0,0.0,37.05359435158154,-95.61832539587607,0.0,0.0,37.05359435158155,-95.61832539587608,35.98809772236265,0.0,0.0,9.062785588254369e+37,2.9350073476568134e+38,-9.87568940392243e+37,3.449828397360055e+38,-2.9600098328904182e+35,-1.8904010680856672e+36,-4.085206291001073e+36,6.332381773222482e+37,8.673078881762762e+36,1.406806109870183e+38,4.078407360463601e+29,1.602327231890387e+29,-6.535229031059934,0.1586087977422209,22.97525636580032,3.0774814029199646e+47,-7.604493653433352e+49,1.3915750954178436e+45,-3.1112447773233845e+49,4.3285551996454235e+40,6.752440440940894e+40,0.7181210491637993,0.34011724766545864,176.86606034254262,102.87442920563583,4.628080637205483,0.20554290833335517,218.9142236459525,28.731481985742974,1.109121603538927,2.0000007827397908,157.03986767039487,61.40055493364819,319.5187991607528,0.978958900429147,43.048194174944236,93.40152977675913,15.154520903383506,147.84284153593725,217.9820758716774,52.34697045702141,8.40220342600485,2.0468615056659667,50.8192107071457,0.7584314442016646,40.91537075897527,1.2997795657968245,176.74602223083116,211.32723720533468,1.8360601266154994,208.68070032916842,0.3880501847514835,534.7304657761111,1.1432606355401473,66.33081399918095,216.22737182842513,341.1421656571935,22.27396875097442,41.33001600206268,71.87268727113144,4.9786211848532345,14.936775693142954,39.28540228272995,0.46864857982173125,53.75206121891269,47.34936484205248,2.1655760048329666,77.60290258608482,1.1702531277190986,202.14759443208465,49.77973169320782,279.6684393068345,107.5625613093788,74.32867046989722,0.49973289037174323,143.39159179709168,0.6527796673017485,2.011744425479715,11.463075704040522,0.34046609436478503,0.1488675868629672,0.49950599337698465,2.074920866906444,1.0000071388121405,0.500489065018958,0.49950599337698465,0.9990119867539693,2.497529966884924,0.9990119867539693,5.494565927146831,0.928558825009274,3.996393739866007,1.9944493534471408,100.7725878028253,31.33289473514504,1.500694146210264,4.4955539403928615,38.160307489599475,0.2951840323050686,23095.320943061182,769.4003811736134,3908.924136952795,529.9917813719,155.05253341041197,6.491115280830772,69.25581826905307,1.0161326580034742,18.262180134946536,28.084459400742986,109.80193823088982,36.088465412513386,0.8617470829511472,0.691122170572525,15.124261699801304,51.70798779550122,28.310066854424015,114.46326071297462,14.477778276536341,0.26757520661708833,1.0867921821326865,36.52579035802148,12.711099525200853,18.37534128406109,27.28439809527764,109.94658945905319,7.2997400387480385,1.218149858304176,80.64064458009528,22.37252835808175,6.662116452638463,12.02514428500148,3.4410412877081162,0.5994071920523811,0.1998023973507939,3.0141548736467216,4.584530961112893,3.9209472118786697,1.7969667669306064,1.8046019371584827,2.6206125783043883,1.3437256280199197,381.11772252270947,0.4869937317942998,1.6753646507782702,0.33817633201215036
2020-03-05 02:00:00,0.165088287021841,35.82651597403953,104.09328667557183,35.82651597403954,104.09328667557183,35.82651597403952,104.09328667557185,35.82651597403952,104.09328667557183,35.82651597403952,104.09328667557185,35.82651597403952,104.09328667557185,35.82651597403952,104.09328667557182,35.82651597403952,104.09328667557183,35.82651597403953,104.09328667557185,0.0,35.82651597403952,104.09328667557185,35.82651597403952,104.09328667557185,35.82651597403952,104.09328667557183,35.826515974039516,104.09328667557186,35.82651597403952,104.09328667557186,35.82651597403952,104.09328667557185,35.82651597403953,104.09328667557185,35.82651597403953,104.09328667557185,35.82651597403952,104.09328667557186,35.82651597403952,104.09328667557185,0.0,35.82651597403953,104.09328667557183,35.82651597403953,104.09328667557185,0.0,35.82651597403953,104.09328667557185,0.0,35.826515974039516,104.09328667557185,0.02898659413162849,35.82651597403952,104.09328667557183,0.0,35.82651597403952,104.09328667557185,0.0,37.053891979371826,-95.61909343663962,1.0229315747450896,0.0017624682142654557,4.554327724819868e-05,37.053891979371826,-95.61909343663962,0.9990200111773833,0.0,0.0,37.05389197937183,-95.61909343663962,0.0,8.664602750697858e-05,37.053891979371826,-95.61909343663962,2.0125805026487598,0.00028201579331519483,0.00013773576617350652,37.05389197937183,-95.61909343663962,0.9989251763008107,0.0,-4.223411459205843e-05,56.075358868710595,-106.24255235309862,0.0,-0.0004877687368683159,-25.24962937246164,133.64403786197593,4.6412392462877,0.034549010100286326,-25.249629372461637,133.64403786197596,0.0,51.11554919471855,10.44128362134071,0.0,0.0,56.0753588687106,-106.24255235309863,-0.00015173551162422872,0.1504906549925933,-25.249629372461637,133.64403786197596,0.0,-25.249629372461637,133.64403786197593,0.0,37.05389197937183,-95.61909343663962,1.999035998077258,0.0,37.053891979371826,-95.61909343663962,0.9990200111773833,0.0,0.001051858173797369,37.053891979371826,-95.6190934366396,1.011749193015451,0.001967718548810022,37.053891979371826,-95.61909343663962,0.9990200111773833,0.0,37.05389197937183,-95.61909343663963,1.2493606885231505,0.0,0.0,37.053891979371826,-95.61909343663962,0.9990200111773833,0.0,0.0,37.05389197937182,-95.6190934366396,0.0,37.053891979371826,-95.61909343663962,1.9980400223547665,0.0,0.0,56.075358868710595,-106.24255235309862,0.9990200111773833,0.0,56.0753588687106,-106.24255235309862,0.0,37.053891979371826,-95.61909343663964,0.9990200111773833,0.0,0.001225301543086128,0.0,0.0,60.94022068182037,0.0,0.0,0.0,0.0,37.053891979371826,-95.61909343663963,0.0,37.053891979371826,-95.61909343663962,0.9990200111773833,0.0,0.0,37.053891979371826,-95.61909343663962,0.9990200111773833,0.0,0.0,0.0,0.0,0.0,0.0,37.053891979371826,-95.61909343663962,1.0001175329609029,0.0,0.0,37.053891979371826,-95.61909343663962,10.989220122951217,0.0,0.0,37.053891979371826,-95.61909343663962,4.995100055886916,0.0,0.0,37.053891979371826,-95.61909343663962,1.9980400223547665,0.0,0.0,37.053891979371826,-95.61909343663962,0.0,0.0,37.053891979371826,-95.61909343663962,0.0,0.0,37.053891979371826,-95.61909343663962,0.0,0.0,37.05389197937183,-95.61909343663962,35.98839710145005,0.0,0.0,8.491719779257645e+37,2.7500661583194086e+38,-9.241878424411361e+37,3.2284221718051017e+38,-2.6830377868310506e+35,-1.713513732819761e+36,-3.783537779440361e+36,5.864772539297401e+37,8.163989855465613e+36,1.324229949497806e+38,3.8123344035879896e+29,1.4977923223558056e+29,-6.535308285410943,0.15900760446205647,22.96515732422459,2.8835626138327393e+47,-7.1164455411412e+49,1.2613635680301735e+45,-2.8814976080939924e+49,4.04616274122311e+40,6.254186734267654e+40,0.716729273168611,0.3405323889146635,176.88616226123844,103.00274239483093,4.575629856566344,0.20549064673763429,218.75737950033619,29.209256523310216,1.1109403793525063,1.9984300195224882,156.7486771247605,61.51318499049843,319.62309428416046,0.9801323894974772,43.10038100052974,93.35481891491935,15.219271412226625,147.7903218536524,217.29463125251448,51.50143941230188,8.383798602549282,2.0503548922819395,51.04789187416202,0.7582119482004159,40.87030836180982,1.3023048964220942,177.27717770023813,211.78064420141772,1.8311477312622653,208.808722702446,0.3876321397238445,534.5542706430394,1.1436438306904044,66.57611027951506,215.6314225433773,341.21364739528553,22.188833044097983,41.23157412713596,71.8696548919942,4.957573590776861,14.979332303785881,39.2732469088075,0.46779005701471893,53.76911181827826,47.1503271652009,2.164521159312104,77.49905772693548,1.1697399392868908,202.06415446223784,50.027811142104355,279.7248747361389,107.59591038097544,74.32946236877834,0.500002424630159,143.67000830283558,0.6562270550814575,2.011359270132706,11.456726259534673,0.36714391675188407,0.14900244295316475,0.49951000558869163,2.0721950110750704,1.0000159868998748,0.5004938648630967,0.49951000558869163,0.9990200111773833,2.497550027943458,0.9990200111773833,5.494610061475608,0.9321816215977548,3.996425085988094,1.9942569776328587,100.77344424865858,31.33314641221946,1.5005340162251923,4.495590050298224,38.16061400690753,0.3087123736050994,23102.74283261636,769.8049830195241,3918.87143075871,529.7174852022508,154.55004834530374,6.4820621413688055,69.2945364327903,1.0172757503737209,18.336527040963134,28.093279645569243,109.79656874177421,35.984644926081,0.8600281224463812,0.6911312823626786,15.1246232669376,51.73031365730165,28.300001470410542,114.47845175665034,14.543528976238518,0.269204095867548,1.1110214804700957,36.50758306679614,12.684293264426543,18.3630534289781,27.284147561187485,109.94786502104854,7.300021805109698,1.2189292366999398,80.73194023020805,22.55310321015129,6.588847062015949,12.025240875283313,3.441068927388764,0.5994120067064295,0.19980400223547667,3.011448664851363,4.5906971940704375,3.9363526097647608,1.7942875871646435,1.8196360215784178,2.649574622442401,1.3447509693934605,381.33158593085847,0.4906915692457429,1.6771226839946034,0.33905133640860996
2020-03-05 03:00:00,0.16443798655008562,35.82680573401123,104.0941285678681,35.826805734011224,104.09412856786811,35.82680573401122,104.09412856786811,35.82680573401122,104.0941285678681,35.82680573401122,104.09412856786813,35.826805734011224,104.09412856786811,35.826805734011224,104.0941285678681,35.826805734011224,104.09412856786811,35.826805734011224,104.09412856786811,0.0,35.826805734011224,104.09412856786811,35.826805734011224,104.09412856786811,35.82680573401122,104.09412856786811,35.82680573401121,104.09412856786813,35.826805734011224,104.09412856786813,35.826805734011224,104.09412856786811,35.82680573401123,104.09412856786813,35.82680573401122,104.09412856786813,35.82680573401122,104.09412856786813,35.826805734011224,104.09412856786811,0.0,35.826805734011224,104.09412856786811,35.826805734011224,104.09412856786813,0.0,35.82680573401123,104.09412856786811,0.0,35.82680573401122,104.09412856786811,0.027859042304974928,35.826805734011224,104.0941285678681,0.0,35.826805734011224,104.09412856786811,0.0,37.05419166619314,-95.61986679081751,1.0201522291114218,0.0015399493417824761,3.775353429846112e-05,37.05419166619314,-95.61986679081751,0.9990280911148901,0.0,0.0,37.05419166619315,-95.61986679081751,0.0,7.110979597354378e-05,37.05419166619314,-95.61986679081751,2.0110973576081994,0.0002565490903257972,0.00012039619467549278,37.05419166619315,-95.61986679081751,0.9988951481663462,0.0,-4.7237600085238765e-05,56.07581239856012,-106.24341162836237,0.0,-0.0005102063573221988,-25.249833588018003,133.6451187567148,4.617106226785925,0.03313555519512012,-25.249833588018003,133.64511875671482,0.0,51.11596261030432,10.441368069017642,0.0,0.0,56.075812398560124,-106.24341162836237,-0.00015307456046619126,0.15036390908794423,-25.249833588018003,133.64511875671482,0.0,-25.249833588018003,133.6451187567148,0.0,37.05419166619315,-95.61986679081751,1.99905298275217,0.0,37.05419166619314,-95.61986679081751,0.9990280911148901,0.0,0.0010526568458591899,37.05419166619314,-95.6198667908175,1.0117674253899267,0.001969299288097401,37.05419166619314,-95.61986679081751,0.9990280911148901,0.0,37.05419166619315,-95.61986679081751,1.2497682568785566,0.0,0.0,37.05419166619314,-95.61986679081751,0.9990280911148901,0.0,0.0,37.05419166619314,-95.6198667908175,0.0,37.05419166619314,-95.61986679081751,1.9980561822297802,0.0,0.0,56.07581239856012,-106.24341162836235,0.9990280911148901,0.0,56.075812398560124,-106.24341162836235,0.0,37.05419166619314,-95.61986679081753,0.9990280911148901,0.0,0.0011572552173000133,0.0,0.0,60.94071355800829,0.0,0.0,0.0,0.0,37.05419166619314,-95.61986679081753,0.0,37.05419166619314,-95.61986679081751,0.9990280911148901,0.0,0.0,37.05419166619314,-95.61986679081751,0.9990280911148901,0.0,0.0,0.0,0.0,0.0,0.0,37.05419166619314,-95.61986679081751,1.0001262984830526,0.0,0.0,37.05419166619314,-95.61986679081751,10.989309002263793,0.0,0.0,37.05419166619314,-95.61986679081751,4.995140455574452,0.0,0.0,37.05419166619314,-95.61986679081751,1.9980561822297802,0.0,0.0,37.05419166619314,-95.61986679081751,0.0,0.0,37.05419166619314,-95.61986679081751,0.0,0.0,37.05419166619314,-95.61986679081751,0.0,0.0,37.054191666193155,-95.61986679081751,35.988699721144044,0.0,0.0,7.909205412165524e+37,2.5614173228282886e+38,-8.595400198882932e+37,3.0025909564353814e+38,-2.4008207076589554e+35,-1.53327667347945e+36,-3.475971843235811e+36,5.388021846737233e+37,7.644567239334779e+36,1.2399776418756996e+38,3.540958216002325e+29,1.3911738762264207e+29,-6.535387779102606,0.15944188240712784,22.953213290988195,2.6857561983326113e+47,-6.618643376447649e+49,1.1286862186127211e+45,-2.647259030030699e+49,3.7581417800946065e+40,5.74619141545711e+40,0.7151191549469145,0.34108271848491867,176.90744681929695,103.24398999140618,4.498025460272972,0.20544928410804802,218.53942883215697,29.707181737707458,1.1125555358539967,1.996425649260103,156.36768173193784,61.705186925602796,319.82674244616396,0.9824440196525297,43.15400973022785,93.30239028948981,15.242420363944202,147.71574496435255,216.55049894453197,50.58501796909264,8.35402070957083,2.0551001240570272,51.35640227782262,0.7582015688935723,40.83122011552533,1.3049967480239166,177.83113537783169,212.27152697470498,1.824338865917658,208.92278956676023,0.38704765164490695,534.32877353239,1.1444429239337925,66.93066824199289,214.75586753541268,341.35359113911977,22.0930783229154,41.091622778434285,71.86735381378061,4.934800567944461,15.040109951515513,39.25430368268117,0.4664630160728402,53.79395189971156,46.874510374063995,2.1630686188548056,77.35191372077391,1.1688765657187357,201.88897145768317,50.24819187452031,279.83925314915837,107.63509765484329,74.33036346099793,0.5003982080336756,143.96020151468556,0.6598205838900312,2.0104620706885483,11.451673357163518,0.39814317844997127,0.1491456966358226,0.49951404555744505,2.069271300531569,1.0000248916372798,0.5004986952014938,0.49951404555744505,0.9990280911148901,2.497570227787226,0.9990280911148901,5.494654501131897,0.9370776380180454,3.9964566455513295,1.9940620004031258,100.77430607684887,31.333399830431382,1.5003706355491842,4.495626410017006,38.16092264474557,0.32331047374411737,23119.903359200027,770.6746524461505,3936.627698122916,529.3331203395775,153.84322437827524,6.46877495435851,69.30869126668706,1.017688297075806,18.42421588594086,28.10614874410336,109.78822471028778,35.83198680512451,0.8575033708514017,0.6911423522081487,15.12513243783818,51.763058083271495,28.289482221223743,114.49427586254109,14.612193037862204,0.27090486377424505,1.136322152196491,36.49347015173749,12.663519902009494,18.362315538127127,27.28370007257039,109.9492816295037,7.3004079080860995,1.2200385546026942,80.83070411168404,22.74833641098476,6.525703739675014,12.025338133790342,3.4410967582846212,0.5994168546689336,0.19980561822297807,3.010628679682973,4.596359324961092,3.953122145641033,1.7912145432980555,1.8378002875807415,2.6818493969195445,1.345897546209147,381.580009789862,0.49499465704728024,1.6790778240054731,0.34002486644529145
2020-03-05 04:00:00,0.16360019965214675,35.827097357002756,104.09497587313439,35.82709735700275,104.0949758731344,35.82709735700274,104.09497587313442,35.82709735700274,104.09497587313439,35.82709735700274,104.09497587313442,35.82709735700275,104.0949758731344,35.82709735700275,104.09497587313439,35.82709735700275,104.0949758731344,35.82709735700275,104.0949758731344,0.0,35.82709735700274,104.0949758731344,35.82709735700275,104.0949758731344,35.82709735700274,104.0949758731344,35.827097357002735,104.09497587313442,35.82709735700274,104.09497587313442,35.82709735700275,104.0949758731344,35.82709735700275,104.09497587313442,35.82709735700274,104.09497587313442,35.82709735700274,104.09497587313442,35.82709735700275,104.0949758731344,0.0,35.82709735700275,104.0949758731344,35.82709735700275,104.09497587313442,0.0,35.827097357002756,104.0949758731344,0.0,35.82709735700274,104.09497587313442,0.026942612527935728,35.82709735700274,104.09497587313439,0.0,35.82709735700274,104.0949758731344,0.0,37.05449327985924,-95.62064511729767,1.0173213694481626,0.0013133451435071164,2.982421517428932e-05,37.05449327985924,-95.62064511729767,0.9990362230025807,0.0,0.0,37.05449327985925,-95.62064511729767,0.0,5.529607165395689e-05,37.054493279859244,-95.62064511729767,2.00958621402586,0.00023059758971973737,0.00010273809368283038,37.054493279859244,-95.62064511729767,0.9988645574050912,0.0,-5.2315443344316814e-05,56.076268844392466,-106.24427642836041,0.0,-0.0005329139595896398,-25.250039116583988,133.64620660109657,4.592442733008143,0.031666241704159596,-25.250039116583988,133.6462066010966,0.0,51.116378683957144,10.441453059653272,0.0,0.0,56.07626884439247,-106.24427642836041,-0.00015440363033052736,0.1499090083760884,-25.250039116583988,133.64620660109657,0.0,-25.250039116583988,133.64620660109657,0.0,37.054493279859244,-95.62064511729767,1.999070072193623,0.0,37.05449327985924,-95.62064511729767,0.9990362230025807,0.0,0.0010534527802409832,37.05449327985924,-95.62064511729766,1.0117857483494184,0.0019708848681789424,37.05449327985924,-95.62064511729767,0.9990362230025807,0.0,37.05449327985925,-95.62064511729767,1.2514015779710372,0.0,0.0,37.05449327985924,-95.62064511729767,0.9990362230025807,0.0,0.0,37.05449327985924,-95.62064511729767,0.0,37.05449327985924,-95.62064511729767,1.9980724460051613,0.0,0.0,56.07626884439247,-106.2442764283604,0.9990362230025807,0.0,56.07626884439247,-106.2442764283604,0.0,37.05449327985924,-95.62064511729768,0.9990362230025807,0.0,0.001102846994930368,0.0,0.0,60.941209603157425,0.0,0.0,0.0,0.0,37.05449327985924,-95.62064511729768,0.0,37.05449327985924,-95.62064511729767,0.9990362230025807,0.0,0.0,37.05449327985924,-95.62064511729767,0.9990362230025807,0.0,0.0,0.0,0.0,0.0,0.0,37.05449327985924,-95.62064511729767,1.0001351124349995,0.0,0.0,37.05449327985924,-95.62064511729767,10.989398453028391,0.0,0.0,37.05449327985924,-95.62064511729767,4.9951811150129055,0.0,0.0,37.05449327985924,-95.62064511729767,1.9980724460051613,0.0,0.0,37.05449327985924,-95.62064511729767,0.0,0.0,37.05449327985924,-95.62064511729767,0.0,0.0,37.05449327985924,-95.62064511729767,0.0,0.0,37.05449327985925,-95.62064511729767,35.98900515653335,0.0,0.0,7.315173086715803e+37,2.3690383657224503e+38,-7.936178388125559e+37,2.7723080840306215e+38,-2.1133303199136354e+35,-1.34967183202945e+36,-3.162474452373515e+36,4.902076946421486e+37,7.114746932398753e+36,1.1540387895843775e+38,3.264247003789965e+29,1.282459402288537e+29,-6.535467483472159,0.15987505452478082,22.939202909123,2.484038589932579e+47,-6.111028376514509e+49,9.935297541601484e+44,-2.4085031262779085e+49,3.4644585722734354e+40,5.228398259672302e+40,0.7133673483545755,0.341766635476586,176.92580676844076,103.59114391571924,4.397619004741529,0.2054168130361624,218.26870069467086,30.215827966525893,1.1138925942860467,1.9939660133379051,155.89260623409638,61.970692598455194,320.1233509349968,0.9858205589827066,43.20097264498768,93.24100889805115,15.223081560208305,147.61937384044379,215.76156482272864,49.6124824051554,8.313241957033641,2.0610187523920294,51.739719462694175,0.7584097811559906,40.79954320880559,1.3076020176813459,178.3633768982048,212.76036293342958,1.815891009576744,209.01781099668048,0.38630291071387324,534.0515098658683,1.1456288341002479,67.38637006370944,213.611884333734,341.5577528575837,21.980839860428244,40.9106360213968,71.86564973452987,4.910665091794284,15.117354786423906,39.22880737187124,0.46468366586909216,53.82665694449741,46.53235605652839,2.1613800205322304,77.17962006231403,1.167628698472673,201.61255057716656,50.43098059950069,280.0075007356818,107.68082173862325,74.33140187403912,0.5009082136659836,144.2566088907908,0.6634912007430936,2.0088852578130334,11.447678155162361,0.43388288439041334,0.14926797027023495,0.49951811150129033,2.066263547941385,1.0000338491910423,0.5005035539353799,0.49951811150129033,0.9990362230025807,2.4975905575064528,0.9990362230025807,5.494699226514196,0.9432407318736484,3.996488404705962,1.9938644149417175,100.77517291850185,31.333654878002772,1.5002039799681335,4.4956630035116145,38.1612332669792,0.33886334093197257,23146.02962567712,771.9720347248065,3961.5362708582766,528.8427799490642,152.93982026734975,6.451421994060723,69.29775548707737,1.0173546209911313,18.52684565803044,28.122683731499684,109.77718760777248,35.63511489050954,0.8542490252984335,0.691155896417552,15.125828769983029,51.80522858417582,28.278647627932806,114.51054152581443,14.682893741575615,0.2726556277076658,1.1623680767460036,36.48322119086892,12.648450739517664,18.3736537127052,27.2830351942286,109.95085277650668,7.3009090332435,1.2215144786319037,80.93468886060235,22.953793273132302,6.475086957288065,12.025436017623655,3.44112476812,0.5994217338015481,0.1998072446005162,3.0117391845239214,4.601417046696746,3.9711014102734405,1.7879601468727695,1.8591314891031827,2.7170856588664676,1.3471524227821021,381.8662540770178,0.4999602007523906,1.6812306142549274,0.34109719562617313
2020-03-05 05:00:00,0.16258012273133504,35.82739071648158,104.0958282237328,35.827390716481574,104.09582822373278,35.827390716481574,104.09582822373281,35.827390716481574,104.0958282237328,35.827390716481574,104.09582822373281,35.827390716481574,104.09582822373281,35.827390716481574,104.09582822373278,35.827390716481574,104.09582822373281,35.827390716481574,104.0958282237328,0.0,35.827390716481574,104.09582822373281,35.827390716481574,104.0958282237328,35.82739071648158,104.0958282237328,35.82739071648157,104.09582822373282,35.827390716481574,104.09582822373282,35.82739071648158,104.09582822373281,35.82739071648158,104.09582822373282,35.827390716481574,104.09582822373281,35.827390716481574,104.09582822373282,35.82739071648158,104.09582822373281,0.0,35.827390716481574,104.0958282237328,35.82739071648158,104.09582822373281,0.0,35.82739071648158,104.09582822373281,0.0,35.82739071648157,104.09582822373281,0.026270340287742514,35.82739071648158,104.09582822373278,0.0,35.82739071648158,104.09582822373278,0.0,37.054796689502744,-95.62142807837145,1.014438728637499,0.0010826351215748042,2.1754662384011053e-05,37.054796689502744,-95.62142807837145,0.9990444033121042,0.0,0.0,37.05479668950275,-95.62142807837145,0.0,3.920355865363184e-05,37.054796689502744,-95.62142807837145,2.0080469166551747,0.00020415864409908946,8.475986251830353e-05,37.05479668950275,-95.62142807837145,0.9988333984654132,0.0,-5.746779937638828e-05,56.076728008160025,-106.24514637786402,0.0,-0.000555891130178468,-25.250245868982653,133.6473009231156,4.568360005564403,0.030201615638467218,-25.25024586898265,133.64730092311564,0.0,51.116797235146514,10.441538556370945,0.0,0.0,56.076728008160025,-106.24514637786403,-0.00015572224079043627,0.1490844227730478,-25.25024586898265,133.6473009231156,0.0,-25.250245868982653,133.6473009231156,0.0,37.05479668950275,-95.62142807837144,1.999087259078869,0.0,37.054796689502744,-95.62142807837147,0.9990444033121042,0.0,0.0010542457953669634,37.054796689502744,-95.62142807837142,1.0118041542128222,0.0019724746761771456,37.054796689502744,-95.62142807837145,0.9990444033121042,0.0,37.05479668950275,-95.62142807837145,1.2545355324007905,0.0,0.0,37.054796689502744,-95.62142807837145,0.9990444033121042,0.0,0.0,37.054796689502744,-95.62142807837145,0.0,37.054796689502744,-95.62142807837145,1.9980888066242084,0.0,0.0,56.07672800816003,-106.24514637786402,0.9990444033121042,0.0,56.076728008160025,-106.24514637786402,0.0,37.054796689502744,-95.62142807837147,0.9990444033121042,0.0,0.0010595407599634254,0.0,0.0,60.94170860203836,0.0,0.0,0.0,0.0,37.054796689502744,-95.62142807837148,0.0,37.054796689502744,-95.62142807837145,0.9990444033121042,0.0,0.0,37.054796689502744,-95.62142807837145,0.9990444033121042,0.0,0.0,0.0,0.0,0.0,0.0,37.054796689502744,-95.62142807837145,1.000143971157381,0.0,0.0,37.054796689502744,-95.62142807837145,10.98948843643315,0.0,0.0,37.054796689502744,-95.62142807837145,4.995222016560524,0.0,0.0,37.054796689502744,-95.62142807837145,1.9980888066242084,0.0,0.0,37.054796689502744,-95.62142807837145,0.0,0.0,37.054796689502744,-95.62142807837145,0.0,0.0,37.054796689502744,-95.62142807837145,0.0,0.0,37.05479668950276,-95.62142807837145,35.98931305241364,0.0,0.0,6.709554765277345e+37,2.1729072528337284e+38,-7.264138167482014e+37,2.537547416443975e+38,-1.8205390263697456e+35,-1.162681583587914e+36,-2.843012305165387e+36,4.406886218190363e+37,6.574466041294574e+36,1.06640319108317e+38,2.9821696096590564e+29,1.1716366594457725e+29,-6.535547370185374,0.16026971283481112,22.922901571400487,2.278386684859253e+47,-5.59354292474364e+49,8.558812005224979e+44,-2.1652045346634785e+49,3.165080049445125e+40,4.7007522449192205e+40,0.7115540277631459,0.3425812880106047,176.9368389946869,104.03206583528868,4.277379366455824,0.20539156762273916,217.95510168429948,30.72563829318971,1.1148952845726872,1.9910613926811718,155.32571315174147,62.29998125584091,320.50174312278057,0.990133966025523,43.232618522801324,93.16785228489385,15.161762708217093,147.5018122655337,214.94086257079277,48.600067306157364,8.262052630559182,2.067992369000832,52.19027345111357,0.758831164263412,40.776436807540456,1.3098607641700113,178.82839065127686,213.20678012121508,1.8061104218927537,209.08995333349847,0.3854114958261253,533.7236479253976,1.1471522211262757,67.92989384036869,212.22336131103958,341.8187833300104,21.847001915680003,40.68973727723428,71.86443116746246,4.885564992556765,15.208625479284937,39.19711873249364,0.4624769094266831,53.8668009854525,46.136283205184355,2.1596427207710747,77.00315272320792,1.1659602641593687,201.2250763573485,50.56872693151828,280.22272102685383,107.73379151370011,74.3326130048782,0.5015156405055221,144.55359756307723,0.6671689795407441,2.0064866910131323,11.44454245881085,0.4747528308411644,0.14933776966993564,0.4995222016560521,2.063287518331313,1.0000428557667649,0.5005084389941408,0.4995222016560521,0.9990444033121042,2.497611008280262,0.9990444033121042,5.494744218216575,0.9506124826040386,3.9965203497408908,1.9936642150852946,100.7760444084785,31.333911444270846,1.5000340257390294,4.49569981490447,38.16154573883231,0.3552088341983435,23179.862927242495,773.6365629108321,3992.549484402871,528.2554440206055,151.85659932096598,6.430364261992303,69.26202612456497,1.0162835591799502,18.646038783336305,28.142402868730883,109.76381163476047,35.39984260346174,0.850360942323478,0.6911725640997793,15.126761956857711,51.855438715659474,28.267659912341415,114.5270245806327,14.754604095195944,0.2744307641612696,1.188777380168092,36.47665517240092,12.638830822096917,18.39677007981455,27.2821267409362,109.95259589272031,7.301538897082899,1.223403245066417,81.0413803732913,23.164508751094537,6.438932594882577,12.025534484312365,3.441152944741692,0.5994266419872623,0.19980888066242092,3.014744346699848,4.605878421725619,3.9900835173822355,1.7847464966136628,1.8836246020094194,2.754838261116106,1.3484993940090584,382.19336020277984,0.5056415654844741,1.6835759412952627,0.34226576899157907
2020-03-05 06:00:00,0.16138722475374367,35.82768568719622,104.09668525574735,35.827685687196215,104.09668525574736,35.827685687196215,104.09668525574736,35.82768568719621,104.09668525574735,35.82768568719621,104.09668525574737,35.827685687196215,104.09668525574736,35.827685687196215,104.09668525574736,35.827685687196215,104.09668525574736,35.827685687196215,104.09668525574736,0.0,35.827685687196215,104.09668525574736,35.827685687196215,104.09668525574736,35.82768568719622,104.09668525574736,35.8276856871962,104.09668525574739,35.82768568719621,104.09668525574737,35.82768568719622,104.09668525574736,35.82768568719622,104.09668525574737,35.82768568719621,104.09668525574737,35.82768568719621,104.09668525574737,35.827685687196215,104.09668525574736,0.0,35.827685687196215,104.09668525574735,35.827685687196215,104.09668525574736,0.0,35.82768568719622,104.09668525574736,0.0,35.82768568719621,104.09668525574737,0.0258665122863364,35.82768568719622,104.09668525574735,0.0,35.82768568719622,104.09668525574736,0.0,37.05510176558118,-95.62221533974916,1.0115040465000105,0.0008477993309556897,1.354423798752627e-05,37.05510176558118,-95.62221533974916,0.9990526285508311,0.0,0.0,37.05510176558119,-95.62221533974916,0.0,2.2831000125032863e-05,37.055101765581185,-95.62221533974916,2.0064793140145247,0.00017722966837227516,6.64599435941382e-05,37.055101765581185,-95.62221533974916,0.9988016659308577,0.0,-6.269480976359675e-05,56.0771896938202,-106.24602110544332,0.0,-0.0005791373917188453,-25.25045375693988,133.64840125554494,4.545941993198502,0.028800442802006783,-25.250453756939876,133.648401255545,0.0,51.11721808516962,10.441624522667356,0.0,0.0,56.0771896938202,-106.24602110544333,-0.00015702990609860927,0.1478866691182079,-25.25045375693988,133.64840125554494,0.0,-25.250453756939876,133.64840125554494,0.0,37.055101765581185,-95.62221533974916,1.999104536159952,0.0,37.05510176558118,-95.62221533974918,0.9990526285508311,0.0,0.0010550357126094027,37.05510176558118,-95.62221533974915,1.011822635460858,0.0019740681162056864,37.05510176558118,-95.62221533974916,0.9990526285508311,0.0,37.05510176558119,-95.62221533974916,1.2593750297761637,0.0,0.0,37.05510176558118,-95.62221533974916,0.9990526285508311,0.0,0.0,37.05510176558118,-95.62221533974916,0.0,37.05510176558118,-95.62221533974916,1.9981052571016622,0.0,0.0,56.0771896938202,-106.24602110544332,0.9990526285508311,0.0,56.0771896938202,-106.24602110544332,0.0,37.05510176558118,-95.62221533974918,0.9990526285508311,0.0,0.001025226486396239,0.0,0.0,60.9422103416007,0.0,0.0,0.0,0.0,37.05510176558118,-95.62221533974918,0.0,37.05510176558118,-95.62221533974916,0.9990526285508311,0.0,0.0,37.05510176558118,-95.62221533974916,0.9990526285508311,0.0,0.0,0.0,0.0,0.0,0.0,37.05510176558118,-95.62221533974916,1.0001528710289989,0.0,0.0,37.05510176558118,-95.62221533974916,10.989578914059146,0.0,0.0,37.05510176558118,-95.62221533974916,4.995263142754157,0.0,0.0,37.05510176558118,-95.62221533974916,1.9981052571016622,0.0,0.0,37.05510176558118,-95.62221533974916,0.0,0.0,37.05510176558118,-95.62221533974916,0.0,0.0,37.05510176558118,-95.62221533974916,0.0,0.0,37.05510176558119,-95.62221533974916,35.98962310773611,0.0,0.0,6.092283809468927e+37,1.97300240314365e+38,-6.579206267383255e+37,2.298283358759315e+38,-1.522419924944582e+35,-9.722887472234993e+35,-2.5175528471762568e+36,3.902399200182735e+37,6.02366291326878e+36,9.770608460629374e+37,2.6946955299187647e+29,1.0586936633889793e+29,-6.535627411237223,0.16059031841689028,22.904089582890503,2.0687778544876786e+47,-5.066130601988429e+49,7.157279103537875e+44,-1.9173384621153934e+49,2.8599738369844366e+40,4.163199583294895e+40,0.7097595447280077,0.34352208190528266,176.9362129449179,104.55023215531351,4.140732341456608,0.20537217665860835,217.6096705061009,31.227241802653833,1.1155291081361123,1.987756918715889,154.67638232896064,62.68003563202318,320.94664027105773,0.9952092012314913,43.240473686705926,93.08069677718322,15.060321657383849,147.36416084142826,214.10220453341935,47.56500584369944,8.201343224076089,2.0758675463920824,52.69826064361843,0.7594458781790796,40.76275304987382,1.3115247358184536,179.18290246197887,213.57248002030278,1.7953383271012875,209.1368837409765,0.3843935266132241,533.3503199500325,1.1489463776053888,68.5434724955553,210.62536323240641,342.12666701867806,21.687536831847492,40.43099313228037,71.8636063134272,4.8599217117343025,15.310915903473067,39.159773474663126,0.4598797229287048,53.91347773303292,45.700128907245784,2.1580582605722713,76.8450298845182,1.163839870553512,200.71809250650657,50.65689857803536,280.4755979492917,107.79470035031284,74.33404117794068,0.5021997631815804,144.8456490463211,0.6707854141657422,2.003158776422768,11.442103149474498,0.5210909864565146,0.1493241196802813,0.49952631427541555,2.0604562747354955,1.0000519076091208,0.5005133483335185,0.49952631427541555,0.9990526285508311,2.4976315713770787,0.9990526285508311,5.494789457029573,0.9590813712206139,3.9965524670842982,1.9934613953331093,100.7769201854109,31.33416941969318,1.4998607496009277,4.495736828478741,38.16185992689327,0.3721357758615138,23219.72770705235,775.58776056694,4028.284727917732,527.5844185359879,150.61829412188123,6.406132221313043,69.20259856176153,1.0145076907915742,18.783382158461855,28.16475173532135,109.74850450959585,35.132858702841204,0.8459494446038843,0.6911931674571069,15.12799414041502,51.91197819946856,28.256700817411996,114.54347396078047,14.826173523678188,0.27620156847644534,1.2151222675768687,36.47364823371105,12.634490391535435,18.430569182980683,27.28094286944072,109.95453228445535,7.30231419856314,1.2257605505859082,81.1480443514435,23.375079644807965,6.41866266910628,12.02563349181556,3.4411812761195293,0.5994315771304983,0.19981052571016628,3.0195294938898036,4.6098614929180535,4.009806476363372,1.7817963380852033,1.9112190009766323,2.7945642004098494,1.3499188465195908,382.56396902123436,0.5120850879247067,1.6861020483442686,0.3435247098967185
2020-03-05 07:00:00,0.16003634088985177,35.827982145181785,104.09754660900037,35.827982145181785,104.09754660900037,35.82798214518178,104.09754660900039,35.82798214518178,104.09754660900037,35.82798214518178,104.09754660900039,35.82798214518178,104.09754660900039,35.82798214518178,104.09754660900037,35.827982145181785,104.09754660900039,35.82798214518178,104.09754660900039,0.0,35.82798214518178,104.09754660900039,35.827982145181785,104.09754660900039,35.827982145181785,104.09754660900039,35.82798214518177,104.09754660900042,35.82798214518178,104.0975466090004,35.82798214518179,104.09754660900039,35.827982145181785,104.0975466090004,35.82798214518178,104.09754660900039,35.82798214518178,104.0975466090004,35.827982145181785,104.09754660900039,0.0,35.82798214518178,104.09754660900037,35.827982145181785,104.09754660900039,0.0,35.82798214518179,104.09754660900039,0.0,35.82798214518177,104.09754660900039,0.025746108673170273,35.827982145181785,104.09754660900037,0.0,35.827982145181785,104.09754660900037,0.0,37.05540837988276,-95.62300657057503,1.0085170699622754,0.0006088183927385193,5.1923240520779235e-06,37.05540837988276,-95.62300657057503,0.9990608952620085,0.0,0.0,37.05540837988277,-95.62300657057503,0.0,6.177179174338132e-06,37.05540837988276,-95.62300657057503,2.0048832584786798,0.00014980814132207337,4.7836823448270394e-05,37.05540837988277,-95.62300657057503,0.9987693545223427,0.0,-6.799660241225275e-05,56.077653707344204,-106.24690024348384,0.0,-0.0006026522020088076,-25.25066269308833,133.64950713595698,4.526207043130148,0.027517686645599015,-25.250662693088323,133.64950713595704,0.0,51.11764105715931,10.441710922414162,0.0,0.0,56.07765370734421,-106.24690024348385,-0.00015832613520075887,0.14634911447821006,-25.25066269308833,133.64950713595698,0.0,-25.250662693088326,133.64950713595698,0.0,37.05540837988277,-95.62300657057501,1.9991218962640103,0.0,37.05540837988276,-95.62300657057504,0.9990608952620085,0.0,0.001055822356279875,37.05540837988276,-95.623006570575,1.0118411847140678,0.001975664606600077,37.05540837988276,-95.62300657057503,0.9990608952620085,0.0,37.05540837988277,-95.62300657057501,1.2660428812276066,0.0,0.0,37.05540837988276,-95.62300657057503,0.9990608952620085,0.0,0.0,37.05540837988276,-95.62300657057501,0.0,37.05540837988276,-95.62300657057503,1.998121790524017,0.0,0.0,56.07765370734421,-106.24690024348384,0.9990608952620085,0.0,56.07765370734421,-106.24690024348384,0.0,37.05540837988276,-95.62300657057503,0.9990608952620085,0.0,0.0009981602582408151,0.0,0.0,60.94271461098253,0.0,0.0,0.0,0.0,37.05540837988276,-95.62300657057503,0.0,37.05540837988276,-95.62300657057503,0.9990608952620085,0.0,0.0,37.05540837988276,-95.62300657057503,0.9990608952620085,0.0,0.0,0.0,0.0,0.0,0.0,37.05540837988276,-95.62300657057503,1.0001618084669648,0.0,0.0,37.05540837988276,-95.62300657057503,10.989669847882096,0.0,0.0,37.05540837988276,-95.62300657057503,4.995304476310045,0.0,0.0,37.05540837988276,-95.62300657057503,1.998121790524017,0.0,0.0,37.05540837988276,-95.62300657057503,0.0,0.0,37.05540837988276,-95.62300657057503,0.0,0.0,37.05540837988276,-95.62300657057503,0.0,0.0,37.05540837988278,-95.62300657057501,35.98993506346364,0.0,0.0,5.463295017146807e+37,1.7693027007640825e+38,-5.881311014291607e+37,2.0544908735942782e+38,-1.2189468257737812e+35,-7.784765968606333e+35,-2.18606429034258e+36,3.388566618472229e+37,5.46227716951006e+36,8.860019608526516e+37,2.401794931626911e+29,9.436186933334492e+28,-6.535707578952488,0.1608058114254118,22.882562263992632,1.8551899579004645e+47,-4.5287362180790803e+49,5.730575711397886e+44,-1.664880699220334e+49,2.549108272155064e+40,3.615687752544957e+40,0.708061268407824,0.3445821596738379,176.92004156765228,105.12570620372823,3.991387338686623,0.20535752136036786,217.2441147580141,31.711761789529426,1.1157834950954673,1.9841321852109635,153.96101895146478,63.09528898919023,321.43957279024613,1.0008346672877877,43.21696711141785,92.97805634346975,14.921846551987473,147.2081441567977,213.2597704870819,46.52501720637507,8.132364673243735,2.084462097675979,53.25204213813178,0.7602210666975961,40.759017466398674,1.3123753745805409,179.38901357527604,213.82406207512338,1.7839365476809583,209.15791787101617,0.38327450977787986,532.9405779863804,1.1509311073916328,69.20591280064201,208.86208680162372,342.4693106772127,21.499757952519325,40.1376525015572,71.86310023761442,4.834167778114679,15.420806807837074,39.11751841775813,0.45694365072437315,53.96535402209612,45.23856673017053,2.156830109927182,76.72794759401577,1.1612473818466895,200.08620803968682,50.69416847936835,280.7549365630779,107.86419419285448,74.33574161583728,0.5029369804142666,145.12754101592387,0.674275675190655,1.9988351033552292,11.440227156048103,0.5731574128389101,0.14919921774162892,0.49953044763100424,2.057876022297675,1.0000610010020017,0.5005182799343043,0.49953044763100424,0.9990608952620085,2.4976522381550224,0.9990608952620085,5.494834923941048,0.9684837759653342,3.9965847433042403,1.9932559508567613,100.77779989171714,31.334428695852587,1.499684128786015,4.495774028679039,38.16217569912088,0.3893844610873136,23263.624577176048,777.7296982742251,4067.1001606676746,526.8465724456028,149.25619944591384,6.379394797241456,69.12129562457952,1.0120812283158611,18.9403541602129,28.189131324089907,109.73170678302809,34.84138888772321,0.8411337292341723,0.6912187177932535,15.129602659804885,51.972899439911785,28.24596549016819,114.55962013072688,14.89636686622763,0.2779372203950936,1.2409434136089184,36.47413869765495,12.635352358748955,18.47323561398575,27.279446278029983,109.95668699714395,7.303254513939815,1.228651252349853,81.25179329041079,23.579797382641765,6.4151515600948334,12.025732998524177,3.441209750346918,0.5994365371572048,0.19981217905240176,3.0259048349701647,4.613587535603731,4.029953417590047,1.7793244048908128,1.9417841410370043,2.8356243840221267,1.3513878243986712,382.98011189871806,0.5193264157167374,1.6887896814757435,0.3448643931068672
2020-03-05 08:00:00,0.15854836717808904,35.828279967765305,104.09841192706777,35.8282799677653,104.09841192706779,35.8282799677653,104.09841192706779,35.8282799677653,104.09841192706777,35.8282799677653,104.0984119270678,35.8282799677653,104.09841192706779,35.8282799677653,104.09841192706779,35.828279967765305,104.09841192706779,35.8282799677653,104.09841192706779,0.0,35.8282799677653,104.09841192706779,35.8282799677653,104.09841192706779,35.828279967765305,104.09841192706779,35.82827996776528,104.09841192706781,35.82827996776529,104.0984119270678,35.82827996776531,104.09841192706779,35.828279967765305,104.0984119270678,35.8282799677653,104.0984119270678,35.8282799677653,104.0984119270678,35.828279967765305,104.09841192706779,0.0,35.8282799677653,104.09841192706777,35.828279967765305,104.09841192706779,0.0,35.82827996776531,104.09841192706779,0.0,35.82827996776529,104.0984119270678,0.025914482683130974,35.828279967765305,104.09841192706777,0.0,35.828279967765305,104.09841192706779,0.0,37.05571640553188,-95.6238014434413,1.0054775532255054,0.00036567350749394656,-3.3016768894514326e-06,37.05571640553188,-95.6238014434413,0.999069200024909,0.0,0.0,37.05571640553189,-95.6238014434413,0.0,-1.0759080226858952e-05,37.05571640553188,-95.6238014434413,2.0032586063707916,0.00012189160718380221,2.8889033787074525e-05,37.05571640553189,-95.6238014434413,0.9987364591003572,0.0,-7.337329130128675e-05,56.07811985672535,-106.24778342820221,0.0,-0.000626434953059668,-25.250872590971174,133.65061810674345,4.510074746236505,0.0264027896591248,-25.250872590971166,133.65061810674348,0.0,51.1180659760917,10.441797719859538,0.0,0.0,56.07811985672536,-106.24778342820224,-0.00015961043175054214,0.14453823748200129,-25.25087259097117,133.65061810674345,0.0,-25.25087259097117,133.65061810674345,0.0,37.05571640553189,-95.62380144344128,1.9991393322935718,0.0,37.05571640553188,-95.62380144344131,0.999069200024909,0.0,0.0010566055536202455,37.05571640553188,-95.62380144344128,1.0118597947166823,0.0019772635778826115,37.05571640553188,-95.6238014434413,0.999069200024909,0.0,37.05571640553189,-95.62380144344128,1.2745711595785778,0.0,0.0,37.05571640553188,-95.6238014434413,0.999069200024909,0.0,0.0,37.05571640553188,-95.62380144344128,0.0,37.05571640553188,-95.6238014434413,1.998138400049818,0.0,0.0,56.07811985672536,-106.24778342820221,0.999069200024909,0.0,56.07811985672536,-106.24778342820223,0.0,37.05571640553188,-95.6238014434413,0.999069200024909,0.0,0.0009769097119366283,0.0,0.0,60.94322120151946,0.0,0.0,0.0,0.0,37.05571640553188,-95.6238014434413,0.0,37.05571640553188,-95.6238014434413,0.999069200024909,0.0,0.0,37.05571640553188,-95.6238014434413,0.999069200024909,0.0,0.0,0.0,0.0,0.0,0.0,37.05571640553188,-95.6238014434413,1.0001707799268378,0.0,0.0,37.05571640553188,-95.6238014434413,10.989761200274001,0.0,0.0,37.05571640553188,-95.6238014434413,4.995346000124547,0.0,0.0,37.05571640553188,-95.6238014434413,1.998138400049818,0.0,0.0,37.05571640553188,-95.6238014434413,0.0,0.0,37.05571640553188,-95.6238014434413,0.0,0.0,37.05571640553188,-95.6238014434413,0.0,0.0,37.055716405531896,-95.62380144344128,35.99024869312432,0.0,0.0,4.8225246596408505e+37,1.56178750699448e+38,-5.170382371910858e+37,1.8061454954976043e+38,-9.100942683841113e+34,-5.812288722475695e+35,-1.8485156322102236e+36,2.865340416887077e+37,4.890249738714024e+36,7.93216953864036e+37,2.1034386698515465e+29,8.264002987998026e+28,-6.5357878459863175,0.16089193439904087,22.858142002620298,1.63760135453331e+47,-3.981305843559539e+49,4.278582132715606e+44,-1.4078076348758896e+49,2.2324524224292898e+40,3.0581655278054155e+40,0.7065307411819536,0.3457518885218841,176.8852244461928,105.7363124327471,3.833164341707911,0.2053466980278757,216.87036292290068,32.17109407259089,1.115672369869405,1.9802975373218576,153.2022857351498,63.52853071261328,321.95998002770847,1.006774809419343,43.15610036539914,92.85926463907306,14.750470562741565,147.03619156267445,212.4276859794204,45.497780722070985,8.05675563796108,2.0935724101834974,53.838610855869035,0.7611131103019134,40.765417733397555,1.3122399781968694,179.41701545216867,213.9355367429967,1.7722736106550112,209.15405779627318,0.3820839914680176,532.5069717991255,1.153017420538266,69.89383020710905,206.9844886575587,342.83325428316914,21.282469142469285,39.814298151190975,71.86285237504924,4.808733967018117,15.534641323170067,39.071328215759664,0.4537359595128047,54.020753281123866,44.76654422841635,2.1561515126126456,76.67342645601063,1.1581798904328213,199.32864069878823,50.682488921590235,281.0483177117321,107.9428334879414,74.33778276006558,0.5037020264603891,145.39451158390025,0.6775806493064679,1.9934941246318048,11.43880701256018,0.6311053419424428,0.14894088852780898,0.4995346000124545,2.0556425690049815,1.000070132268663,0.5005232318013958,0.4995346000124545,0.999069200024909,2.4976730000622736,0.999069200024909,5.494880600137001,0.9786070241550657,3.9966171651092197,1.9930478775099476,100.77868317361562,31.334689165461775,1.4995041410307324,4.495811400112092,38.162492924850014,0.40665002463329214,23309.343460690623,779.9564157575641,4107.186946017662,526.0614463612201,147.8065294306949,6.3509234108310055,69.02055802719664,1.0090767595346462,19.118237570084272,28.21492601566437,109.71387124132563,34.53285883267543,0.8360362999314958,0.6912504679158104,15.13168328824716,52.03611749144432,28.235654566480882,114.5751859949839,14.963914788296062,0.2796060334354434,1.265768582943582,36.47812957668965,12.64143603161555,18.522358620624992,27.27759456347026,109.95908857113547,7.304382108673437,1.232148792043753,81.34967322158155,23.77282000056053,6.428706008043338,12.025832963262793,3.4412383556413526,0.5994415200149451,0.19981384000498187,3.03361171518117,4.617366260745539,4.0501562176158,1.7775293598711837,1.9751057254488895,2.8772923118426528,1.3528803428846465,383.4429796520669,0.5273864586820841,1.691611458317028,0.34627112914605923
2020-03-05 09:00:00,0.15695045498827176,35.82857903357079,104.09928085729383,35.82857903357078,104.09928085729383,35.828579033570776,104.09928085729385,35.828579033570776,104.09928085729382,35.82857903357077,104.09928085729385,35.828579033570776,104.09928085729385,35.82857903357078,104.09928085729385,35.828579033570776,104.09928085729385,35.82857903357078,104.09928085729385,0.0,35.828579033570776,104.09928085729385,35.82857903357078,104.09928085729385,35.82857903357078,104.09928085729385,35.82857903357077,104.09928085729388,35.828579033570776,104.09928085729386,35.82857903357078,104.09928085729385,35.82857903357079,104.09928085729386,35.828579033570776,104.09928085729385,35.828579033570776,104.09928085729386,35.828579033570776,104.09928085729385,0.0,35.828579033570776,104.09928085729383,35.82857903357078,104.09928085729385,0.0,35.82857903357078,104.09928085729385,0.0,35.828579033570776,104.09928085729385,0.02636725568953813,35.82857903357079,104.09928085729383,0.0,35.82857903357079,104.09928085729385,0.0,37.05602571699435,-95.62459963440182,1.00238525793565,0.00011834646875652499,-1.1938341376256656e-05,37.05602571699435,-95.62459963440182,0.999077539454971,0.0,0.0,37.056025716994355,-95.62459963440182,0.0,-2.7978912322049188e-05,37.05602571699435,-95.62459963440182,2.0016052180551944,9.347767723777434e-05,9.615152537029159e-06,37.056025716994355,-95.62459963440182,0.9987029746671661,0.0,-7.882497622888757e-05,56.07858795198697,-106.2486702996613,0.0,-0.0006504849701365195,-25.251083365045655,133.65173371513416,4.4983383656765765,0.025498281782341734,-25.25108336504565,133.65173371513418,0.0,51.118492668793365,10.441884879629658,0.0,0.0,56.07858795198697,-106.24867029966131,-0.00016088229412564593,0.14254767792337833,-25.251083365045652,133.65173371513416,0.0,-25.251083365045652,133.65173371513416,0.0,37.056025716994355,-95.62459963440182,1.9991568372268307,0.0,37.05602571699435,-95.62459963440185,0.999077539454971,0.0,0.0010573851347933268,37.05602571699435,-95.6245996344018,1.0118784583248224,0.0019788644712698915,37.05602571699435,-95.62459963440182,0.999077539454971,0.0,37.056025716994355,-95.62459963440182,1.2848964883384986,0.0,0.0,37.05602571699435,-95.62459963440182,0.999077539454971,0.0,0.0,37.05602571699435,-95.62459963440182,0.0,37.05602571699435,-95.62459963440182,1.998155078909942,0.0,0.0,56.078587951986975,-106.2486702996613,0.999077539454971,0.0,56.078587951986975,-106.24867029966128,0.0,37.05602571699435,-95.62459963440183,0.999077539454971,0.0,0.0009603052812926266,0.0,0.0,60.943729906753234,0.0,0.0,0.0,0.0,37.05602571699435,-95.62459963440182,0.0,37.05602571699435,-95.62459963440182,0.999077539454971,0.0,0.0,37.05602571699435,-95.62459963440182,0.999077539454971,0.0,0.0,0.0,0.0,0.0,0.0,37.05602571699435,-95.62459963440182,1.0001797819027527,0.0,0.0,37.05602571699435,-95.62459963440182,10.989852934004684,0.0,0.0,37.05602571699435,-95.62459963440182,4.9953876972748565,0.0,0.0,37.05602571699435,-95.62459963440182,1.998155078909942,0.0,0.0,37.05602571699435,-95.62459963440182,0.0,0.0,37.05602571699435,-95.62459963440182,0.0,0.0,37.05602571699435,-95.62459963440182,0.0,0.0,37.056025716994355,-95.62459963440182,35.99056379548999,0.0,0.0,4.169910519347284e+37,1.3504366724971198e+38,-4.446351982796043e+37,1.5532233454828418e+38,-5.958375390276741e+34,-3.805297900258408e+35,-1.5048766753540478e+36,2.3326737871116433e+37,4.3075228909706005e+36,6.986964610878737e+37,1.7995983050961023e+29,7.07027306460992e+28,-6.535868185324725,0.1608330885023807,22.830692117360403,1.415990916939021e+47,-3.42378684172374e+49,2.8011821819427414e+44,-1.1460962710804804e+49,1.909976103983674e+40,2.490583013639058e+40,0.7052312333272333,0.34701840218714675,176.82973497455498,106.3589520589712,3.669832956564915,0.20533898573234655,216.50015888278372,32.59813051680267,1.115233064758658,1.976387342223783,152.42772158243258,63.961926186129084,322.48644363116836,1.0127842460662964,43.054007355778595,92.72449626890302,14.551137402578842,146.85145978468006,211.61962147690767,44.50043563251187,7.976529764897526,2.1029815180698095,54.44410611391738,0.7620706012342664,40.78179998711098,1.3110048121955977,179.24766964346247,213.89033150001015,1.7607121737784932,209.12791601506817,0.38085413189877,532.0647834631982,1.155112814246929,70.58303814574076,205.0477751137468,343.2044676367002,21.0360036586714,39.466888473554384,71.86281437213353,4.784037094267262,15.648716866200617,39.02239840174436,0.4503391583563806,54.07776478942457,44.29877387838227,2.156194183851964,76.7005529703519,1.154656427354273,198.45042809049139,50.626944457834455,281.3428344808814,108.03104939174347,74.3402489757945,0.504469294462206,145.64239144940817,0.6806485799249069,1.9871596869958108,11.437757014994276,0.6949504380843383,0.1485346382888147,0.4995387697274855,2.053838450666004,1.0000792977718596,0.5005282019631204,0.4995387697274855,0.999077539454971,2.4976938486374283,0.999077539454971,5.494926467002342,0.9891947123336262,3.996649719348727,1.9928371718382527,100.77956968113847,31.334950722367747,1.4993207645869868,4.495848927547371,38.16281147479704,0.42358897918497507,23354.59148785487,782.1580527872202,4146.673657236139,525.2503098242591,146.3086804942273,6.32155391716842,68.90330574567751,1.005581124922855,19.31801941221987,28.24152953728947,109.6954437935007,34.21458150982448,0.8307778004301389,0.6912899615564199,15.134354005646372,52.0995192603901,28.22596479275758,114.58989982401182,15.027573469794877,0.2811769352099758,1.2891346927595124,36.48568863546275,12.65285721444546,18.575096641010013,27.27534079158755,109.96176865131177,7.305721636753113,1.2363342475726011,81.4387673141058,23.948377565493942,6.459057703591663,12.025933345291318,3.4412670803448995,0.5994465236729823,0.19981550789099428,3.042331482283552,4.6215739023226,4.070002897056125,1.776586545948771,2.0108735229261745,2.9187704972492328,1.3543679801081134,383.95267743366736,0.5362670934723913,1.6945315541442516,0.3477270073446399
2020-03-05 10:00:00,0.1552756635631175,35.82887922252401,104.10015305080513,35.82887922252401,104.10015305080515,35.82887922252401,104.10015305080515,35.82887922252401,104.10015305080512,35.828879222524,104.10015305080515,35.82887922252401,104.10015305080515,35.82887922252401,104.10015305080515,35.82887922252401,104.10015305080515,35.82887922252401,104.10015305080515,0.0,35.828879222524,104.10015305080515,35.828879222524,104.10015305080515,35.828879222524016,104.10015305080515,35.828879222523994,104.10015305080518,35.828879222524,104.10015305080516,35.82887922252401,104.10015305080515,35.82887922252401,104.10015305080516,35.82887922252401,104.10015305080515,35.82887922252401,104.10015305080516,35.82887922252401,104.10015305080515,0.0,35.82887922252401,104.10015305080513,35.82887922252401,104.10015305080515,0.0,35.82887922252401,104.10015305080515,0.0,35.828879222524,104.10015305080515,0.027090419873574835,35.82887922252401,104.10015305080513,0.0,35.82887922252401,104.10015305080515,0.0,37.056336190082334,-95.62540082298483,0.9992399533544507,-0.000133180323422466,-2.0718224555019843e-05,37.056336190082334,-95.62540082298483,0.9990859102039331,0.0,0.0,37.056336190082334,-95.62540082298483,0.0,-4.548340864558159e-05,37.05633619008233,-95.62540082298483,1.999922958030731,6.456403141139044e-05,-9.98619509760823e-06,37.056336190082334,-95.62540082298483,0.9986688963690163,0.0,-8.43517425585874e-05,56.07905780518991,-106.24956050178426,0.0,-0.0006748015107989058,-25.251294930686484,133.65285351321498,4.491642795796489,0.02483871116720444,-25.251294930686477,133.652853513215,0.0,51.118920963948206,10.441972366730075,0.0,0.0,56.07905780518991,-106.24956050178429,-0.00016214121544530676,0.1404905654694394,-25.25129493068648,133.65285351321498,0.0,-25.25129493068648,133.65285351321498,0.0,37.05633619008234,-95.62540082298483,1.9991744041179123,0.0,37.056336190082334,-95.62540082298484,0.9990859102039331,0.0,0.001058160932873307,37.056336190082334,-95.62540082298482,1.0118971684978986,0.0019804667375804535,37.056336190082334,-95.62540082298483,0.9990859102039331,0.0,37.05633619008234,-95.62540082298482,1.2968596240451644,0.0,0.0,37.056336190082334,-95.62540082298483,0.9990859102039331,0.0,0.0,37.056336190082334,-95.62540082298482,0.0,37.056336190082334,-95.62540082298483,1.9981718204078662,0.0,0.0,56.07905780518991,-106.24956050178426,0.9990859102039331,0.0,56.07905780518991,-106.24956050178427,0.0,37.056336190082334,-95.62540082298483,0.9990859102039331,0.0,0.0009473972810317226,0.0,0.0,60.944240522439934,0.0,0.0,0.0,0.0,37.056336190082334,-95.62540082298482,0.0,37.056336190082334,-95.62540082298483,0.9990859102039331,0.0,0.0,37.056336190082334,-95.62540082298483,0.9990859102039331,0.0,0.0,0.0,0.0,0.0,0.0,37.056336190082334,-95.62540082298483,1.0001888109275432,0.0,0.0,37.056336190082334,-95.62540082298483,10.989945012243266,0.0,0.0,37.056336190082334,-95.62540082298483,4.995429551019668,0.0,0.0,37.056336190082334,-95.62540082298483,1.9981718204078662,0.0,0.0,37.056336190082334,-95.62540082298483,0.0,0.0,37.056336190082334,-95.62540082298483,0.0,0.0,37.056336190082334,-95.62540082298483,0.0,0.0,37.05633619008234,-95.62540082298483,35.990880188921665,0.0,0.0,3.5053919275511516e+37,1.1352305495470995e+38,-3.7091532102190224e+37,1.2957011456527724e+38,-2.7615268810422587e+34,-1.7636405485789275e+35,-1.1551180469105189e+36,1.7905211989639721e+37,3.714040271867987e+36,6.024313416259311e+37,1.4902461208322616e+29,5.854888270299714e+28,-6.535948570285039,0.16062357614808315,22.800132208718935,1.1903380436328365e+47,-2.85612790085444e+49,1.2982632659846523e+44,-8.797242378086143e+48,1.581649900305048e+40,1.9128916762369952e+40,0.7042157365470404,0.3483652459013903,176.7528282924123,106.97098444528937,3.5049729981152957,0.20533381896973252,216.14471847575106,32.986906512990835,1.1145236560713012,1.9725508248529666,151.66786568315592,64.37809484673076,322.997985662743,1.0186226414110273,42.90935831996942,92.57472903353035,14.329337260026541,146.65779252056953,210.84843907828088,43.54913983753483,7.894020644191023,2.112467489334583,55.05434851409681,0.7630378642620759,40.80767242513631,1.308624189331921,178.87378023906746,213.68263078392218,1.7495983775247939,209.08353063712707,0.3796183102031588,531.6309850078273,1.1571268503091447,71.25001352687462,203.1089290070281,343.5691868920053,20.762155567287767,39.102680427519594,71.86294825987315,4.760469259983296,15.759483613392707,38.972113348990376,0.44684878773696257,54.13437253366901,43.849301970131705,2.1570984999169776,76.82488668770841,1.1507209017303044,197.46317539663443,50.53539356153757,281.6258700876021,108.12909527655981,74.34324366829138,0.505214204378479,145.8676914135345,0.6834361536436614,1.9798985146689396,11.437009969683833,0.764539724523393,0.14797514233489503,0.49954295510196656,2.0525307108765656,1.000088493913979,0.5005331884707569,0.49954295510196656,0.9990859102039331,2.497714775509834,0.9990859102039331,5.494972506121633,0.9999544280814958,3.996682393013751,1.9926238310889288,100.78045906814434,31.335213261556024,1.4991339782334188,4.4958865959177,38.1631312210649,0.4398290255145467,23397.128859310484,784.2273634628372,4183.737312255906,524.4352385670322,144.80353147535632,6.292149107913316,68.77278192085954,1.001690775488815,19.54028003812467,28.268367397500235,109.6768469532621,33.893486985871654,0.8254725492893534,0.6913390903122547,15.137759345404994,52.161076385561486,28.217078719089105,114.60350945990993,15.08619016005579,0.2826210943089152,1.3106120596008473,36.49694600983304,12.66982465703523,18.628372004808988,27.272634341858005,109.9647614092186,7.307299695624443,1.241294909141914,81.51631118348533,24.101000819241282,6.5053681416356035,12.026034104306603,3.4412959129246583,0.5994515461223597,0.19981718204078672,3.0516969889412504,4.626625656030617,4.08904890945968,1.7766416598908992,2.048672131725767,2.9592149120010087,1.3558207577510484,384.50797723653056,0.5459468263081482,1.6975057971932033,0.34920994349463463
2020-03-05 11:00:00,0.15356208886003067,35.8291804158571,104.10102816252378,35.8291804158571,104.10102816252378,35.8291804158571,104.10102816252379,35.8291804158571,104.10102816252376,35.82918041585709,104.10102816252379,35.8291804158571,104.10102816252378,35.8291804158571,104.10102816252378,35.829180415857095,104.10102816252379,35.8291804158571,104.10102816252378,0.0,35.829180415857095,104.10102816252378,35.829180415857095,104.10102816252378,35.8291804158571,104.10102816252378,35.82918041585709,104.10102816252382,35.829180415857095,104.10102816252379,35.8291804158571,104.10102816252378,35.8291804158571,104.1010281625238,35.8291804158571,104.10102816252379,35.8291804158571,104.10102816252379,35.829180415857095,104.10102816252378,0.0,35.8291804158571,104.10102816252376,35.8291804158571,104.10102816252378,0.0,35.8291804158571,104.10102816252378,0.0,35.829180415857095,104.10102816252379,0.0280606566548443,35.8291804158571,104.10102816252376,0.0,35.8291804158571,104.10102816252378,0.0,37.05664770195911,-95.62620469220506,0.9960414165320621,-0.00038892384879352093,-2.964185971102845e-05,37.05664770195911,-95.62620469220506,0.9990943089599611,0.0,0.0,37.056647701959115,-95.62620469220506,0.0,-6.327361709018708e-05,37.0566477019591,-95.62620469220506,1.9982116950249238,3.514841989610967e-05,-2.9916335567585495e-05,37.05664770195911,-95.62620469220505,0.9986342194983538,0.0,-8.995366096335722e-05,56.0795292304397,-106.25045368236825,0.0,-0.0006993837639353156,-25.251507204189036,133.65397705794484,4.490467692563912,0.024449873831101396,-25.251507204189032,133.65397705794487,0.0,51.11935069210391,10.44206014654707,0.0,0.0,56.079529230439704,-106.25045368236827,-0.0001633866835889469,0.13849072763911702,-25.251507204189032,133.65397705794484,0.0,-25.251507204189032,133.65397705794484,0.0,37.05664770195911,-95.62620469220506,1.9991920260971272,0.0,37.05664770195911,-95.62620469220506,0.9990943089599611,0.0,0.001058932783835845,37.05664770195911,-95.62620469220505,1.011915918292359,0.0019820698364368004,37.05664770195911,-95.62620469220506,0.9990943089599611,0.0,37.05664770195911,-95.62620469220506,1.3102096101477434,0.0,0.0,37.05664770195911,-95.62620469220506,0.9990943089599611,0.0,0.0,37.0566477019591,-95.62620469220506,0.0,37.05664770195911,-95.62620469220506,1.9981886179199222,0.0,0.0,56.0795292304397,-106.25045368236825,0.9990943089599611,0.0,56.079529230439704,-106.25045368236825,0.0,37.05664770195911,-95.62620469220508,0.9990943089599611,0.0,0.0009374186229559509,0.0,0.0,60.944752846557634,0.0,0.0,0.0,0.0,37.05664770195911,-95.62620469220506,0.0,37.05664770195911,-95.62620469220506,0.9990943089599611,0.0,0.0,37.05664770195911,-95.62620469220506,0.9990943089599611,0.0,0.0,0.0,0.0,0.0,0.0,37.05664770195911,-95.62620469220506,1.0001978635728563,0.0,0.0,37.05664770195911,-95.62620469220506,10.990037398559574,0.0,0.0,37.05664770195911,-95.62620469220506,4.995471544799807,0.0,0.0,37.05664770195911,-95.62620469220506,1.9981886179199222,0.0,0.0,37.05664770195911,-95.62620469220506,0.0,0.0,37.05664770195911,-95.62620469220506,0.0,0.0,37.05664770195911,-95.62620469220506,0.0,0.0,37.056647701959115,-95.62620469220506,35.99119770701719,0.0,0.0,2.8289098026317553e+37,9.161500044032266e+37,-2.958721180445106e+37,1.0335562339693895e+38,4.898345224101831e+33,3.1283129334590912e+34,-7.99211218303602e+35,1.2388384309724223e+37,3.109746936937515e+36,5.044126832782752e+37,1.1753551412073932e+29,4.617742622169929e+28,-6.5360289745162925,0.16026813243371663,22.766454457954374,9.606226720649671e+46,-2.2782790667786703e+49,-2.302835330741921e+43,-6.086698080344864e+48,1.2474451809849183e+40,1.3250443759232531e+40,0.703525401064074,0.34977217537440064,176.65515383744315,107.55158584669823,3.341863117192946,0.20533076510886103,215.81445893091367,33.33265851558544,1.1136189251451087,1.9689412555062278,150.9540473221043,64.76118017186336,323.47535086804123,1.0240693963693526,42.7235764596298,92.41165419451818,14.0908338250987,146.4596191419705,210.12590616543602,42.65871167507254,7.811787066263871,2.121811631075447,55.65536341439611,0.7639588020110024,40.84221648065299,1.3051248600700542,178.30094333742642,213.31794389596152,1.7392534598260043,209.02608567237877,0.37840984910061,531.2230085985809,1.1589766888858002,71.8733457301512,201.22441859440642,343.91473767919246,20.46401650522463,38.73003766880019,71.86322494739927,4.738389132345302,15.863737591496099,38.92199066069085,0.4433695819948725,54.188595642912304,43.43116908710371,2.1589656789948592,77.05758896091803,1.1464429594954026,196.38526030947926,50.41792606884103,281.88586974240303,108.23699524403327,74.34689282738258,0.5059145337523528,146.0676370301699,0.6859089304246978,1.9718150225876532,11.43651451314544,0.8395221147071059,0.14726705019132116,0.49954715447998055,2.0517692887195453,1.0000977171371659,0.500538189398199,0.49954715447998055,0.9990943089599611,2.4977357723999036,0.9990943089599611,5.495018699279787,1.0105678728277712,3.996715173237268,1.9924078532207363,100.78135099233039,31.335476679154628,1.4989437612867635,4.495924390319825,38.16345203714799,0.45498196094904264,23434.90466326864,786.0662292561383,4216.714457977122,523.6382710203889,143.33189004964436,6.263563976798207,68.63239150656176,0.9975069743461527,19.78507536368976,28.29491476680651,109.65846667395058,33.575907112683595,0.8202249810879558,0.6914001584082858,15.14207533832098,52.21895505220241,28.209154176173993,114.61579682011974,15.138770057959533,0.28391358131324834,1.3298291549344667,36.51208928750067,12.69263269319723,18.67908357540626,27.26942208700604,109.96810273597622,7.309144204576944,1.2471222754253974,81.57981273287788,24.22575881533474,6.566246350211331,12.026135200443976,3.4413248419731985,0.5994565853759763,0.1998188617919923,3.0613066403934113,4.63294433421949,4.106832115478385,1.777805391976652,2.087976044635625,2.997767058901278,1.3572082972175374,385.1060833507529,0.5563766825658827,1.7004822517323235,0.35069397138618086
2020-03-05 12:00:00,0.15185153885834216,35.829482496112824,104.1019058511799,35.82948249611283,104.1019058511799,35.829482496112824,104.1019058511799,35.829482496112824,104.10190585117988,35.82948249611282,104.1019058511799,35.829482496112824,104.1019058511799,35.82948249611283,104.10190585117988,35.829482496112824,104.10190585117988,35.82948249611283,104.1019058511799,0.0,35.829482496112824,104.1019058511799,35.829482496112824,104.1019058511799,35.82948249611283,104.10190585117988,35.82948249611282,104.10190585117991,35.829482496112824,104.1019058511799,35.82948249611283,104.1019058511799,35.829482496112824,104.10190585117992,35.82948249611283,104.10190585117991,35.82948249611283,104.10190585117991,35.829482496112824,104.1019058511799,0.0,35.829482496112824,104.10190585117988,35.829482496112824,104.1019058511799,0.0,35.82948249611283,104.1019058511799,0.0,35.829482496112824,104.1019058511799,0.02924589322080207,35.829482496112824,104.10190585117988,0.0,35.829482496112824,104.10190585117988,0.0,37.056960131143484,-95.62701092857533,0.9927894324805919,-0.0006489004531600173,-3.870975779710767e-05,37.056960131143484,-95.62701092857533,0.9991027324477675,0.0,0.0,37.05696013114349,-95.62701092857533,0.0,-8.135054096990862e-05,37.05696013114347,-95.62701092857533,1.996471302088655,5.228664773912484e-06,-5.0176545905708525e-05,37.056960131143484,-95.6270109285753,0.9985989394960395,0.0,-9.563078716920762e-05,56.080002043893266,-106.25134949309701,0.0,-0.0007242308487974275,-25.2517201027724,133.65510391117175,4.495115302614825,0.0243483102151068,-25.2517201027724,133.65510391117175,0.0,51.11978168567815,10.442148184848888,0.0,0.0,56.080002043893266,-106.25134949309704,-0.00016461818121625256,0.1366734286149201,-25.2517201027724,133.65510391117172,0.0,-25.2517201027724,133.65510391117175,0.0,37.056960131143484,-95.62701092857532,1.9992096963712072,0.0,37.056960131143484,-95.62701092857532,0.9991027324477675,0.0,0.0010597005265479496,37.056960131143484,-95.62701092857532,1.0119347008571609,0.001983673235683656,37.056960131143484,-95.62701092857533,0.9991027324477675,0.0,37.056960131143484,-95.62701092857532,1.3246126624469794,0.0,0.0,37.056960131143484,-95.62701092857533,0.9991027324477675,0.0,0.0,37.05696013114348,-95.62701092857532,0.0,37.056960131143484,-95.62701092857533,1.998205464895535,0.0,0.0,56.080002043893266,-106.25134949309701,0.9991027324477675,0.0,56.080002043893266,-106.25134949309701,0.0,37.056960131143484,-95.62701092857533,0.9991027324477675,0.0,0.0009297527992568107,0.0,0.0,60.94526667931382,0.0,0.0,0.0,0.0,37.056960131143484,-95.62701092857532,0.0,37.056960131143484,-95.62701092857533,0.9991027324477675,0.0,0.0,37.056960131143484,-95.62701092857533,0.9991027324477675,0.0,0.0,0.0,0.0,0.0,0.0,37.056960131143484,-95.62701092857533,1.0002069364492616,0.0,0.0,37.056960131143484,-95.62701092857533,10.990130056925445,0.0,0.0,37.056960131143484,-95.62701092857533,4.99551366223884,0.0,0.0,37.056960131143484,-95.62701092857533,1.998205464895535,0.0,0.0,37.056960131143484,-95.62701092857533,0.0,0.0,37.056960131143484,-95.62701092857533,0.0,0.0,37.056960131143484,-95.62701092857533,0.0,0.0,37.05696013114349,-95.62701092857532,35.991516195272034,0.0,0.0,2.1404066884934386e+37,6.93176429755409e+37,-2.1949928252676554e+37,7.667665791112097e+37,3.795932504349554e+34,2.4242604807796098e+35,-4.371285250805127e+35,6.775826011225201e+36,2.4945893863137027e+36,4.046318081647535e+37,8.54899148855027e+28,3.358733117268937e+28,-6.536109371999566,0.15978170709478037,22.72974009339026,7.268252916703948e+46,-1.6901917756188504e+49,-1.784563374836671e+44,-3.329119128382567e+48,9.073341206235544e+39,7.269953998128682e+39,0.7031883980993497,0.3512151583544223,176.5387650108893,108.08298950629728,3.183400861904549,0.20532950641362863,215.51880357137995,33.631788079653866,1.1126052521311791,1.9657043903722164,150.31602490096668,65.09783884854879,323.90218519462695,1.0289371509079452,42.50085251237395,92.23754595555027,13.841401857855084,146.26180065912462,209.4624864794606,41.84236769538441,7.7324855444755745,2.1308059839898874,56.23385913868407,0.7647808082495408,40.88430635332514,1.3006054503076945,177.54742675089622,212.8128591108262,1.729967708954066,208.96155763062254,0.37726092397397487,530.8574317467752,1.1605922063001872,72.43506721306908,199.44819251418963,344.23028689934614,20.145738166310263,38.35813925591971,71.86362302104062,4.71811559074937,15.958795014795854,38.873606098321865,0.4400102887771969,54.23863087406192,43.0561652074972,2.1618523019965874,77.40481244149876,1.1419166749766563,195.24147362375825,50.28617762454268,282.1130545246509,108.35449210930958,74.35134899928538,0.5065516199568048,146.24014820237662,0.6880410902901863,1.9630440518861985,11.436232977278255,0.9193229086061719,0.1464250547418274,0.49955136622388374,2.051585949605811,1.0001069639234397,0.5005432028417256,0.49955136622388374,0.9991027324477675,2.49775683111942,0.9991027324477675,5.495065028462722,1.0207032000653118,3.9967480472947026,1.9921892369137701,100.78224511524373,31.335740872437825,1.498750093613267,4.4959622960149535,38.16377379793674,0.46865919981333015,23466.18383452128,787.59174750041,4244.205042855588,522.880686787429,141.9331639998754,6.23661532624887,68.48554615546333,0.9931311837872572,20.051817895352883,28.320709276138672,109.64064292539365,33.26742148260682,0.8151270991442955,0.691475955268239,15.147515052677406,52.271615200359285,28.20231437597328,114.62659154145592,15.184539162887308,0.28503493135513386,1.3464958934282354,36.53135587530945,12.721649789948488,18.724323144825874,27.265649964501588,109.97182916704297,7.311283576610713,1.2539093725851398,81.62716788162747,24.318488407814957,6.6397809377360035,12.026236594278682,3.4413538562089756,0.5994616394686603,0.19982054648955355,3.0707407175709207,4.640927341482641,4.122890867123203,1.7801490379023537,2.128150315267941,3.0335924994939227,1.3585012102343883,385.7424294440258,0.5674766505355239,1.7034023425975897,0.35214980507491084
2020-03-05 13:00:00,0.15018786336941564,35.82978534714866,104.10278577932348,35.82978534714866,104.10278577932348,35.82978534714866,104.1027857793235,35.82978534714866,104.10278577932347,35.82978534714864,104.1027857793235,35.82978534714866,104.10278577932348,35.82978534714866,104.10278577932348,35.82978534714866,104.10278577932347,35.82978534714866,104.10278577932348,0.0,35.82978534714865,104.10278577932348,35.82978534714865,104.10278577932348,35.82978534714866,104.10278577932347,35.82978534714864,104.1027857793235,35.82978534714865,104.10278577932348,35.82978534714866,104.10278577932348,35.82978534714866,104.10278577932351,35.82978534714866,104.1027857793235,35.82978534714866,104.1027857793235,35.82978534714865,104.10278577932348,0.0,35.82978534714866,104.10278577932347,35.82978534714865,104.10278577932348,0.0,35.82978534714866,104.10278577932348,0.0,35.82978534714866,104.1027857793235,0.030606128606942316,35.82978534714866,104.10278577932347,0.0,35.82978534714866,104.10278577932347,0.0,37.05727335751403,-95.62781922211727,0.9894837943489314,-0.0009131258345238535,-4.792240695907293e-05,37.05727335751403,-95.62781922211727,0.9991111774287256,0.0,0.0,37.05727335751402,-95.62781922211727,0.0,-9.971513807626592e-05,37.05727335751401,-95.62781922211727,1.9947016566915599,-2.5197338343663223e-05,-7.076805264600444e-05,37.05727335751401,-95.62781922211725,0.9985630519535724,0.0,-0.00010138316169735345,56.08047606376531,-106.25224758955308,0.0,-0.0007493418140301633,-25.251933544582236,133.65623363964792,4.5057025816112155,0.024541037775030382,-25.251933544582236,133.65623363964795,0.0,51.120213778964356,10.442236447786941,0.0,0.0,56.08047606376531,-106.2522475895531,-0.0001658351857884788,0.13515628622249706,-25.25193354458224,133.65623363964792,0.0,-25.251933544582236,133.65623363964792,0.0,37.05727335751402,-95.62781922211727,1.999227408223533,0.0,37.05727335751403,-95.62781922211727,0.9991111774287256,0.0,0.0010604640027575911,37.05727335751403,-95.62781922211727,1.011953509430507,0.001985276410964641,37.05727335751403,-95.62781922211727,0.9991111774287256,0.0,37.05727335751402,-95.62781922211727,1.3396657761287891,0.0,0.0,37.05727335751403,-95.62781922211727,0.9991111774287256,0.0,0.0,37.05727335751402,-95.62781922211727,0.0,37.05727335751403,-95.62781922211727,1.9982223548574511,0.0,0.0,56.08047606376531,-106.25224758955308,0.9991111774287256,0.0,56.08047606376531,-106.25224758955305,0.0,37.05727335751403,-95.62781922211728,0.9991111774287256,0.0,0.0009239066727300105,0.0,0.0,60.94578182315227,0.0,0.0,0.0,0.0,37.05727335751403,-95.62781922211725,0.0,37.05727335751403,-95.62781922211727,0.9991111774287256,0.0,0.0,37.05727335751403,-95.62781922211727,0.9991111774287256,0.0,0.0,0.0,0.0,0.0,0.0,37.05727335751403,-95.62781922211727,1.0002160262063517,0.0,0.0,37.05727335751403,-95.62781922211727,10.990222951715985,0.0,0.0,37.05727335751403,-95.62781922211727,4.99555588714363,0.0,0.0,37.05727335751403,-95.62781922211727,1.9982223548574511,0.0,0.0,37.05727335751403,-95.62781922211727,0.0,0.0,37.05727335751403,-95.62781922211727,0.0,0.0,37.05727335751403,-95.62781922211727,0.0,0.0,37.05727335751402,-95.62781922211727,35.991835508525405,0.0,0.0,1.4398267933128683e+37,4.662917572721443e+37,-1.4179069248903748e+37,4.953107954527341e+37,7.156982576549501e+34,4.570784649644151e+35,-6.884318690674633e+34,1.0671219784970637e+36,1.8685155996803745e+36,3.0308027839393825e+37,5.288527028529578e+28,2.0777598031398553e+28,-6.536189737048283,0.15918852138624556,22.69017500035738,4.889269570265687e+46,-1.0918188868113432e+49,-3.364677576808812e+44,-5.243015663381843e+47,5.612897178870852e+39,1.1870049469528928e+39,0.7032191797224724,0.3526666199849015,176.4070275447446,108.5515110505331,3.0320546610076144,0.2053298264111486,215.2660568658579,33.881740774854435,1.1115748229729019,1.9629670921243658,149.77966301260554,65.37807543195893,324.26602212354913,1.0330830844708945,42.247960365703676,92.05510396833006,13.586591694229002,146.06943551122117,208.86721009326976,41.11155812694142,7.6587204158644635,2.139259601525792,56.77762763848567,0.7654584718714473,40.93253800062935,1.2952310951400667,176.64320556412642,212.1940102509115,1.7219966035075438,208.89631466324724,0.37620169319444074,530.5486829993612,1.161920320565634,72.92176273990961,197.83001991927648,344.5074652714878,19.812245653575697,37.996612599390154,71.86412783370916,4.699923773024606,16.04263421551885,38.82850515287275,0.4368775667352749,54.28298667815562,42.73467328787775,2.1657673710052143,77.86737375047379,1.1372572046650715,194.06212977141297,50.15255209762384,282.3000247514231,108.48099809040583,74.35679566081953,0.5071113406613041,146.38376851318662,0.6898145559890184,1.9537422553836523,11.436139773016322,1.0031249344633368,0.1454732367236452,0.4995555887143628,2.051993696690138,1.0001162307948077,0.5005482269198452,0.4995555887143628,0.9991111774287256,2.497777943571815,0.9991111774287256,5.495111475857993,1.0300291620049236,3.9967810026043598,1.991967981579327,100.78314110229196,31.33600573982972,1.4985529556401789,4.496000298429265,38.164096379721926,0.48048909970717507,23489.656299828195,788.7414648888773,4265.161679829068,522.1824314485124,140.64430208931682,6.2120566123705805,68.33552502948054,0.9886609259341336,20.339163943326074,28.345358671378403,109.62366405809028,32.972765394165975,0.8102569520377034,0.6915698354376042,15.154334695708808,52.31789143223676,28.196639527136746,114.63578253636639,15.222997416975968,0.2859724675795537,1.3604233577983815,36.555022423682054,12.757302648445528,18.76158025215474,27.26126498661328,109.97597650690827,7.313745659195465,1.261747316480451,81.65676290289403,24.375997199218894,6.7235884261578835,12.026338246827251,3.4413829444767203,0.5994667064572352,0.1998222354857452,3.079579479184898,4.650914158675793,4.136784249547576,1.7837010873609291,2.1684579336581837,3.0659238685401973,1.3596726544386895,386.4105284829297,0.579133051256345,1.7062025383155912,0.3535456804434325
2020-03-05 14:00:00,0.14861506732266772,35.830088854140605,104.10366761333559,35.830088854140605,104.10366761333559,35.830088854140605,104.10366761333559,35.830088854140605,104.10366761333557,35.8300888541406,104.1036676133356,35.830088854140605,104.10366761333559,35.830088854140605,104.10366761333557,35.830088854140605,104.10366761333557,35.83008885414061,104.10366761333559,0.0,35.8300888541406,104.10366761333559,35.8300888541406,104.10366761333559,35.83008885414061,104.10366761333556,35.8300888541406,104.1036676133356,35.8300888541406,104.10366761333559,35.83008885414061,104.10366761333559,35.830088854140605,104.10366761333562,35.830088854140605,104.1036676133356,35.830088854140605,104.1036676133356,35.830088854140605,104.10366761333559,0.0,35.830088854140605,104.10366761333557,35.830088854140605,104.10366761333559,0.0,35.830088854140605,104.10366761333559,0.0,35.830088854140605,104.1036676133356,0.03209456201840119,35.830088854140605,104.10366761333557,0.0,35.830088854140605,104.10366761333556,0.0,37.05758726231299,-95.62862926637173,0.9861243035989009,-0.0011816150291291683,-5.728027205779973e-05,37.05758726231299,-95.62862926637173,0.9991196407009766,0.0,0.0,37.05758726231299,-95.62862926637173,0.0,-0.00011836831972785594,37.05758726231298,-95.62862926637173,1.992902640818122,-5.613161866378086e-05,-9.16920307348218e-05,37.057587262312985,-95.6286292663717,0.9985265526153196,0.0,-0.00010721080960502533,56.08095111033431,-106.25314763122904,0.0,-0.0007747156366963021,-25.25214744869349,133.6573658150443,4.522157396483231,0.02502549760277311,-25.25214744869349,133.6573658150443,0.0,51.120646808137195,10.442324901896917,0.0,0.0,56.08095111033431,-106.25314763122906,-0.00016703716959098674,0.1340409636918502,-25.252147448693492,133.65736581504427,0.0,-25.25214744869349,133.6573658150443,0.0,37.05758726231299,-95.62862926637172,1.9992451550143446,0.0,37.05758726231299,-95.62862926637172,0.9991196407009766,0.0,0.0010612230570830384,37.05758726231299,-95.62862926637172,1.0119723373375005,0.001986878845414778,37.05758726231299,-95.62862926637173,0.9991196407009766,0.0,37.05758726231299,-95.62862926637172,1.3549148105625028,0.0,0.0,37.05758726231299,-95.62862926637173,0.9991196407009766,0.0,0.0,37.057587262312985,-95.62862926637172,0.0,37.05758726231299,-95.62862926637173,1.9982392814019532,0.0,0.0,56.08095111033431,-106.25314763122906,0.9991196407009766,0.0,56.08095111033431,-106.25314763122903,0.0,37.05758726231299,-95.62862926637173,0.9991196407009766,0.0,0.0009194875679499268,0.0,0.0,60.946298082759576,0.0,0.0,0.0,0.0,37.05758726231299,-95.62862926637172,0.0,37.05758726231299,-95.62862926637173,0.9991196407009766,0.0,0.0,37.05758726231299,-95.62862926637173,0.9991196407009766,0.0,0.0,0.0,0.0,0.0,0.0,37.05758726231299,-95.62862926637173,1.0002251295328368,0.0,0.0,37.05758726231299,-95.62862926637173,10.990316047710746,0.0,0.0,37.05758726231299,-95.62862926637173,4.995598203504885,0.0,0.0,37.05758726231299,-95.62862926637173,1.9982392814019532,0.0,0.0,37.05758726231299,-95.62862926637173,0.0,0.0,37.05758726231299,-95.62862926637173,0.0,0.0,37.05758726231299,-95.62862926637173,0.0,0.0,37.057587262312985,-95.62862926637172,35.992155509013045,0.0,0.0,7.271160286023299e+36,2.354784702524603e+37,-6.27404151154631e+36,2.191681581656727e+37,1.0573191898681639e+35,6.752536101819364e+35,3.056706722790133e+35,-4.738128887167007e+36,1.231475071505859e+36,1.9974990177822589e+37,1.9719115682555387e+28,7.747258489490442e+27,-6.53627004430845,0.15852048295166624,22.648063228301165,2.4690930111961947e+46,-4.8311471639564095e+48,-4.97072352996331e+44,2.3279516748087768e+48,2.0928581472206163e+39,-4.9988309985963986e+39,0.7036181100132529,0.35409596018019457,176.2644365926643,108.94827258224079,2.889845777814113,0.20533160040259799,215.06333933341475,34.08082000704262,1.11061956497362,1.9608270066585256,149.36482607644584,65.59585485302065,324.55899635079453,1.0364170926470146,41.973893350089455,91.86728356753588,13.331532823214824,145.88764017930947,208.34761573353646,40.47589172439262,7.592883902331303,2.1470032016340683,57.275841249272624,0.765956794143413,40.98526873685315,1.28922379916668,175.62824623551725,211.49634562911643,1.715558815669335,208.8366969168215,0.37525965956077517,530.3078677562257,1.1629281798915927,73.3253631714101,196.41419196974604,344.7408084129267,19.468928472577925,37.655118899687885,71.86473087102185,4.684043326957539,16.11399267826778,38.788108596233386,0.4340694678042092,54.32059823499094,42.47558818964616,2.170671957217366,78.44071553583468,1.1325957141100504,192.8817285602616,50.02940765101385,282.44220471328566,108.61555214027743,74.36345193797187,0.5075847872326887,146.49755590437053,0.6912176358119397,1.9440789060233625,11.436220268523249,1.0898591662272528,0.14444375626819178,0.4995598203504883,2.0529866178990495,1.0001255143133685,0.5005532597731958,0.4995598203504883,0.9991196407009766,2.4977991017524426,0.9991196407009766,5.495158023855373,1.038230424532296,3.996814026727834,1.9917440873698138,100.78403862275323,31.336271180907573,1.498352328367326,4.496038383154395,38.16441966019878,0.49013500201268057,23504.52003666135,789.477358155815,4278.957451211035,521.5616942231389,139.49901640393287,6.190558274705942,68.18535870393585,0.9841863301736907,20.644916028291288,28.368543652190013,109.60776471306926,32.69579587238028,0.8056780686071409,0.6916858047984737,15.162840195566044,52.35704858072115,28.19216081181667,114.6433262945522,15.25395674251719,0.2867212518732773,1.3715379685865021,36.5833910623904,12.800055475574755,18.788920086291338,27.256217717947298,109.98057813392049,7.316556428676651,1.2707210688282518,81.66755449958458,24.396222364070315,6.814879888837857,12.02644011954879,3.4414120957478067,0.5994717844205857,0.1998239281401954,3.087422299677716,4.663156470190485,4.148113191221902,1.7884448217330013,2.2080746692673956,3.09410569054045,1.3606999589405298,387.10189790710336,0.5911972272872923,1.708816563168907,0.35484846123396496
2020-03-05 15:00:00,0.14717534086745024,35.83039290358685,104.10455102343872,35.83039290358685,104.10455102343872,35.83039290358685,104.10455102343872,35.83039290358685,104.10455102343869,35.83039290358684,104.10455102343872,35.83039290358685,104.1045510234387,35.83039290358685,104.1045510234387,35.83039290358685,104.1045510234387,35.83039290358685,104.10455102343872,0.0,35.83039290358684,104.10455102343872,35.83039290358684,104.10455102343872,35.830392903586855,104.10455102343869,35.83039290358684,104.10455102343872,35.83039290358684,104.1045510234387,35.83039290358685,104.10455102343872,35.83039290358685,104.10455102343873,35.83039290358685,104.10455102343872,35.83039290358685,104.10455102343872,35.83039290358684,104.10455102343872,0.0,35.83039290358685,104.10455102343869,35.83039290358684,104.10455102343869,0.0,35.83039290358685,104.10455102343872,0.0,35.83039290358685,104.10455102343872,0.0336590475466592,35.83039290358685,104.1045510234387,0.0,35.83039290358685,104.10455102343869,0.0,37.05790172815013,-95.62944075840825,0.9827107701823294,-0.001454382397432341,-6.678379418887867e-05,37.05790172815013,-95.62944075840825,0.9991281190995291,0.0,0.0,37.05790172815012,-95.62944075840825,0.0,-0.00013731094981497827,37.057901728150114,-95.62944075840825,1.9910741410643,-8.757612855101599e-05,-0.0001129496024360882,37.057901728150114,-95.62944075840824,0.9984894373807464,0.0,-0.00011311374022565657,56.08142700594816,-106.25404928153836,0.0,-0.0008003512212984842,-25.25236173511291,133.6585000139637,4.544218895083961,0.02578970691411442,-25.252361735112913,133.65850001396373,0.0,51.12108061125771,10.442413514099828,0.0,0.0,56.08142700594816,-106.25404928153837,-0.00016822359975710542,0.13340614834355424,-25.252361735112913,133.6585000139637,0.0,-25.25236173511291,133.6585000139637,0.0,37.05790172815013,-95.62944075840825,1.9992629301809401,0.0,37.05790172815013,-95.62944075840824,0.9991281190995291,0.0,0.0010619775370020032,37.05790172815013,-95.62944075840825,1.0119911779884734,0.0019884800294374906,37.05790172815013,-95.62944075840825,0.9991281190995291,0.0,37.05790172815012,-95.62944075840824,1.3698765111060218,0.0,0.0,37.05790172815013,-95.62944075840825,0.9991281190995291,0.0,0.0,37.05790172815012,-95.62944075840824,0.0,37.05790172815013,-95.62944075840825,1.9982562381990583,0.0,0.0,56.081427005948164,-106.25404928153837,0.9991281190995291,0.0,56.081427005948164,-106.25404928153834,0.0,37.05790172815013,-95.62944075840825,0.9991281190995291,0.0,0.0009161841475542136,0.0,0.0,60.946815265071294,0.0,0.0,0.0,0.0,37.05790172815013,-95.62944075840824,0.0,37.05790172815013,-95.62944075840825,0.9991281190995291,0.0,0.0,37.05790172815013,-95.62944075840825,0.9991281190995291,0.0,0.0,0.0,0.0,0.0,0.0,37.05790172815013,-95.62944075840825,1.0002342431566333,0.0,0.0,37.05790172815013,-95.62944075840825,10.990409310094826,0.0,0.0,37.05790172815013,-95.62944075840825,4.995640595497648,0.0,0.0,37.05790172815013,-95.62944075840825,1.9982562381990583,0.0,0.0,37.05790172815013,-95.62944075840825,0.0,0.0,37.05790172815013,-95.62944075840825,0.0,0.0,37.05790172815013,-95.62944075840825,0.0,0.0,37.05790172815012,-95.62944075840824,35.992476064886795,0.0,0.0,2.222048514806275e+34,7.196163535830458e+34,1.7657288896653964e+36,-6.168138158766285e+36,1.4044759097773812e+35,8.96964168984012e+35,6.864380039928702e+35,-1.064031335334007e+37,5.834188465035049e+35,9.463273758522942e+36,-1.4010932284656866e+28,-5.504623829755623e+27,-6.536350268758852,0.15781508964403781,22.603836979127227,7.545486889775528e+43,1.3596492949520365e+48,-6.602794613864943e+44,5.227830622856382e+48,-1.4870288431782343e+39,-1.1287966182674468e+40,0.7043714522704813,0.35547035250940057,176.11635936891892,109.26955844587633,2.7583564583674263,0.2053347899617338,214.91656825844416,34.22796513203487,1.1098252249651284,1.9593440609600083,149.0836445053112,65.74943868714384,324.7782214354712,1.0389061138949718,41.689354194957915,91.67712771664284,13.080783884895958,145.72132012655845,207.90975267310074,39.94313392148497,7.536999264410946,2.153891938890818,57.719229422613374,0.7662536661017356,41.040668287411435,1.2828493597684014,174.55018577126708,210.7608413160188,1.7108356438451753,208.7886067079803,0.374459249314598,530.1418012253738,1.1636049389762093,73.64354947579577,195.238564656324,344.9279760284765,19.121334627123876,37.342920275408126,71.8654293838021,4.670658476437706,16.172409417322235,38.75361979591202,0.43166904116649535,54.35091366883212,42.28629335223745,2.17648135116065,79.11514858950719,1.1280730176373859,191.73728267657236,49.92826200357697,282.53809035627694,108.75678839439188,74.37157756769709,0.5079685644105622,146.58095180879417,0.6922433989155424,1.9342268614674183,11.436470143809196,1.1782075554551439,0.14337501184196474,0.49956405954976457,2.054540151197065,1.0001348110814114,0.5005582995644834,0.49956405954976457,0.9991281190995291,2.497820297748824,0.9991281190995291,5.495204655047413,1.045023197982678,3.996847107370393,1.9915175551886732,100.78493734978555,31.336537096404975,1.4981481933787395,4.496076535947881,38.16474351847083,0.4973126893199881,23510.5313390944,789.7882392886944,4285.426691852568,521.0346295345896,138.52726949981007,6.172693247906593,68.03774050758656,0.9797874965058637,20.965950712387723,28.390016513211634,109.59312682235971,32.43950829223142,0.8014397284151314,0.6918286112286542,15.173394122816765,52.38880643836473,28.188857424147738,114.6492509647721,15.277559511230848,0.2872845523258445,1.3798884514888687,36.616772236409396,12.85038409965986,18.805120478300374,27.250465223034052,109.98566298349664,7.319738436978518,1.280904383341836,81.65912025249679,24.37833074756055,6.910547377741987,12.026542174346183,3.441441299120599,0.5994768714597172,0.1998256238199059,3.09390687105333,4.677792907784082,4.156540910965964,1.7943170014466654,2.2461116300269346,3.117637784164935,1.3615662059050189,387.80608174841757,0.6034859306443767,1.7111780550926372,0.35602496799655364
2020-03-05 16:00:00,0.14590713038771386,35.83069738331106,104.10543568370662,35.83069738331106,104.10543568370662,35.83069738331106,104.10543568370662,35.83069738331106,104.10543568370662,35.830697383311055,104.10543568370662,35.83069738331106,104.1054356837066,35.83069738331107,104.10543568370662,35.83069738331106,104.1054356837066,35.83069738331107,104.10543568370662,0.0,35.83069738331106,104.10543568370662,35.830697383311055,104.10543568370662,35.83069738331107,104.1054356837066,35.830697383311055,104.10543568370663,35.830697383311055,104.10543568370662,35.83069738331107,104.10543568370663,35.83069738331106,104.10543568370665,35.83069738331107,104.10543568370663,35.83069738331107,104.10543568370663,35.83069738331106,104.10543568370662,0.0,35.83069738331106,104.10543568370662,35.83069738331106,104.10543568370662,0.0,35.83069738331106,104.10543568370665,0.0,35.83069738331106,104.10543568370662,0.03524388046847684,35.83069738331106,104.1054356837066,0.0,35.83069738331106,104.1054356837066,0.0,37.058216639006076,-95.63025339883416,0.9792430127193645,-0.0017314416099751817,-7.643339019916193e-05,37.058216639006076,-95.63025339883416,0.9991366094963545,0.0,0.0,37.058216639006076,-95.63025339883416,0.0,-0.00015654384383809866,37.05821663900606,-95.63025339883416,1.9892160487348214,-0.00011953274185400042,-0.00013454183622903237,37.05821663900606,-95.63025339883413,0.9984517023066526,0.0,-0.0001190919469077692,56.08190357502945,-106.25495220782526,0.0,-0.0008262473987941665,-25.252576324781455,133.65963581795373,4.571442434654201,0.026812624719339373,-25.252576324781458,133.65963581795373,0.0,51.12151502827815,10.442502251702999,0.0,0.0,56.08190357502946,-106.25495220782526,-0.0001693939382931501,0.13330222414376441,-25.252576324781458,133.65963581795373,0.0,-25.252576324781455,133.65963581795373,0.0,37.058216639006076,-95.63025339883416,1.9992807272378628,0.0,37.058216639006076,-95.63025339883414,0.9991366094963545,0.0,0.0010627272928405334,37.058216639006076,-95.63025339883414,1.0120100248777992,0.0019900794605430643,37.058216639006076,-95.63025339883416,0.9991366094963545,0.0,37.05821663900607,-95.63025339883414,1.384063584226854,0.0,0.0,37.058216639006076,-95.63025339883416,0.9991366094963545,0.0,0.0,37.05821663900607,-95.63025339883414,0.0,37.058216639006076,-95.63025339883416,1.998273218992709,0.0,0.0,56.08190357502946,-106.25495220782527,0.9991366094963545,0.0,56.081903575029465,-106.25495220782523,0.0,37.058216639006076,-95.63025339883416,0.9991366094963545,0.0,0.0009137505728122005,0.0,0.0,60.94733317927765,0.0,0.0,0.0,0.0,37.058216639006076,-95.63025339883414,0.0,37.058216639006076,-95.63025339883416,0.9991366094963545,0.0,0.0,37.058216639006076,-95.63025339883416,0.9991366094963545,0.0,0.0,0.0,0.0,0.0,0.0,37.058216639006076,-95.63025339883416,1.0002433638449457,0.0,0.0,37.058216639006076,-95.63025339883416,10.990502704459905,0.0,0.0,37.058216639006076,-95.63025339883416,4.9956830474817755,0.0,0.0,37.058216639006076,-95.63025339883416,1.998273218992709,0.0,0.0,37.058216639006076,-95.63025339883416,0.0,0.0,37.058216639006076,-95.63025339883416,0.0,0.0,37.058216639006076,-95.63025339883416,0.0,0.0,37.05821663900607,-95.63025339883414,35.99279704909236,0.0,0.0,-7.349057105559636e+36,-2.3800117958352095e+37,9.940796095460788e+36,-3.4725718134577986e+37,1.757187408639521e+35,1.12222227007775e+36,1.0734828147883189e+36,-1.6639803539918714e+37,-7.570044464017921e+34,-1.2278897666292775e+36,-4.830717386779798e+28,-1.8978952650566886e+28,-6.536430385711201,0.15711298584809122,22.558061581318995,-2.495544703235392e+46,7.654627208918589e+48,-8.260980111190763e+44,8.175518108869897e+48,-5.1270079259918615e+39,-1.768079735522476e+40,0.7054517125252413,0.3567558103637902,175.96872468068202,109.5167643456705,2.638759331526261,0.20533944133018353,214.8304686880703,34.32252855944047,1.109265972193335,1.9585343942097848,148.93927832133411,65.84141144962264,324.92579335219006,1.0405741702427556,41.40614051648701,91.48761261886233,12.83823175097588,145.5749454958541,207.5582254010686,39.51925722201248,7.492579739162819,2.1598062565131815,58.100132880883734,0.7663414028389608,41.09678148049057,1.2764018897654277,173.46158779314626,210.0318361771223,1.7079713945071868,208.75713496799963,0.37382157720997206,530.0523181382339,1.1639619519138846,73.87972211516714,194.3338965296291,345.06972606791794,18.77488958769462,37.06845576498983,71.86622628088921,4.659909390195027,16.218207086623245,38.72594131271955,0.4297385778156439,54.37394350176812,42.17267574526855,2.183069495724439,79.87634984181311,1.123832438747461,190.66644311895124,49.85906818746045,282.5892760068359,108.90292045787638,74.38147794759267,0.5082646779227273,146.6336489839447,0.6928880345217387,1.9243543097664897,11.436895211339348,1.2666204206265497,0.14230941928338897,0.49956830474817726,2.0566117816307994,1.0001441177415085,0.500563344478449,0.49956830474817726,0.9991366094963545,2.4978415237408877,0.9991366094963545,5.495251352229952,1.0501701760804374,3.996880232381338,1.9912883867003623,100.78583696043542,31.336803388214804,1.4979405328543591,4.496114742733596,38.16506783505348,0.5018058783551888,23508.01794941183,789.6903762073197,4284.875135344361,520.615201629163,137.75498777538832,6.158926951959845,67.89496687055392,0.9755327215553623,21.298182660002,28.409596388983477,109.57988311004118,32.20609394190532,0.797577908179412,0.6920038368663701,15.186422734880248,52.41333048349879,28.1866571318428,114.65365558082708,15.294274504899802,0.28767375458513345,1.3856445167082243,36.65546402729976,12.90874475219241,18.80975674529518,27.243974450837506,109.9912532323792,7.323309028060227,1.2923539991468889,81.63167455513542,24.32275055607343,7.007270466499039,12.02664437356723,3.4414705438207758,0.5994819656978125,0.199827321899271,3.098727328123839,4.69483014023877,4.161811071326226,1.801207778458994,2.2816451379639533,3.136213798100152,1.3622616454190062,388.51078825317313,0.615783735200396,1.7132235316223363,0.3570434610629905
2020-03-05 17:00:00,0.14484335618206376,35.83100218246564,104.10632127207359,35.83100218246564,104.10632127207359,35.83100218246564,104.10632127207359,35.83100218246564,104.10632127207359,35.831002182465625,104.10632127207359,35.83100218246563,104.10632127207357,35.83100218246564,104.10632127207359,35.83100218246563,104.10632127207357,35.83100218246564,104.10632127207359,0.0,35.83100218246563,104.10632127207359,35.831002182465625,104.10632127207359,35.83100218246564,104.10632127207357,35.831002182465625,104.10632127207359,35.83100218246563,104.10632127207357,35.83100218246564,104.1063212720736,35.83100218246564,104.1063212720736,35.83100218246564,104.1063212720736,35.83100218246564,104.1063212720736,35.83100218246563,104.10632127207359,0.0,35.83100218246564,104.10632127207359,35.83100218246563,104.10632127207357,0.0,35.83100218246564,104.1063212720736,0.0,35.83100218246564,104.10632127207359,0.03679189180315774,35.83100218246564,104.10632127207357,0.0,35.83100218246564,104.10632127207357,0.0,37.058531880235705,-95.63106689180293,0.97572085867795,-0.0020128056331663036,-8.62294522001733e-05,37.058531880235705,-95.63106689180293,0.9991451088004742,0.0,0.0,37.0585318802357,-95.63106689180293,0.0,-0.00017606776794038687,37.0585318802357,-95.63106689180293,1.987328259941115,-0.0001520032522205686,-0.0001564697456987521,37.0585318802357,-95.63106689180292,0.9984133436094154,0.0,-0.00012514540675275312,56.08238064408044,-106.25585608137413,0.0,-0.0008524029256024857,-25.252791139576495,133.66077281351824,4.6032097170046855,0.028064751608207247,-25.2527911395765,133.66077281351824,0.0,51.12194990104645,10.442591082400986,0.0,0.0,56.08238064408044,-106.25585608137413,-0.0001705476421045445,0.13374792983230205,-25.2527911395765,133.66077281351824,0.0,-25.252791139576495,133.66077281351824,0.0,37.058531880235705,-95.63106689180293,1.999298539777073,0.0,37.058531880235705,-95.63106689180293,0.9991451088004742,0.0,0.0010634721777616823,37.058531880235705,-95.63106689180293,1.0120288715830592,0.0019916766432316827,37.058531880235705,-95.63106689180293,0.9991451088004742,0.0,37.058531880235705,-95.63106689180293,1.3970115872905298,0.0,0.0,37.058531880235705,-95.63106689180293,0.9991451088004742,0.0,0.0,37.0585318802357,-95.63106689180293,0.0,37.058531880235705,-95.63106689180293,1.9982902176009485,0.0,0.0,56.082380644080445,-106.25585608137413,0.9991451088004742,0.0,56.082380644080445,-106.2558560813741,0.0,37.058531880235705,-95.63106689180294,0.9991451088004742,0.0,0.0009119934789605108,0.0,0.0,60.94785163682894,0.0,0.0,0.0,0.0,37.058531880235705,-95.63106689180292,0.0,37.058531880235705,-95.63106689180293,0.9991451088004742,0.0,0.0,37.058531880235705,-95.63106689180293,0.9991451088004742,0.0,0.0,0.0,0.0,0.0,0.0,37.058531880235705,-95.63106689180293,1.0002524884043407,0.0,0.0,37.058531880235705,-95.63106689180293,10.990596196805221,0.0,0.0,37.058531880235705,-95.63106689180293,4.995725544002374,0.0,0.0,37.058531880235705,-95.63106689180293,1.9982902176009485,0.0,0.0,37.058531880235705,-95.63106689180293,0.0,0.0,37.058531880235705,-95.63106689180293,0.0,0.0,37.058531880235705,-95.63106689180293,0.0,0.0,37.0585318802357,-95.63106689180293,35.99311833852095,0.0,0.0,-1.4843159900819003e+37,-4.806997026148864e+37,1.8251694015592218e+37,-6.37577891928591e+37,2.1154717879587213e+35,1.351039473932055e+36,1.4668281456877322e+36,-2.27369566003559e+37,-7.459285492670383e+35,-1.2099242436771214e+37,-8.317182436001669e+28,-3.2676598318728446e+28,-6.536510370810235,0.15645535031391328,22.5114340025263,-5.040343072279579e+46,1.4054197699953032e+49,-9.945365121665342e+44,1.1171189610556195e+49,-8.827314217976292e+39,-2.417770533650456e+40,0.7068183551582283,0.3579184792266915,175.8276827071168,109.69593666011868,2.531862570877082,0.205345687692264,214.80859959744058,34.364086719549896,1.1089998538828088,1.9583671555341808,148.9252667930877,65.87838840826215,325.00841307732424,1.0414980432480643,41.136471674618974,91.3015160546236,12.607038241710061,145.4523438616474,207.29626259257685,39.208520691559855,7.460514555338101,2.164651012475179,58.41244767171965,0.7662272039346186,41.15160175741535,1.2701870591716258,172.41697216881215,209.35418309263994,1.7070742454252972,208.74624670845722,0.3733643544667631,530.0359085211237,1.1640313391682466,74.04252745855578,193.72341980963674,345.1696418726338,18.43465663543675,36.83894938069872,71.86713028110364,4.651894289753078,16.25241338472725,38.70560746746263,0.428314957110946,54.390268159836346,42.1391601380805,2.1902753581293304,80.70607800585744,1.1200124093477326,189.7055573708414,49.829604882697055,282.6002541896157,109.05174610415624,74.39350905207623,0.5084800069854353,146.65547844336635,0.693149448211089,1.9146177673804852,11.437511701028802,1.3533499955419155,0.14129097799705398,0.4995725544002371,2.0591422109095543,1.0001534309765991,0.500568392721853,0.4995725544002371,0.9991451088004742,2.497862772001187,0.9991451088004742,5.4952980984026105,1.0534937112390257,3.9969133897543396,1.9910565843403993,100.78673713564594,31.33706995939196,1.497729329581805,4.496152989602135,38.16539249187737,0.5034784337797937,23497.853643448907,789.2262606333896,4278.058227426424,520.3151236974074,137.20394830026862,6.1496108282504425,67.75890582492964,0.9714775618136472,21.636575385842885,28.427161987711607,109.56812244219799,31.997027850785294,0.7941167280121233,0.6922179879357802,15.20242283475244,52.43118835136081,28.1854405162919,114.6567042175589,15.304869379026918,0.2879076925804334,1.3890868848137328,36.69972801343234,12.975537593495412,18.80322715709011,27.236725978153675,109.99736173733193,7.327278365246595,1.3051032158878155,81.58604830764361,24.231131215397028,7.101641507694575,12.026746680005708,3.441499819201632,0.5994870652802843,0.19982902176009493,3.1016500886563287,4.714131729028495,4.163762086667797,1.8089620157177004,2.313752783215059,3.149751537083064,1.3627848247847483,389.20215569149815,0.6278476958839876,1.7148954773097023,0.3578751842546138
2020-03-05 18:00:00,0.14400986003953561,35.831307191534556,104.10720747034286,35.831307191534556,104.10720747034286,35.831307191534556,104.10720747034286,35.831307191534556,104.10720747034286,35.83130719153454,104.10720747034286,35.831307191534556,104.10720747034284,35.831307191534556,104.10720747034286,35.83130719153455,104.10720747034284,35.831307191534556,104.10720747034286,0.0,35.83130719153455,104.10720747034286,35.83130719153455,104.10720747034286,35.83130719153456,104.10720747034284,35.83130719153455,104.10720747034287,35.83130719153455,104.10720747034284,35.831307191534556,104.10720747034287,35.831307191534556,104.10720747034287,35.831307191534556,104.10720747034287,35.83130719153456,104.10720747034287,35.83130719153455,104.10720747034286,0.0,35.831307191534556,104.10720747034286,35.831307191534556,104.10720747034286,0.0,35.831307191534556,104.10720747034287,0.0,35.831307191534556,104.10720747034286,0.03824679233420915,35.831307191534556,104.10720747034284,0.0,35.831307191534556,104.10720747034284,0.0,37.05884733857112,-95.6318809450221,0.9721441445543233,-0.0022984867149810073,-9.617234707899255e-05,37.05884733857112,-95.6318809450221,0.9991536139580415,0.0,0.0,37.058847338571105,-95.6318809450221,0.0,-0.0001958834379349253,37.058847338571105,-95.6318809450221,1.9854106756998124,-0.0001849893714026829,-0.00017873428842048872,37.058847338571105,-95.63188094502209,0.9983743576672324,0.0,-0.000131274080351719,56.08285804168757,-106.25676057741826,0.0,-0.0008788164826009776,-25.253006102313904,133.6619105921285,4.638744916250291,0.029508993001872423,-25.253006102313908,133.6619105921285,0.0,51.12238507331044,10.442679974276434,0.0,0.0,56.08285804168758,-106.25676057741826,-0.00017168416302296673,0.1347291759942844,-25.253006102313908,133.6619105921285,0.0,-25.253006102313904,133.6619105921285,0.0,37.05884733857111,-95.6318809450221,1.9993163614681109,0.0,37.05884733857112,-95.6318809450221,0.9991536139580415,0.0,0.001064212047753978,37.05884733857112,-95.6318809450221,1.0120477117644606,0.0019932710889086934,37.05884733857112,-95.6318809450221,0.9991536139580415,0.0,37.05884733857111,-95.6318809450221,1.4083060754865304,0.0,0.0,37.05884733857112,-95.6318809450221,0.9991536139580415,0.0,0.0,37.05884733857111,-95.6318809450221,0.0,37.05884733857112,-95.6318809450221,1.998307227916083,0.0,0.0,56.08285804168758,-106.25676057741826,0.9991536139580415,0.0,56.08285804168759,-106.25676057741823,0.0,37.05884733857112,-95.63188094502212,0.9991536139580415,0.0,0.00091076133672647,0.0,0.0,60.948370451440546,0.0,0.0,0.0,0.0,37.05884733857112,-95.63188094502209,0.0,37.05884733857112,-95.6318809450221,0.9991536139580415,0.0,0.0,37.05884733857112,-95.6318809450221,0.9991536139580415,0.0,0.0,0.0,0.0,0.0,0.0,37.05884733857112,-95.6318809450221,1.0002616136808165,0.0,0.0,37.05884733857112,-95.6318809450221,10.99068975353846,0.0,0.0,37.05884733857112,-95.6318809450221,4.995768069790211,0.0,0.0,37.05884733857112,-95.6318809450221,1.998307227916083,0.0,0.0,37.05884733857112,-95.6318809450221,0.0,0.0,37.05884733857112,-95.6318809450221,0.0,0.0,37.05884733857112,-95.6318809450221,0.0,0.0,37.05884733857111,-95.6318809450221,35.99343981336969,0.0,0.0,-2.2460556692531244e+37,-7.273911346914071e+37,2.6698935884600677e+37,-9.32661441918482e+37,2.4793462410745888e+35,1.5834267610199938e+36,1.866496051492804e+36,-2.893211440092329e+37,-1.4273095565151596e+36,-2.315149939435546e+37,-1.1860701223695038e+29,-4.659839707104084e+28,-6.536590200033779,0.15588129376872975,22.46477366245749,-7.627008809526329e+46,2.055875596971801e+49,-1.1656030475505995e+45,1.4215013094667828e+49,-1.258817362162378e+40,-3.077905468076888e+40,0.7084189172732663,0.3589260863890012,175.69925805362897,109.81693643214726,2.438165302127442,0.205353755389524,214.85338212274394,34.352314580518936,1.1090653635182162,1.9587644090887002,149.02551341307444,65.87042362705847,325.0366548705763,1.0417988906803064,40.89230224042843,91.12131422370881,12.389629815028812,145.35651971407628,207.1257924091176,39.013556097929914,7.440991225127164,2.168353293297414,58.65148564312723,0.7659324975671604,41.203153438284616,1.2645051508682221,171.46981076232785,208.770410207601,1.708217184257701,208.75854360625698,0.37310189122611653,530.0837068993724,1.1638630246201243,74.14497224106528,193.42257957326802,345.2336329712256,18.105149105581756,36.66006847931294,71.86815632838949,4.646671748774095,16.276626906282278,38.69273831631328,0.42740647070456816,54.40100175920291,42.188746236208644,2.197910784491468,81.58305588948903,1.1167392893995387,188.8877856468972,49.84501633558439,282.5780019297078,109.20067629636343,74.4080819160985,0.508625396734911,146.64633290677676,0.6930263115827532,1.905156626877494,11.438347017298192,1.436500647269591,0.1403627890411595,0.49957680697902074,2.062057057148389,1.0001627475100698,0.5005734425234752,0.49957680697902074,0.9991536139580415,2.4978840348951055,0.9991536139580415,5.49534487676923,1.054886205306001,3.996946567627746,1.9908221513254865,100.78763756026419,31.33733671415596,1.4975145669682148,4.496191262811187,38.16571737229154,0.5022822142766996,23481.396007482377,788.4616063142104,4266.12901643285,520.1438594981721,136.891780001404,6.144978430926059,67.63099090128553,0.9676646521276274,21.975207636682335,28.44264269902384,109.55789637406016,31.813176203722215,0.7910702212953376,0.692478576670755,15.221968027180633,52.44327494224301,28.185048710528424,114.65861532582838,15.31036078578253,0.2880114271254967,1.3905890840950956,36.74976196638376,13.051065431359598,18.78671667812321,27.228717980949057,110.00398931787348,7.331647338440355,1.3191550758117814,81.52363404837571,24.10623472309678,7.19030605979757,12.026849056902352,3.441529114744364,0.5994921683748247,0.19983072279160838,3.1025262610877067,4.735415802076324,4.162336300916592,1.817382218001043,2.3415537641088164,3.1584122312546055,1.363143330652759,389.8651503888559,0.6394143254101057,1.716145330849135,0.3584958584455466
2020-03-05 19:00:00,0.14342414359615793,35.831612302336175,104.10809396419461,35.83161230233617,104.10809396419461,35.831612302336175,104.10809396419461,35.831612302336175,104.10809396419461,35.83161230233616,104.10809396419461,35.83161230233617,104.1080939641946,35.831612302336175,104.10809396419461,35.83161230233617,104.1080939641946,35.831612302336175,104.10809396419461,0.0,35.83161230233617,104.10809396419461,35.83161230233617,104.10809396419461,35.83161230233617,104.1080939641946,35.83161230233616,104.10809396419461,35.83161230233616,104.1080939641946,35.831612302336175,104.10809396419462,35.831612302336175,104.10809396419462,35.831612302336175,104.10809396419461,35.83161230233618,104.10809396419461,35.83161230233617,104.1080939641946,0.0,35.831612302336175,104.1080939641946,35.83161230233617,104.1080939641946,0.0,35.83161230233617,104.10809396419462,0.0,35.831612302336175,104.10809396419461,0.03955566910033307,35.83161230233617,104.1080939641946,0.0,35.83161230233617,104.1080939641946,0.0,37.05916290212446,-95.6326952697605,0.9685127160547387,-0.0025884963705672392,-0.00010626241600597205,37.05916290212446,-95.6326952697605,0.9991621219524182,0.0,0.0,37.059162902124456,-95.6326952697605,0.0,-0.00021599151832584623,37.05916290212445,-95.6326952697605,1.9834632020319125,-0.00021849272754952132,-0.00020133636483651157,37.05916290212445,-95.63269526976048,0.9983347410223747,0.0,-0.00013747791152102576,56.083335598525856,-106.25766537514791,0.0,-0.000905486674107156,-25.25322113674996,133.66304875023332,4.677137547690103,0.0311018156633573,-25.253221136749964,133.66304875023332,0.0,51.12282039072174,10.442768895800869,0.0,0.0,56.08333559852586,-106.25766537514791,-0.00017280294783428513,0.13620007612256377,-25.253221136749964,133.66304875023332,0.0,-25.25322113674996,133.66304875023332,0.0,37.059162902124456,-95.6326952697605,1.9993341860582436,0.0,37.05916290212446,-95.63269526976049,0.9991621219524182,0.0,0.0010649467616196681,37.05916290212446,-95.6326952697605,1.0120665391644355,0.0019948623158230682,37.05916290212446,-95.6326952697605,0.9991621219524182,0.0,37.05916290212445,-95.63269526976049,1.4176082211381487,0.0,0.0,37.05916290212446,-95.6326952697605,0.9991621219524182,0.0,0.0,37.05916290212446,-95.63269526976049,0.0,37.05916290212446,-95.6326952697605,1.9983242439048363,0.0,0.0,56.08333559852586,-106.2576653751479,0.9991621219524182,0.0,56.08333559852587,-106.25766537514788,0.0,37.05916290212446,-95.6326952697605,0.9991621219524182,0.0,0.0009099358170582569,0.0,0.0,60.94888943909752,0.0,0.0,0.0,0.0,37.05916290212446,-95.63269526976048,0.0,37.05916290212446,-95.6326952697605,0.9991621219524182,0.0,0.0,37.05916290212446,-95.6326952697605,0.9991621219524182,0.0,0.0,0.0,0.0,0.0,0.0,37.05916290212446,-95.6326952697605,1.0002707365598675,0.0,0.0,37.05916290212446,-95.6326952697605,10.990783341476602,0.0,0.0,37.05916290212446,-95.6326952697605,4.995810609762094,0.0,0.0,37.05916290212446,-95.6326952697605,1.9983242439048363,0.0,0.0,37.05916290212446,-95.6326952697605,0.0,0.0,37.05916290212446,-95.6326952697605,0.0,0.0,37.05916290212446,-95.6326952697605,0.0,0.0,37.05916290212445,-95.63269526976049,35.993761356660734,0.0,0.0,-3.020169724528266e+37,-9.780900415597859e+37,3.5283013814283545e+37,-1.232525022026773e+38,2.848827034622376e+35,1.8193945199775935e+36,2.272507579942215e+36,-3.5225603197642725e+37,-2.1198858608099176e+36,-3.43853482929505e+37,-1.5461477728386721e+29,-6.074515029964806e+28,-6.53666984969276,0.15542543062998282,22.41900469972075,-1.0255694643092702e+47,2.716868095489211e+49,-1.3393052646255473e+45,1.730714885829586e+49,-1.6409802626428866e+40,-3.748519333910758e+40,0.710190550514733,0.35974945496847544,175.58901694765618,109.89229804645787,2.3579181082848946,0.2053639742109651,214.9661200054833,34.2869435612971,1.1094793071872557,1.9596041881905713,149.21491493627633,65.83016290164667,325.0239387418146,1.041630474045301,40.684663127336385,90.94910962817046,12.187723371352709,145.2895077550765,207.04750856458836,38.935441319774334,7.43346075773781,2.170859493268368,58.813788361610236,0.7654912199855298,41.24957933871919,1.2596349152672344,170.66966288976585,208.31807120581578,1.7114387161684004,208.795116673653,0.37304514584376136,530.1818396787792,1.1635204704958597,74.20319458989404,193.43888214421483,345.269251543485,17.790199150120525,36.53564584223317,71.8693262792156,4.6442627093151225,16.292837899820626,38.68701895668572,0.42699139447910345,54.40771408512115,42.32303628357487,2.2057692884305675,82.48395788847614,1.1141208207495716,188.24138302098672,49.90752686999352,282.531385329133,109.346791205086,74.42566629958542,0.5087144417951347,146.6061384965528,0.6925177108762004,1.896089380192132,11.439440984942973,1.5140948785547863,0.1395646743779214,0.4995810609762091,2.06526914333957,1.0001720641058263,0.5005784921341206,0.4995810609762091,0.9991621219524182,2.497905304881047,0.9991621219524182,5.495391670738301,1.0543168682550754,3.9969797542848764,1.9905850916637546,100.7885379230481,31.337603557893313,1.4972962290521514,4.496229548785882,38.16604236106628,0.4982598299279503,23460.392126729075,787.4808042103791,4250.5595016995385,520.1086559607619,136.8320210145006,6.14514317977436,67.51223636892989,0.9641241589283427,22.307401522103312,28.45600889783608,109.5492262890267,31.654913419986205,0.7884442645691199,0.6927941882694141,15.245713832968812,52.450712042442134,28.185294130742527,114.65964694156466,15.311945380425191,0.2880145520057981,1.3905922058694689,36.80566999980118,13.135488566161392,18.76210184232742,27.219970244419752,110.0111220125166,7.336405450929478,1.334475478194292,81.4463013778118,23.95176811633413,7.270112635094916,12.026951467945773,3.4415584200583282,0.5994972731714506,0.1998324243904837,3.101299672550337,4.7582621670777625,4.15758318323546,1.8262332637180363,2.3642509483778142,3.1626067356123158,1.363354071622197,390.4840899515671,0.6502087653619106,1.7169361357723567,0.3588870069099691
2020-03-05 20:00:00,0.14309443929286658,35.83191740802568,104.10898044319323,35.83191740802568,104.10898044319323,35.83191740802568,104.10898044319322,35.83191740802568,104.10898044319322,35.831917408025674,104.10898044319322,35.83191740802568,104.10898044319322,35.83191740802568,104.10898044319323,35.831917408025674,104.10898044319322,35.83191740802568,104.10898044319323,0.0,35.831917408025674,104.10898044319323,35.831917408025674,104.10898044319322,35.831917408025674,104.10898044319322,35.831917408025674,104.10898044319323,35.831917408025674,104.10898044319322,35.83191740802568,104.10898044319325,35.83191740802568,104.10898044319323,35.83191740802568,104.10898044319323,35.83191740802569,104.10898044319323,35.83191740802568,104.10898044319322,0.0,35.83191740802568,104.10898044319322,35.83191740802568,104.10898044319322,0.0,35.83191740802568,104.10898044319325,0.0,35.83191740802569,104.10898044319322,0.04067150193855857,35.83191740802568,104.10898044319322,0.0,35.83191740802568,104.10898044319322,0.0,37.05947846039057,-95.63350958085495,0.9648264282780854,-0.0028828453677792742,-0.00011649997394008044,37.05947846039057,-95.63350958085495,0.9991706298042442,0.0,0.0,37.05947846039057,-95.63350958085495,0.0,-0.00023639262132479216,37.05947846039056,-95.63350958085495,1.9814857500624443,-0.0002525148634911628,-0.00022427681712720166,37.05947846039056,-95.63350958085493,0.9982944903834401,0.0,-0.00014375682703703443,56.083813147362726,-106.25857015771774,0.0,-0.0009324120268418556,-25.253436167583132,133.6641868892684,4.717372576062082,0.03279471783598292,-25.25343616758314,133.66418688926842,0.0,51.123255700839344,10.442857815835433,0.0,0.0,56.083813147362726,-106.25857015771774,-0.00017390343830712626,0.13808612871043932,-25.253436167583136,133.6641868892684,0.0,-25.253436167583136,133.6641868892684,0.0,37.05947846039057,-95.63350958085495,1.9993520073726039,0.0,37.05947846039057,-95.63350958085495,0.9991706298042442,0.0,0.001065676180962794,37.05947846039057,-95.63350958085496,1.0120853476073681,0.0019964498490224972,37.05947846039057,-95.63350958085495,0.9991706298042442,0.0,37.059478460390565,-95.63350958085495,1.424677038124615,0.0,0.0,37.05947846039057,-95.63350958085495,0.9991706298042442,0.0,0.0,37.05947846039057,-95.63350958085495,0.0,37.05947846039057,-95.63350958085495,1.9983412596084884,0.0,0.0,56.083813147362726,-106.25857015771773,0.9991706298042442,0.0,56.08381314736273,-106.25857015771773,0.0,37.05947846039057,-95.63350958085496,0.9991706298042442,0.0,0.0009094248227735446,0.0,0.0,60.9494084180589,0.0,0.0,0.0,0.0,37.05947846039057,-95.63350958085495,0.0,37.05947846039057,-95.63350958085495,0.9991706298042442,0.0,0.0,37.05947846039057,-95.63350958085495,0.9991706298042442,0.0,0.0,0.0,0.0,0.0,0.0,37.05947846039057,-95.63350958085495,1.0002798539665396,0.0,0.0,37.05947846039057,-95.63350958085495,10.990876927846687,0.0,0.0,37.05947846039057,-95.63350958085495,4.995853149021224,0.0,0.0,37.05947846039057,-95.63350958085495,1.9983412596084884,0.0,0.0,37.05947846039057,-95.63350958085495,0.0,0.0,37.05947846039057,-95.63350958085495,0.0,0.0,37.05947846039057,-95.63350958085495,0.0,0.0,37.059478460390565,-95.63350958085493,35.99408285388062,0.0,0.0,-3.806701188955078e+37,-1.2328103595872745e+38,4.400439834356073e+37,-1.5371850693694621e+38,3.223929489900413e+35,2.0589525357042336e+36,2.684882750756265e+36,-4.1617733311481727e+37,-2.823698125141341e+36,-4.58014487015836e+37,-1.9119706871315245e+29,-7.511762381230325e+28,-6.536749296431171,0.155115766095033,22.37512942313436,-1.2926546701783031e+47,3.388433498059228e+49,-1.515650366319035e+45,2.0447749369265479e+49,-2.02924081090539e+40,-4.429645232236172e+40,0.7120620092630326,0.3603639714545926,175.50176611222065,109.9358817242662,2.2911841157254456,0.2053767919632986,215.14700645924685,34.16780969550349,1.1102360764401804,1.960726540181871,149.46060231117585,65.77180788683377,324.9852919450567,1.0411649689883342,40.52306497137376,90.78658966800468,12.002380139738408,145.25226486937683,207.0609155008001,38.97374661595415,7.436649604366758,2.1721323132242647,58.896936363942544,0.7649471709293096,41.289229090394706,1.2558190458368388,170.05959574396775,208.02743887835055,1.7167431592113034,208.8554966762032,0.3732017790897736,530.3121126970743,1.163075447575965,74.23499133875444,193.7718084927821,345.2848840591194,17.49288242343142,36.46747470596582,71.87066987588713,4.64465185972836,16.303218759883652,38.6877064036155,0.42701846307342045,54.412316206551054,42.542245808575196,2.213635165337078,83.38443431011311,1.1122405463383775,187.78823392622385,50.016344688554994,282.47042950721175,109.48692407372648,74.44679305064885,0.5087620619063313,146.53487887352804,0.6916234466085935,1.8875114921453637,11.440847608768056,1.5841526343244041,0.1389310227341533,0.4995853149021221,2.068681414372024,1.0001813775683606,0.5005835398266334,0.4995853149021221,0.9991706298042442,2.497926574510612,0.9991706298042442,5.495438463923343,1.0518342800618825,3.9970129381542843,1.99034541016515,100.78943791667258,31.33787039715973,1.4970743005155696,4.496267834119099,38.166367344395866,0.49154205549275626,23436.85936814445,786.3811797863979,4233.041366158611,520.2145790321756,137.03418104192997,6.150097102634557,67.40326907180996,0.9608747269962352,22.625914341406173,28.467262161783907,109.54211060132778,31.522240233772983,0.7862385246406208,0.6931745240733089,15.274400989420247,52.45473078621887,28.18597342478472,114.66007883919387,15.310916677581105,0.2879491501254975,1.389574444648665,36.86743117116774,13.228777278983411,18.731804534588395,27.21052796327584,110.01872847853956,7.341528816740253,1.3509866532796069,81.35629004554112,23.772171662827517,7.338263785564214,12.027053877273309,3.441587724881284,0.5995023778825462,0.1998341259608489,3.0980098945047745,4.782128985421517,4.149656238742745,1.8352490655800437,2.381171605943006,3.162987718992548,1.3634430664981507,391.0432720110625,0.6599558067651079,1.717244629977598,0.3590370000866768
2020-03-05 21:00:00,0.1430191414913156,35.83222240309748,104.1098666007941,35.832222403097475,104.1098666007941,35.832222403097475,104.1098666007941,35.832222403097475,104.1098666007941,35.83222240309747,104.1098666007941,35.832222403097475,104.10986660079409,35.83222240309748,104.1098666007941,35.832222403097475,104.10986660079409,35.83222240309748,104.1098666007941,0.0,35.832222403097475,104.1098666007941,35.832222403097475,104.1098666007941,35.832222403097475,104.10986660079409,35.83222240309747,104.1098666007941,35.83222240309747,104.10986660079409,35.83222240309748,104.10986660079412,35.83222240309748,104.1098666007941,35.83222240309748,104.1098666007941,35.83222240309749,104.10986660079412,35.832222403097475,104.1098666007941,0.0,35.832222403097475,104.1098666007941,35.832222403097475,104.1098666007941,0.0,35.832222403097475,104.10986660079412,0.0,35.83222240309748,104.1098666007941,0.04155554110756182,35.832222403097475,104.10986660079409,0.0,35.832222403097475,104.10986660079409,0.0,37.059793904249325,-95.63432359671654,0.9610851458996077,-0.0031815437126262447,-0.00012688530913160245,37.059793904249325,-95.63432359671654,0.9991791345715023,0.0,0.0,37.059793904249325,-95.63432359671654,0.0,-0.00025708730586204015,37.05979390424932,-95.63432359671654,1.979478236120746,-0.0002870572350115591,-0.00024755642807567507,37.05979390424931,-95.63432359671651,0.9982536026276121,0.0,-0.0001501107363696165,56.084290523061675,-106.25947461225377,0.0,-0.0009595909888657217,-25.253651120455718,133.665324615665,4.758367786491345,0.03453601348164668,-25.25365112045572,133.66532461566504,0.0,51.12369085313291,10.442946703631558,0.0,0.0,56.08429052306168,-106.25947461225377,-0.00017498507122167212,0.14028936902461092,-25.253651120455718,133.665324615665,0.0,-25.253651120455718,133.665324615665,0.0,37.059793904249325,-95.63432359671654,1.9993698193143137,0.0,37.059793904249325,-95.63432359671653,0.9991791345715023,0.0,0.0010664001701770698,37.059793904249325,-95.63432359671653,1.0121041309994132,0.0019980332203203043,37.059793904249325,-95.63432359671654,0.9991791345715023,0.0,37.05979390424932,-95.63432359671651,1.4293864450042402,0.0,0.0,37.059793904249325,-95.63432359671654,0.9991791345715023,0.0,0.0,37.059793904249325,-95.63432359671653,0.0,37.059793904249325,-95.63432359671654,1.9983582691430046,0.0,0.0,56.08429052306168,-106.25947461225375,0.9991791345715023,0.0,56.08429052306169,-106.25947461225374,0.0,37.059793904249325,-95.63432359671654,0.9991791345715023,0.0,0.0009091568961841149,0.0,0.0,60.94992720886166,0.0,0.0,0.0,0.0,37.059793904249325,-95.63432359671653,0.0,37.059793904249325,-95.63432359671654,0.9991791345715023,0.0,0.0,37.059793904249325,-95.63432359671654,0.9991791345715023,0.0,0.0,0.0,0.0,0.0,0.0,37.059793904249325,-95.63432359671654,1.0002889628654827,0.0,0.0,37.059793904249325,-95.63432359671654,10.990970480286528,0.0,0.0,37.059793904249325,-95.63432359671654,4.995895672857515,0.0,0.0,37.059793904249325,-95.63432359671654,1.9983582691430046,0.0,0.0,37.059793904249325,-95.63432359671654,0.0,0.0,37.059793904249325,-95.63432359671654,0.0,0.0,37.059793904249325,-95.63432359671654,0.0,0.0,37.05979390424931,-95.63432359671653,35.99440419271054,0.0,0.0,-4.605691111216864e+37,-1.4915653824998537e+38,5.286353798539587e+37,-1.846657251639872e+38,3.604667964122878e+35,2.302109977390578e+36,3.103640534549123e+36,-4.810879880143335e+37,-3.538785244090022e+36,-5.740043150504593e+37,-2.283557432697612e+29,-8.971654708813994e+28,-6.536828517226004,0.1549720118911369,22.334193415842986,-1.5639704376027784e+47,4.070606341146475e+49,-1.6946451023190703e+45,2.363695910552537e+49,-2.423618713228883e+40,-5.121314536441873e+40,0.7139560813156016,0.36075088876836997,175.44129704264503,109.96143837846806,2.237896915554442,0.2053927935803496,215.39511614791346,33.994984810135314,1.111308359113777,1.9619422076439963,149.72372118492987,65.70997281177826,324.9360023836678,1.0405775373211184,40.41499094249853,90.63501335230082,11.834079328303924,145.24460397465396,207.16434599786515,39.1265456850623,7.448619147597906,2.172148303867383,58.89939373510906,0.7643506591926441,41.32074258606854,1.2532519129676056,169.67400303652016,207.91966614793017,1.724100483890256,208.9377046271895,0.3735761809355833,530.4529986377772,1.1626022541170777,74.25822290266801,194.41276891512115,345.28888923477535,17.215493961766818,36.45518288206537,71.87222602307618,4.647788170876352,16.309902004293555,38.69366450355607,0.42740927921771654,54.4169181517901,42.84519578344237,2.221292310234255,84.26010252664813,1.1111534427024414,187.54270404623574,50.16775930736774,282.4055116094692,109.61777145202703,74.47205458811267,0.5087829903785681,146.4326678180784,0.6903449346434359,1.8794947794588175,11.442637378503148,1.6447798007267556,0.13848896025810317,0.49958956728575116,2.0721904827541384,1.000190684742812,0.5005885838959114,0.49958956728575116,0.9991791345715023,2.4979478364287573,0.9991791345715023,5.495485240143264,1.047564549339981,3.997046107810004,1.9901031124520372,100.79033723773527,31.338137139682125,1.4968487666958454,4.496306105571762,38.166692209900994,0.48234014515858137,23412.950134542836,785.2664791957949,4215.373432825778,520.4645313938018,137.50376933352499,6.159710204703891,67.30437194498339,0.9579247735939315,22.923190722747737,28.476425993003154,109.53653158734733,31.41489563687323,0.7844483053354842,0.6936304103838207,15.308856128996235,52.45654692415202,28.186881669237145,114.66019296419864,15.308573955716685,0.28784755257450756,1.3880177014505304,36.934867965470545,13.330664129429291,18.698606522195416,27.200465029613667,110.0267577423607,7.346978428018037,1.3685615159009026,81.25608962679759,23.57238046592859,7.392458944042527,12.027156249471787,3.4416170190796183,0.5995074807429013,0.19983582691430055,3.0927900540060778,4.806378554587784,4.1388039218602914,1.8441411760895476,2.391803565236013,3.160428068956159,1.3634447441214248,391.52767587921534,0.6683921886184677,1.7170625879961985,0.358941726712348
2020-03-05 22:00:00,0.14318661577086203,35.83252718338724,104.11075213434972,35.83252718338724,104.11075213434971,35.83252718338724,104.11075213434971,35.83252718338724,104.11075213434971,35.832527183387235,104.1107521343497,35.83252718338724,104.1107521343497,35.83252718338724,104.11075213434971,35.832527183387235,104.1107521343497,35.83252718338724,104.11075213434971,0.0,35.832527183387235,104.11075213434971,35.832527183387235,104.11075213434971,35.832527183387235,104.1107521343497,35.832527183387235,104.11075213434971,35.832527183387235,104.1107521343497,35.83252718338724,104.11075213434972,35.83252718338725,104.11075213434971,35.83252718338724,104.11075213434971,35.83252718338725,104.11075213434972,35.83252718338724,104.11075213434971,0.0,35.83252718338724,104.11075213434971,35.83252718338724,104.11075213434971,0.0,35.83252718338724,104.11075213434972,0.0,35.83252718338725,104.11075213434971,0.04217937498756669,35.83252718338724,104.1107521343497,0.0,35.83252718338724,104.1107521343497,0.0,37.06010912596786,-95.63513703933613,0.9572887433556598,-0.0034846006346376246,-0.00013741868262203208,37.06010912596786,-95.63513703933613,0.9991876333495779,0.0,0.0,37.060109125967855,-95.63513703933613,0.0,-0.00027807607659213057,37.060109125967855,-95.63513703933613,1.9774405818413046,-0.00032212120911112585,-0.00027117591992587703,37.06010912596785,-95.63513703933612,0.9982120748029262,0.0,-0.00015653953141438193,56.08476756258562,-106.26037842985956,0.0,-0.0009870219284786874,-25.253865921955313,133.6664615408579,4.799017763863958,0.03627290166643271,-25.253865921955317,133.6664615408579,0.0,51.12412569898581,10.443035528831581,0.0,0.0,56.08476756258562,-106.26037842985956,-0.0001760472783982228,0.14269519080208798,-25.253865921955313,133.6664615408579,0.0,-25.253865921955313,133.6664615408579,0.0,37.060109125967855,-95.63513703933613,1.9993876158645982,0.0,37.06010912596786,-95.63513703933612,0.9991876333495779,0.0,0.001067118596433582,37.06010912596786,-95.63513703933612,1.0121228833283742,0.0019996119682707198,37.06010912596786,-95.63513703933613,0.9991876333495779,0.0,37.06010912596785,-95.6351370393361,1.431735697933973,0.0,0.0,37.06010912596786,-95.63513703933613,0.9991876333495779,0.0,0.0,37.06010912596786,-95.63513703933612,0.0,37.06010912596786,-95.63513703933613,1.9983752666991559,0.0,0.0,56.08476756258562,-106.26037842985954,0.9991876333495779,0.0,56.084767562585625,-106.26037842985953,0.0,37.06010912596786,-95.63513703933614,0.9991876333495779,0.0,0.0009090767541846084,0.0,0.0,60.95044563432427,0.0,0.0,0.0,0.0,37.06010912596786,-95.63513703933613,0.0,37.06010912596786,-95.63513703933613,0.9991876333495779,0.0,0.0,37.06010912596786,-95.63513703933613,0.9991876333495779,0.0,0.0,0.0,0.0,0.0,0.0,37.06010912596786,-95.63513703933613,1.0002980602609959,0.0,0.0,37.06010912596786,-95.63513703933613,10.991063966845358,0.0,0.0,37.06010912596786,-95.63513703933613,4.995938166747893,0.0,0.0,37.06010912596786,-95.63513703933613,1.9983752666991559,0.0,0.0,37.06010912596786,-95.63513703933613,0.0,0.0,37.06010912596786,-95.63513703933613,0.0,0.0,37.06010912596786,-95.63513703933613,0.0,0.0,37.06010912596785,-95.63513703933612,35.99472526282507,0.0,0.0,-5.417178514414395e+37,-1.7543677480333716e+38,6.186085877077017e+37,-2.1609564511795536e+38,3.991055831564145e+35,2.5488753864746516e+36,3.52879883160614e+36,-5.469907713559889e+37,-4.265184306612756e+36,-6.918289830019365e+37,-2.6609256332609663e+29,-1.0454261252911965e+29,-6.536907489387143,0.15500441442499116,22.297243604020117,-1.839530017792105e+47,4.763419430054555e+49,-1.8762957602080033e+45,2.6874914393532203e+49,-2.824132674282377e+40,-5.823556858648803e+40,0.7157924220936024,0.3608983524837921,175.41018569709087,109.98121324494021,2.197912386935869,0.20541272506449632,215.7083854400799,33.76897052908132,1.1126492427067578,1.9630434067293172,149.96164174696432,65.65852258915356,324.89027503072697,1.040030933593622,40.3654989569409,90.49522195232994,11.682803650440157,145.26517184659352,207.35495015771667,39.39039059087298,7.466870476214134,2.1708964456225104,58.820419450562795,0.7637547036310282,41.343122547549164,1.2520700150482416,169.53690410838382,208.00550685627587,1.7334457909001229,209.03839933610845,0.3741694498714236,530.5808629731832,1.1621718336602753,74.28922706276002,195.3450987151418,345.2887581445463,16.959567656743857,36.49619003508675,71.8740443871367,4.653584558516994,16.31476468059573,38.70342553926509,0.4280625649702676,54.423669220027385,43.229290054703256,2.228532161475225,85.08743987337688,1.1108829392381065,187.51085544038264,50.35542660600843,282.34653971982493,109.73602565394549,74.50210283154395,0.508790304172741,146.29985872370034,0.6886865655148809,1.8720880678764982,11.444900154563591,1.6942603289427172,0.13825691758483472,0.49959381667478897,2.0756907445012662,1.0001999825150207,0.5005936226589245,0.49959381667478897,0.9991876333495779,2.4979690833739463,0.9991876333495779,5.495531983422679,1.0417052473740536,3.997079251971771,1.9898582049700932,100.79123558676159,31.3384036943605,1.4966196135978742,4.496344350073102,38.167016846631036,0.47093376090054695,23390.810284056603,784.2400506776443,4199.343875743748,520.8592387821877,138.2422639241695,6.173730456791121,67.21553454988735,0.9552739913304926,23.19166559631782,28.483537502396317,109.53246150829176,31.33245714009053,0.7830662027154345,0.6941737606408372,15.349988899511622,52.457239526552925,28.187826750037043,114.66025361269165,15.306130034196576,0.2877400687227831,1.3863737557916243,37.00761652926912,13.440598896392954,18.665439405272295,27.189886464516768,110.03513753579276,7.35269887364063,1.3870194897425046,81.14831518660736,23.357578109407466,7.43101871266872,12.027258549578255,3.4416462926485454,0.5995125800097466,0.1998375266699157,3.0858596595103913,4.8303111114652015,4.125355389814699,1.8526091959069826,2.395823701333337,3.155986839683082,1.36340079884468,391.9236929619428,0.6752794004820012,1.7163972927341717,0.35860482969229673
2020-03-05 23:00:00,0.14357539822650697,35.83283164607387,104.11163674511522,35.83283164607386,104.11163674511522,35.83283164607387,104.1116367451152,35.83283164607386,104.1116367451152,35.83283164607386,104.11163674511519,35.83283164607387,104.11163674511519,35.83283164607387,104.1116367451152,35.83283164607386,104.1116367451152,35.83283164607387,104.1116367451152,0.0,35.83283164607386,104.1116367451152,35.83283164607386,104.1116367451152,35.83283164607386,104.1116367451152,35.83283164607386,104.11163674511522,35.832831646073856,104.11163674511519,35.83283164607387,104.11163674511523,35.83283164607387,104.11163674511522,35.83283164607387,104.1116367451152,35.83283164607388,104.11163674511522,35.83283164607386,104.1116367451152,0.0,35.83283164607386,104.1116367451152,35.83283164607387,104.1116367451152,0.0,35.83283164607386,104.11163674511522,0.0,35.83283164607388,104.1116367451152,0.04252652339586642,35.83283164607386,104.11163674511519,0.0,35.83283164607386,104.11163674511519,0.0,37.06042401920253,-95.63594963428959,0.953437105029586,-0.0037920245721425605,-0.0001481003277411727,37.06042401920253,-95.63594963428959,0.9991961232713112,0.0,0.0,37.06042401920253,-95.63594963428959,0.0,-0.00029935938289406966,37.06042401920253,-95.63594963428959,1.9753727142652076,-0.00035770806225832175,-0.0002951359532339312,37.06042401920252,-95.63594963428957,0.9981699041305423,0.0,-0.00016304308622326277,56.085244104999816,-106.26128130562194,0.0,-0.001014703133067868,-25.254080499616187,133.66759728129242,4.838243005177502,0.0379537558674244,-25.254080499616194,133.66759728129244,0.0,51.12456009169782,10.443124261469316,0.0,0.0,56.08524410499982,-106.26128130562194,-0.00017708948672474955,0.14518042291990602,-25.25408049961619,133.66759728129242,0.0,-25.25408049961619,133.66759728129242,0.0,37.06042401920253,-95.63594963428959,1.999405391082889,0.0,37.06042401920253,-95.63594963428957,0.9991961232713112,0.0,0.0010678313296682883,37.06042401920253,-95.63594963428957,1.012141598663626,0.002001185638149954,37.06042401920253,-95.63594963428959,0.9991961232713112,0.0,37.06042401920252,-95.63594963428956,1.4318521995437041,0.0,0.0,37.06042401920253,-95.63594963428959,0.9991961232713112,0.0,0.0,37.06042401920253,-95.63594963428957,0.0,37.06042401920253,-95.63594963428959,1.9983922465426225,0.0,0.0,56.08524410499982,-106.2612813056219,0.9991961232713112,0.0,56.08524410499982,-106.26128130562192,0.0,37.06042401920253,-95.6359496342896,0.9991961232713112,0.0,0.0009091417409049665,0.0,0.0,60.95096351955,0.0,0.0,0.0,0.0,37.06042401920253,-95.63594963428959,0.0,37.06042401920253,-95.63594963428959,0.9991961232713112,0.0,0.0,37.06042401920253,-95.63594963428959,0.9991961232713112,0.0,0.0,0.0,0.0,0.0,0.0,37.06042401920253,-95.63594963428959,1.0003071431970678,0.0,0.0,37.06042401920253,-95.63594963428959,10.991157355984425,0.0,0.0,37.06042401920253,-95.63594963428959,4.995980616356559,0.0,0.0,37.06042401920253,-95.63594963428959,1.9983922465426225,0.0,0.0,37.06042401920253,-95.63594963428959,0.0,0.0,37.06042401920253,-95.63594963428959,0.0,0.0,37.06042401920253,-95.63594963428959,0.0,0.0,37.060424019202515,-95.63594963428957,35.99504595574236,0.0,0.0,-6.241200354571709e+37,-2.02122942449464e+38,7.099676378959523e+37,-2.480096748939611e+38,4.383105464580346e+35,2.7992566645234924e+36,3.9603744505257497e+36,-6.13888288600873e+37,-5.0029305585688594e+36,-8.114942078816775e+37,-3.0440919496517e+29,-1.1959647470698057e+29,-6.5369861905572035,0.15521315010480602,22.26528146438354,-2.119345960030576e+47,5.466903803574967e+49,-2.0606081565424025e+45,3.016174324558105e+49,-3.230800376783196e+40,-6.536400016307012e+40,0.7174907092877691,0.36080205710932134,175.40965437383267,110.00471073071782,2.171052270114302,0.20543752255713094,216.08358817241918,33.49092514639646,1.1141955878087377,1.9638160007639174,150.13045426964015,65.62948081510254,324.8600007052442,1.0396613989299224,40.376946978648334,90.36766853660521,11.548129768648986,145.31147229326143,207.62866049939825,39.76025702414977,7.488489124184876,2.16837804149377,58.660063076993815,0.7632110801893328,41.355790444679165,1.252345450479951,169.66077885140842,208.28465729110334,1.7446786461149446,209.15311359567548,0.3749793183661701,530.6713486074905,1.1618462392832432,74.34137135758276,196.54411813662932,345.2903698920509,16.725930108540236,36.58575083747807,71.87618733804275,4.661916816616813,16.31923755729953,38.71527537638164,0.42886003752180146,54.43459268023946,43.690486981722295,2.2351603002948166,85.84452531605612,1.1114194361497072,187.6900548908329,50.570825054758586,282.30218014704735,109.83852257165991,74.53764383009378,0.5087941203159535,146.13717377146392,0.6866573080831991,1.8653188540110905,11.447748670711045,1.7311453665281828,0.1382436417608898,0.4995980616356556,2.079078934266641,1.0002092678115784,0.5005986544547306,0.4995980616356556,0.9991961232713112,2.4979903081782795,0.9991961232713112,5.495578677992213,1.034515653479267,3.997112359505226,1.9896106949996182,100.79213266820919,31.3386699712696,1.4963868279062327,4.496382554720902,38.16734114506609,0.4576555959677591,23372.440878162906,783.3981862833214,4186.615207575597,521.3972006888846,139.24701450292807,6.19178475040577,67.13650651644127,0.9529149374717573,23.424102291777274,28.488640387539384,109.52986778038412,31.274425338196448,0.7820835028614289,0.6948174772839755,15.398784482018025,52.457643412665796,28.188642861086095,114.6604888266456,15.304624761384689,0.2876528555358985,1.3850325132168904,37.08510092708784,13.557709606801044,18.63516605287643,27.17892963016099,110.04377346670319,7.358617700474009,1.4061244264533928,81.0355877715206,23.1329598615629,7.452980682375463,12.0273607430806,3.4416755357122937,0.5995176739627867,0.19983922465426238,3.0775130785094897,4.853204902140064,4.109702369249737,1.8603526525690943,2.393116194813382,3.1508649616542512,1.3633586762304857,392.2198334578454,0.6804160693847079,1.7152710930164428,0.35803748487256565
2020-03-06 00:00:00,0.14415479142510815,35.83313568968121,104.1125201382535,35.8331356896812,104.1125201382535,35.83313568968121,104.11252013825352,35.8331356896812,104.11252013825352,35.8331356896812,104.1125201382535,35.83313568968121,104.1125201382535,35.83313568968121,104.1125201382535,35.8331356896812,104.11252013825349,35.83313568968121,104.11252013825352,0.0,35.8331356896812,104.11252013825352,35.8331356896812,104.11252013825349,35.8331356896812,104.1125201382535,35.8331356896812,104.1125201382535,35.83313568968119,104.1125201382535,35.83313568968121,104.11252013825352,35.83313568968121,104.11252013825352,35.83313568968121,104.1125201382535,35.833135689681214,104.11252013825353,35.8331356896812,104.11252013825352,0.0,35.8331356896812,104.1125201382535,35.83313568968121,104.11252013825352,0.0,35.8331356896812,104.11252013825353,0.0,35.833135689681214,104.1125201382535,0.04259341854297449,35.8331356896812,104.1125201382535,0.0,35.8331356896812,104.1125201382535,0.0,37.060738479000726,-95.6367611107424,0.9495301254383222,-0.004103823157491138,-0.00015893044960244018,37.060738479000726,-95.6367611107424,0.9992046015070465,0.0,0.0,37.060738479000726,-95.6367611107424,0.0,-0.0003209376178678128,37.060738479000726,-95.6367611107424,1.973274565942022,-0.0003938189786334839,-0.00031943712571486094,37.06073847900072,-95.63676111074237,0.9981270880070224,0.0,-0.00016962125673403508,56.085719991474676,-106.26218293861616,0.0,-0.0010426328078880637,-25.2542947819205,133.66873145843095,4.8750418200274845,0.0395305292044986,-25.254294781920507,133.66873145843095,0.0,51.12499388648768,10.443212871970537,0.0,0.0,56.08571999147468,-106.26218293861615,-0.00017811111818269313,0.14762214123910367,-25.2542947819205,133.66873145843095,0.0,-25.254294781920503,133.66873145843095,0.0,37.060738479000726,-95.63676111074238,1.9994231391069157,0.0,37.060738479000726,-95.63676111074238,0.9992046015070465,0.0,0.0010685382425694094,37.060738479000726,-95.63676111074238,1.012160271156063,0.002002753781941327,37.060738479000726,-95.6367611107424,0.9992046015070465,0.0,37.06073847900072,-95.63676111074237,1.42998629112916,0.0,0.0,37.060738479000726,-95.6367611107424,0.9992046015070465,0.0,0.0,37.06073847900073,-95.63676111074238,0.0,37.060738479000726,-95.6367611107424,1.998409203014093,0.0,0.0,56.085719991474676,-106.26218293861615,0.9992046015070465,0.0,56.08571999147468,-106.26218293861615,0.0,37.060738479000726,-95.6367611107424,0.9992046015070465,0.0,0.0009093190223974405,0.0,0.0,60.95148069192986,0.0,0.0,0.0,0.0,37.060738479000726,-95.6367611107424,0.0,37.060738479000726,-95.6367611107424,0.9992046015070465,0.0,0.0,37.060738479000726,-95.6367611107424,0.9992046015070465,0.0,0.0,0.0,0.0,0.0,0.0,37.060738479000726,-95.6367611107424,1.0003162087574111,0.0,0.0,37.060738479000726,-95.6367611107424,10.991250616577513,0.0,0.0,37.060738479000726,-95.6367611107424,4.996023007535235,0.0,0.0,37.060738479000726,-95.6367611107424,1.998409203014093,0.0,0.0,37.060738479000726,-95.6367611107424,0.0,0.0,37.060738479000726,-95.6367611107424,0.0,0.0,37.060738479000726,-95.6367611107424,0.0,0.0,37.06073847900072,-95.63676111074237,35.99536616471303,0.0,0.0,-7.077791478942915e+37,-2.2921616972603453e+38,8.027163272950789e+37,-2.8040914083706544e+38,4.780828214564827e+35,3.053261061069166e+36,4.3983830867664817e+36,-6.817829726650498e+37,-5.752057365065458e+36,-9.33005401635867e+37,-3.433072060574734e+29,-1.3487874960766862e+29,-6.537064598711354,0.15558831498291203,22.23921431467982,-2.4034300975209853e+47,6.181088698474651e+49,-2.2475876278975602e+45,3.349756519642996e+49,-3.6436384610847053e+40,-7.259869999135235e+40,0.718973987123609,0.36046547065749607,175.4394999381779,110.03772808087217,2.1571380423788344,0.20546834679921563,216.51631741770424,33.16288835175952,1.1158724721266648,1.9640522418967423,150.18758090493887,65.63208896047131,324.85373573587634,1.0395669710078153,40.44885003072136,90.25246105398577,11.429317925729585,145.37993545289862,207.9801434433166,40.229473440519484,7.510321521659665,2.1646079382531096,58.41924566513695,0.7627665055065371,41.35862092295596,1.2540825894786596,170.04597210016772,208.74574940890636,1.7576625922676918,209.27656518419096,0.37600003193173437,530.7008251303431,1.1616738542856335,74.42386140870804,197.97730046415367,345.2974073122412,16.514779145494416,36.71708558685641,71.87873225139,4.672622135268057,16.324155230305806,38.72735728034391,0.42967357340479967,54.45142681532779,44.22327829600272,2.24100140266288,86.51159567344213,1.112720383237822,188.06899259922466,50.803856254275864,282.27919031337484,109.92239554533143,74.57942829344215,0.5088005681457182,145.94583257447894,0.6842723066106562,1.8591956850078761,11.451322685356342,1.7543323498456114,0.1384476828080481,0.49960230075352324,2.082258911408039,1.0002185375998698,0.500603677644494,0.49960230075352324,0.9992046015070465,2.4980115037676174,0.9992046015070465,5.495625308288757,1.0263041282832488,3.997145419422096,1.9893605906673766,100.79302819047203,31.338935881660422,1.496150396997388,4.496420706781711,38.16766499711884,0.4428740034614244,23359.57217874135,782.8240536349989,4178.619469278776,522.0746103747741,140.51108825460733,6.213381480346015,67.06685050564516,0.9508346089907518,23.613944487087533,28.49177942124926,109.52871703279777,31.24029013745502,0.781491279040877,0.6955752787394,15.456290395636051,52.45826434105033,28.189202140376853,114.66107435613425,15.304850518919125,0.2876060808737716,1.3842946350576395,37.16651400008339,13.680773564388996,18.61036959016162,27.167763870873703,110.05254926461916,7.3646456025282205,1.4255852237406763,80.92042717902943,22.903520203869466,7.458158458128166,12.027462795918154,3.441704738524271,0.599522760904228,0.19984092030140943,3.068104623945091,4.874360119783734,4.092278678287082,1.8670838156180352,2.3837788635088915,3.1463535176427837,1.3633697829650104,392.407353466282,0.6836489516771054,1.7137200888949116,0.3572577436939323
2020-03-06 01:00:00,0.144885856931551,35.83343921407959,104.11340202283971,35.83343921407958,104.1134020228397,35.83343921407959,104.11340202283971,35.83343921407959,104.11340202283971,35.83343921407959,104.1134020228397,35.83343921407959,104.1134020228397,35.83343921407959,104.1134020228397,35.83343921407959,104.11340202283968,35.83343921407959,104.11340202283971,0.0,35.83343921407958,104.11340202283971,35.83343921407958,104.11340202283968,35.83343921407958,104.11340202283971,35.83343921407958,104.1134020228397,35.833439214079576,104.1134020228397,35.83343921407959,104.11340202283971,35.8334392140796,104.11340202283971,35.83343921407959,104.1134020228397,35.8334392140796,104.11340202283972,35.83343921407958,104.11340202283971,0.0,35.83343921407958,104.1134020228397,35.83343921407959,104.11340202283971,0.0,35.83343921407959,104.11340202283972,0.0,35.8334392140796,104.11340202283971,0.04238968010756916,35.83343921407958,104.1134020228397,0.0,35.83343921407958,104.1134020228397,0.0,37.06105240180246,-95.63757120145372,0.9455677094201853,-0.004420003202184275,-0.00016990922459510574,37.06105240180246,-95.63757120145372,0.9992130652646749,0.0,0.0,37.061052401802456,-95.63757120145372,0.0,-0.00034281111732482883,37.061052401802456,-95.63757120145372,1.9711460750323049,-0.0004304550483611169,-0.0003440799710822534,37.061052401802456,-95.6375712014537,0.9980836240066193,0.0,-0.00017627388049741913,56.08619506528808,-106.26308303191045,0.0,-0.0010708090747440363,-25.25450869829937,133.66986369875875,4.908541880828553,0.04096113600362053,-25.25450869829938,133.66986369875875,0.0,51.12542694049519,10.443301331153446,0.0,0.0,56.08619506528809,-106.26308303191044,-0.00017911158986944975,0.14990661227366964,-25.25450869829937,133.66986369875875,0.0,-25.254508698299375,133.66986369875875,0.0,37.06105240180246,-95.63757120145371,1.9994408541527862,0.0,37.06105240180246,-95.6375712014537,0.9992130652646749,0.0,0.0010692392105646166,37.06105240180246,-95.6375712014537,1.0121788950380686,0.0020043159583230316,37.06105240180246,-95.63757120145372,0.9992130652646749,0.0,37.061052401802456,-95.63757120145368,1.4264982874074559,0.0,0.0,37.06105240180246,-95.63757120145372,0.9992130652646749,0.0,0.0,37.06105240180246,-95.63757120145371,0.0,37.06105240180246,-95.63757120145372,1.9984261305293498,0.0,0.0,56.08619506528808,-106.26308303191044,0.9992130652646749,0.0,56.08619506528809,-106.26308303191044,0.0,37.06105240180246,-95.63757120145372,0.9992130652646749,0.0,0.0009095833778816835,0.0,0.0,60.95199698114518,0.0,0.0,0.0,0.0,37.06105240180246,-95.63757120145371,0.0,37.06105240180246,-95.63757120145372,0.9992130652646749,0.0,0.0,37.06105240180246,-95.63757120145372,0.9992130652646749,0.0,0.0,0.0,0.0,0.0,0.0,37.06105240180246,-95.63757120145372,1.0003252540654932,0.0,0.0,37.06105240180246,-95.63757120145372,10.991343717911423,0.0,0.0,37.06105240180246,-95.63757120145372,4.996065326323376,0.0,0.0,37.06105240180246,-95.63757120145372,1.9984261305293498,0.0,0.0,37.06105240180246,-95.63757120145372,0.0,0.0,37.06105240180246,-95.63757120145372,0.0,0.0,37.06105240180246,-95.63757120145372,0.0,0.0,37.06105240180245,-95.6375712014537,35.99568578463774,0.0,0.0,-7.926984584028377e+37,-2.567175155179533e+38,8.968582141138634e+37,-3.132952859196983e+38,5.184234392771368e+35,3.310895161361819e+36,4.842839301048742e+36,-7.506770805713406e+37,-6.512596172534994e+36,-1.0563676649943525e+38,-3.82788064326792e+29,-1.5039001387141355e+29,-6.537142692157081,0.15611050921924557,22.21980818617155,-2.691793533126998e+47,6.906001513726996e+49,-2.43723902185326e+45,3.688249113880002e+49,-4.0626625046485417e+40,-7.993990936422435e+40,0.7201720253185824,0.35989960542232796,175.4980905132015,110.08174164336829,2.1560142610931345,0.205506623155001,217.00098583433274,32.7879691394395,1.117598431071862,1.9635631827191198,150.09431966969714,65.6720853120138,324.8759728233995,1.0397991303104306,40.57787354155583,90.14941384720535,11.325396380329316,145.46603320486972,208.40275227471784,40.78965376082694,7.5291722878720035,2.159616830191323,58.09990991892539,0.7624592258107624,41.351951457544004,1.2572180264167454,170.6806840216832,209.36699756686738,1.772225220949601,209.40302360128956,0.37722220208883905,530.6478005323268,1.1616857137901295,74.54090125117108,199.6046072393147,345.3109828636331,16.325777690715913,36.88159837601247,71.88177418202163,4.685497663673805,16.3296596947321,38.737787997385006,0.4303732190236761,54.475483617683764,44.82069079740417,2.245902447667981,87.07140563606605,1.11471193855184,188.62811712307146,51.04355279999612,282.2819053298628,109.98522423543625,74.62823722537662,0.5088111224987686,145.72766023509104,0.6815542222536565,1.8537109815444608,11.455793802680654,1.763127351647237,0.13885737005010107,0.49960653263233745,2.085146397606026,1.0002277888881115,0.5006086906114989,0.49960653263233745,0.9992130652646749,2.498032663161688,0.9992130652646749,5.495671858955712,1.017413601947459,3.997178420880353,1.9891079009592312,100.79392186588379,31.339201337961594,1.4959103089519805,4.496458793691038,38.16798829613616,0.4269750094799421,23353.55755234594,782.5825870004904,4176.470019376636,522.8852576230113,142.0230837398469,6.237915642994703,67.00599210251923,0.9490159263297686,23.7556567266091,28.492996569718876,109.52897796578098,31.229577187231843,0.7812811646084177,0.6964614369247795,15.523596474822249,52.45922398483586,28.18942361693576,114.66212132800432,15.307295072833181,0.2876125112628867,1.3843504954022612,37.25080755163058,13.808202509935947,18.593164794306286,27.156588282394463,110.06132830705899,7.370677596502241,1.4450596592732616,80.80516251750474,22.673875610136545,7.447158235743898,12.027564674482198,3.441733891467213,0.5995278391588049,0.19984261305293508,3.0580313986775844,4.8931437665908195,4.073539028493313,1.8725407306540023,2.3681169628950145,3.1437776338813226,1.363487522108759,392.4807493298795,0.6848815977889334,1.711792066430052,0.35628950058268855
2020-03-06 02:00:00,0.1457227936188896,35.83374212048722,104.11428211186504,35.833742120487216,104.11428211186504,35.833742120487216,104.11428211186505,35.833742120487216,104.11428211186505,35.833742120487216,104.11428211186504,35.83374212048722,104.11428211186504,35.833742120487216,104.11428211186504,35.833742120487216,104.11428211186502,35.833742120487216,104.11428211186505,0.0,35.833742120487216,104.11428211186505,35.833742120487216,104.11428211186502,35.83374212048721,104.11428211186505,35.833742120487216,104.11428211186504,35.83374212048721,104.11428211186504,35.83374212048722,104.11428211186505,35.833742120487216,104.11428211186505,35.83374212048722,104.11428211186504,35.83374212048722,104.11428211186507,35.833742120487216,104.11428211186505,0.0,35.833742120487216,104.11428211186504,35.83374212048722,104.11428211186505,0.0,35.833742120487216,104.11428211186507,0.0,35.83374212048723,104.11428211186504,0.041937648045873493,35.833742120487216,104.11428211186504,0.0,35.833742120487216,104.11428211186504,0.0,37.06136568544177,-95.6383796427801,0.9415497723234143,-0.004740570681942113,-0.00018103679987470714,37.06136568544177,-95.6383796427801,0.999221511789672,0.0,0.0,37.06136568544177,-95.6383796427801,0.0,-0.00036498015877494544,37.06136568544177,-95.6383796427801,1.9689871854105472,-0.00046761726573443796,-0.0003690649578831015,37.06136568544177,-95.63837964278008,0.9980395098835749,0.0,-0.00018300077640218473,56.0866691718276,-106.26398129257007,0.0,-0.0010992299705421121,-25.254722179133868,133.67099363378895,4.938047704018799,0.04221164395339522,-25.25472217913387,133.67099363378895,0.0,51.12585911278322,10.443389610229062,0.0,0.0,56.08666917182761,-106.26398129257005,-0.00018009031401587617,0.15193771642728132,-25.254722179133868,133.67099363378895,0.0,-25.254722179133868,133.67099363378895,0.0,37.06136568544178,-95.63837964278008,1.9994585305150565,0.0,37.06136568544177,-95.63837964278007,0.999221511789672,0.0,0.001069934111808099,37.06136568544177,-95.63837964278007,1.0121974646234875,0.0020058717326576873,37.06136568544177,-95.6383796427801,0.999221511789672,0.0,37.06136568544177,-95.63837964278007,1.4218386311597622,0.0,0.0,37.06136568544177,-95.6383796427801,0.999221511789672,0.0,0.0,37.06136568544178,-95.63837964278008,0.0,37.06136568544177,-95.6383796427801,1.998443023579344,0.0,0.0,56.0866691718276,-106.26398129257005,0.999221511789672,0.0,56.08666917182761,-106.26398129257005,0.0,37.06136568544177,-95.6383796427801,0.999221511789672,0.0,0.0009099154679537542,0.0,0.0,60.95251221917,0.0,0.0,0.0,0.0,37.06136568544177,-95.63837964278008,0.0,37.06136568544177,-95.6383796427801,0.999221511789672,0.0,0.0,37.06136568544177,-95.6383796427801,0.999221511789672,0.0,0.0,0.0,0.0,0.0,0.0,37.06136568544177,-95.6383796427801,1.0003342762845593,0.0,0.0,37.06136568544177,-95.6383796427801,10.99143662968639,0.0,0.0,37.06136568544177,-95.6383796427801,4.996107558948362,0.0,0.0,37.06136568544177,-95.6383796427801,1.998443023579344,0.0,0.0,37.06136568544177,-95.6383796427801,0.0,0.0,37.06136568544177,-95.6383796427801,0.0,0.0,37.06136568544177,-95.6383796427801,0.0,0.0,37.061365685441764,-95.63837964278008,35.99600471200639,0.0,0.0,-8.78881017338804e+37,-2.84627967691149e+38,9.923966132267583e+37,-3.466692681114754e+38,5.593333251062988e+35,3.5721648740750544e+36,5.293756497658073e+36,-8.205726900863346e+37,-7.284576470621422e+36,-1.1815857812886823e+38,-4.2285313541077364e+29,-1.6613080403077845e+29,-6.53722044953393,0.1567519901998729,22.207646004071435,-2.9844466250472895e+47,7.641667774580416e+49,-2.629566687943359e+45,4.0316623158144343e+49,-4.487887001460148e+40,-8.738785064928763e+40,0.7210244853759017,0.35912235559436045,175.58243102776996,110.13369908184129,2.1675610553799007,0.20555408721813176,217.5308577403266,32.37046776834066,1.1192911534988645,1.9621898596919651,149.81813644751603,65.75125542260923,324.9267597119115,1.0403584312318324,40.7579642536928,90.05810304537901,11.235237589901427,145.56443943957106,208.88850028351465,41.43065792097538,7.54200943467159,2.153454184189072,57.70520991352623,0.7623162412598443,41.33656595673052,1.2616238108156788,171.54154839165352,210.11747120823495,1.7881592063917677,209.5267086904598,0.3786326641869408,530.4941932240995,1.161893186059194,74.69127377636696,201.37905643741107,345.3295066377537,16.15815468741417,37.06918052857291,71.88542891056288,4.700299688662299,16.335165355690084,38.744778487597934,0.43083552221546595,54.507535101779226,45.47432722122208,2.2497343069784503,87.50940570734635,1.1172921820719086,189.34048088346032,51.2788473254073,282.31191438307104,110.02516672768593,74.68486192183049,0.5088223518829621,145.48515791672304,0.6785341091873595,1.8488440605804273,11.46137096627836,1.7572851308056536,0.13945128101741222,0.499610755894836,2.087673334415124,1.000237018725385,0.5006136917611649,0.499610755894836,0.999221511789672,2.498053779474181,0.999221511789672,5.495718314843195,1.0082062115160904,3.9972113531843596,1.988852635733812,100.79481341072078,31.339466253780547,1.4956665525671546,4.496496803053525,38.16831093690062,0.4103450089601745,23355.293355957805,782.7166310259752,4180.895022626696,523.8204347024525,143.76695093713653,6.26467744329362,66.9532648328387,0.9474390721493886,23.845026586815,28.492328776976258,109.53062298191028,31.241874049168324,0.7814457943447705,0.6974904117848773,15.60180699013344,52.460239151060826,28.18927884536237,114.66366847994674,15.312105805418485,0.2876766225140738,1.3852669316148263,37.336694496132104,13.938045910439405,18.585044624936423,27.145627403781198,110.06995656723586,7.376595292040346,1.4641617936440359,80.6918638942439,22.44812919130131,7.421350710035112,12.027666345616423,3.441762985053314,0.5995329070738031,0.19984430235793446,3.0477150975094363,4.90903213504731,4.053938635593493,1.8764996209427165,2.346625027519985,3.1444389639714476,1.3637652506590467,392.4380751788383,0.6840799180975761,1.7095438667855927,0.35516117749796033
2020-03-06 03:00:00,0.1466146747754489,35.83404431147132,104.11516012224043,35.83404431147131,104.11516012224041,35.83404431147131,104.11516012224043,35.83404431147132,104.11516012224044,35.83404431147132,104.11516012224041,35.83404431147132,104.11516012224041,35.83404431147132,104.11516012224041,35.83404431147132,104.1151601222404,35.83404431147131,104.11516012224043,0.0,35.83404431147131,104.11516012224043,35.83404431147131,104.1151601222404,35.83404431147131,104.11516012224043,35.83404431147131,104.11516012224041,35.8340443114713,104.11516012224041,35.83404431147132,104.11516012224043,35.83404431147132,104.11516012224043,35.83404431147132,104.11516012224041,35.834044311471324,104.11516012224044,35.83404431147132,104.11516012224043,0.0,35.83404431147131,104.11516012224041,35.834044311471324,104.11516012224043,0.0,35.83404431147131,104.11516012224044,0.0,35.834044311471324,104.11516012224041,0.04127119884592363,35.83404431147131,104.11516012224041,0.0,35.83404431147131,104.11516012224041,0.0,37.06167822914795,-95.63918617467857,0.9374762401957497,-0.005065530721694245,-0.00019231329285077092,37.06167822914795,-95.63918617467857,0.9992299383651317,0.0,0.0,37.06167822914795,-95.63918617467857,0.0,-0.00038744496040803156,37.06167822914795,-95.63918617467857,1.9667978467686873,-0.000505306527429375,-0.0003943924883264144,37.061678229147944,-95.63918617467856,0.9979947435744343,0.0,-0.0001898017443969363,56.08714215859228,-106.26487743166079,0.0,-0.0011278934456585982,-25.254935155755813,133.67212090006709,4.963080104818942,0.04325810029613256,-25.254935155755817,133.67212090006709,0.0,51.12629026433938,10.443477680801571,0.0,0.0,56.087142158592286,-106.26487743166078,-0.00018104669799616242,0.1536441973939935,-25.254935155755813,133.67212090006709,0.0,-25.254935155755813,133.67212090006709,0.0,37.06167822914795,-95.63918617467856,1.999476162566794,0.0,37.06167822914795,-95.63918617467856,0.9992299383651317,0.0,0.001070622827167478,37.06167822914795,-95.63918617467854,1.0122159743076096,0.0020074206769829187,37.06167822914795,-95.63918617467857,0.9992299383651317,0.0,37.061678229147944,-95.63918617467856,1.4165225535475128,0.0,0.0,37.06167822914795,-95.63918617467857,0.9992299383651317,0.0,0.0,37.06167822914796,-95.63918617467856,0.0,37.06167822914795,-95.63918617467857,1.9984598767302635,0.0,0.0,56.08714215859228,-106.26487743166078,0.9992299383651317,0.0,56.087142158592286,-106.26487743166078,0.0,37.06167822914795,-95.63918617467857,0.9992299383651317,0.0,0.0009103004821697897,0.0,0.0,60.95302624027305,0.0,0.0,0.0,0.0,37.06167822914795,-95.63918617467856,0.0,37.06167822914795,-95.63918617467857,0.9992299383651317,0.0,0.0,37.06167822914795,-95.63918617467857,0.9992299383651317,0.0,0.0,0.0,0.0,0.0,0.0,37.06167822914795,-95.63918617467857,1.0003432726176527,0.0,0.0,37.06167822914795,-95.63918617467857,10.991529322016447,0.0,0.0,37.06167822914795,-95.63918617467857,4.99614969182566,0.0,0.0,37.06167822914795,-95.63918617467857,1.9984598767302635,0.0,0.0,37.06167822914795,-95.63918617467857,0.0,0.0,37.06167822914795,-95.63918617467857,0.0,0.0,37.06167822914795,-95.63918617467857,0.0,0.0,37.061678229147944,-95.63918617467856,35.996322844853225,0.0,0.0,-9.663296515189756e+37,-3.1294844171781295e+38,1.0893345914782004e+38,-3.805321587388114e+38,6.008132962550806e+35,3.8370754189405084e+36,5.75114690261875e+36,-8.914716963372583e+37,-8.068025753826733e+36,-1.3086642102308758e+38,-4.6350368091391486e+29,-1.8210161574574136e+29,-6.537297849813204,0.1574783404624423,22.203094621794794,-3.2813989724018355e+47,8.388111096397495e+49,-2.8245744685524753e+45,4.3800054366420136e+49,-4.919325341366439e+40,-9.494272697477287e+40,0.7214836736164675,0.3581574621231399,175.68829629866477,110.18623642684413,2.1916958878272785,0.20561283578464482,218.09812485710353,31.91591225615919,1.1208732383598594,1.9598124316380061,149.3345374704397,65.86728634289685,325.0016950330024,1.041194454463479,40.98061647773751,89.97792206242657,11.157624289149274,145.66923204924893,209.42807469266486,42.14060697966179,7.546163324519833,2.146191191891599,57.23970212607456,0.7623513459690746,41.31365321715762,1.2671138723714288,172.59478570684666,210.95893526595557,1.8052246663976403,209.64219355282907,0.38021437840451705,530.2263714616716,1.1622871736150882,74.86837693904418,203.24758626500383,345.3488078078149,16.01080621226027,37.268593413625545,71.88983634846876,4.716744057584401,16.339388268474316,38.74675098459812,0.4309516103159685,54.547735345800184,46.17446113353732,2.252392036952951,87.8137744486384,1.1203358075412782,190.17297673800303,51.499349385522265,282.3679492786586,110.04106366938932,74.75007774069832,0.5088261005655892,145.22152455811533,0.6752516841803206,1.844564156315411,11.46830659983713,1.7370232061732933,0.1401991934636799,0.49961496918256587,2.089791507455594,1.000246224201663,0.5006186795210573,0.49961496918256587,0.9992299383651317,2.49807484591283,0.9992299383651317,5.495764661008224,0.9990480533887541,3.9972442057849853,1.9885948057376557,100.7957025452044,31.339730543904547,1.4954191173689484,4.496534722643093,38.16863281563169,0.3933552391729133,23365.16913601433,783.2445467955548,4192.19630270854,524.8688708901749,145.72186460371668,6.2928653558405125,66.9079492092263,0.9460826525170548,23.87940286906818,28.48980738387072,109.53362861388314,31.276836467863646,0.7819789205878509,0.6986763720286336,15.692004086565014,52.4606368064604,28.188793840387664,114.66567949415466,15.319077852694294,0.2877942943628789,1.3869827004294106,37.42266522466142,14.068015794502864,18.58677185495473,27.135124766580546,110.07826702786973,7.38227029115436,1.4824730547796428,80.5822964381883,22.229779597723788,7.38279982657435,12.027767776617326,3.4417920099243418,0.5995379630190789,0.19984598767302642,3.0375838838350355,4.921647510758698,4.033914928618916,1.8787857505028165,2.3199584217566533,3.1495594296667533,1.364254243745861,392.28105451193136,0.6812741387078365,1.707038413504842,0.35390423756985506
2020-03-06 04:00:00,0.14750749504757701,35.83434569094917,104.11603577479924,35.834345690949164,104.11603577479924,35.834345690949164,104.11603577479924,35.83434569094917,104.11603577479926,35.83434569094917,104.11603577479924,35.83434569094917,104.11603577479924,35.834345690949164,104.11603577479923,35.834345690949164,104.11603577479923,35.83434569094917,104.11603577479924,0.0,35.834345690949164,104.11603577479926,35.834345690949164,104.11603577479922,35.834345690949164,104.11603577479924,35.834345690949164,104.11603577479923,35.83434569094916,104.11603577479924,35.83434569094917,104.11603577479924,35.834345690949164,104.11603577479926,35.83434569094917,104.11603577479923,35.83434569094917,104.11603577479926,35.834345690949164,104.11603577479924,0.0,35.834345690949164,104.11603577479924,35.83434569094917,104.11603577479924,0.0,35.834345690949164,104.11603577479926,0.0,35.83434569094918,104.11603577479924,0.040433929358878226,35.834345690949164,104.11603577479923,0.0,35.834345690949164,104.11603577479924,0.0,37.06198993354659,-95.6399905407094,0.9333470499749854,-0.0053948875804914476,-0.0002037387906721616,37.06198993354659,-95.6399905407094,0.9992383423117936,0.0,0.0,37.06198993354659,-95.6399905407094,0.0,-0.00041020568007078123,37.06198993354659,-95.6399905407094,1.9645780147201544,-0.0005435236307091557,-0.0004200628971059994,37.06198993354659,-95.63999054070939,0.9979493232003807,0.0,-0.00019667656520774499,56.087613875194265,-106.26577116425197,0.0,-0.0011567973620578154,-25.255147560448524,133.67324513917478,4.983403864661603,0.04408782427574087,-25.255147560448524,133.67324513917475,0.0,51.12672025807747,10.443565514868613,0.0,0.0,56.08761387519427,-106.26577116425196,-0.0001819801443266049,0.1549851404628604,-25.255147560448524,133.67324513917475,0.0,-25.25514756044852,133.67324513917478,0.0,37.06198993354659,-95.63999054070939,1.9994937447596242,0.0,37.06198993354659,-95.63999054070939,0.9992383423117936,0.0,0.0010713052402105665,37.06198993354659,-95.63999054070938,1.0122344185671497,0.0020089623700025186,37.06198993354659,-95.6399905407094,0.9992383423117936,0.0,37.061989933546585,-95.63999054070939,1.41110097249528,0.0,0.0,37.06198993354659,-95.6399905407094,0.9992383423117936,0.0,0.0,37.0619899335466,-95.63999054070939,0.0,37.06198993354659,-95.6399905407094,1.9984766846235873,0.0,0.0,56.087613875194265,-106.26577116425196,0.9992383423117936,0.0,56.08761387519427,-106.26577116425196,0.0,37.06198993354659,-95.6399905407094,0.9992383423117936,0.0,0.0009107270869127572,0.0,0.0,60.95353888101943,0.0,0.0,0.0,0.0,37.06198993354659,-95.6399905407094,0.0,37.06198993354659,-95.6399905407094,0.9992383423117936,0.0,0.0,37.06198993354659,-95.6399905407094,0.9992383423117936,0.0,0.0,0.0,0.0,0.0,0.0,37.06198993354659,-95.6399905407094,1.0003522403076286,0.0,0.0,37.06198993354659,-95.6399905407094,10.99162176542973,0.0,0.0,37.06198993354659,-95.6399905407094,4.996191711558971,0.0,0.0,37.06198993354659,-95.6399905407094,1.9984766846235873,0.0,0.0,37.06198993354659,-95.6399905407094,0.0,0.0,37.06198993354659,-95.6399905407094,0.0,0.0,37.06198993354659,-95.6399905407094,0.0,0.0,37.061989933546585,-95.63999054070939,35.99664008272385,0.0,0.0,-1.0550469599510268e+38,-3.4167977929351374e+38,1.1876749629593142e+38,-4.148849408349783e+38,6.428640602125804e+35,4.105631314315334e+36,6.215021541743771e+36,-9.633758084093085e+37,-8.862969482926883e+36,-1.437607081654863e+38,-5.047408564559709e+29,-1.9830290303691238e+29,-6.537374872297636,0.15825056751348407,22.206283645257862,-3.5826594007304483e+47,9.145353148285987e+49,-3.02226568976497e+45,4.733286873491302e+49,-5.356989789360732e+40,-1.0260472192467488e+41,0.7215166716629121,0.3570331967340063,175.8104282846852,110.2283029907251,2.2283650936449035,0.20568538264618527,218.69403459692504,31.431001824964998,1.122277588645623,1.9563566203579565,148.62838830554375,66.01393587239895,325.0923017100067,1.0422100850967024,41.235267330292345,89.90813429830405,11.091304635143036,145.77413094650638,210.01091175440865,42.90597913775991,7.539505100820921,2.1379231253926765,56.70949768962603,0.7625641072888514,41.28474318353296,1.2734534570361329,173.79790007280954,211.8481676865484,1.82315312242514,209.74478205378853,0.3819464153654784,529.8358859113753,1.1628388884216825,75.06071653799938,205.15226284046207,345.3624994386242,15.882391490479076,37.4679198739255,71.89516426506697,4.734508467320535,16.34043700746523,38.74244398839204,0.4306344355192444,54.5955841533988,46.91019690541533,2.2537943332784867,87.97535702214088,1.1237001499223844,191.0879285850902,51.696072825073514,282.44599271478586,110.03250516193211,74.82461130004486,0.5088100870889269,144.94062523361004,0.6717549337984846,1.8408332845963382,11.476903329593066,1.7030086514966698,0.14106349644362992,0.4996191711558968,2.0914751013776818,1.0002554024478305,0.5006236523408982,0.4996191711558968,0.9992383423117936,2.4980958557794857,0.9992383423117936,5.495810882714865,0.9902948580359527,3.997276968279717,1.988334422622347,100.7965889935031,31.339994124301597,1.495167993624751,4.496572540403072,38.168953829986876,0.376348842499197,23383.05067796367,784.1594035602197,4210.235736474836,526.0167229583128,147.86220191534375,6.32160436867858,66.8693053167612,0.9449246659678492,23.85784860387242,28.48545909114647,109.53797481543894,31.334175820901834,0.7828752221890545,0.7000325957936191,15.79520206133396,52.459403466509876,28.18804717708731,114.66804561575886,15.327667042862378,0.28795311034118853,1.3893129560115522,37.507019723920244,14.195535464006332,18.598322633807992,27.125334415170887,110.08608548316798,7.387568656784916,1.4995568081215616,80.47789599666764,22.021672870443666,7.33415340229606,12.027868935234556,3.4418209568517333,0.5995430053870763,0.19984766846235882,3.0280552718098774,4.930785932986531,4.01387231357595,1.8792818880146838,2.2888971357532424,3.160228427066181,1.365001732390563,392.014975480809,0.6765569660221677,1.7043416336875923,0.3525516456878991
2020-03-06 05:00:00,0.14834645180980036,35.83464616418896,104.11690879429995,35.83464616418895,104.11690879429993,35.834646164188946,104.11690879429993,35.83464616418896,104.11690879429995,35.83464616418895,104.11690879429993,35.83464616418896,104.11690879429993,35.83464616418895,104.11690879429993,35.83464616418895,104.11690879429992,35.83464616418896,104.11690879429995,0.0,35.83464616418895,104.11690879429995,35.83464616418895,104.1169087942999,35.834646164188946,104.11690879429995,35.83464616418895,104.11690879429992,35.83464616418894,104.11690879429995,35.83464616418895,104.11690879429995,35.83464616418895,104.11690879429995,35.83464616418896,104.11690879429993,35.83464616418896,104.11690879429996,35.83464616418895,104.11690879429993,0.0,35.83464616418895,104.11690879429995,35.83464616418896,104.11690879429995,0.0,35.83464616418895,104.11690879429995,0.0,35.83464616418897,104.11690879429993,0.03947683935726168,35.83464616418895,104.11690879429992,0.0,35.83464616418895,104.11690879429993,0.0,37.06230070066047,-95.64079248803834,0.9291621496800975,-0.005728644636374458,-0.00021531334971100144,37.06230070066047,-95.64079248803834,0.9992467209880678,0.0,0.0,37.06230070066047,-95.64079248803834,0.0,-0.00043326241424078427,37.06230070066047,-95.64079248803834,1.9623276509042658,-0.0005822692716222072,-0.0004460764502193168,37.062300700660465,-95.64079248803833,0.9979032470695919,0.0,-0.00020362500005111084,56.088084173360116,-106.26666220941895,0.0,-0.0011859394910698068,-25.255359326447383,133.67436599773282,4.999040516621015,0.04470002802942707,-25.255359326447383,133.6743659977328,0.0,51.127148958838696,10.443653084821536,0.0,0.0,56.08808417336012,-106.26666220941894,-0.00018289005064852206,0.15595319856008755,-25.255359326447383,133.6743659977328,0.0,-25.255359326447383,133.67436599773282,0.0,37.06230070066047,-95.64079248803831,1.9995112716237726,0.0,37.06230070066047,-95.64079248803831,0.9992467209880678,0.0,0.0010719812371920512,37.06230070066047,-95.64079248803831,1.0122527919602275,0.0020104963970778754,37.06230070066047,-95.64079248803834,0.9992467209880678,0.0,37.062300700660465,-95.64079248803831,1.4061295256636195,0.0,0.0,37.06230070066047,-95.64079248803834,0.9992467209880678,0.0,0.0,37.06230070066048,-95.64079248803831,0.0,37.06230070066047,-95.64079248803834,1.9984934419761355,0.0,0.0,56.088084173360116,-106.26666220941895,0.9992467209880678,0.0,56.08808417336012,-106.26666220941895,0.0,37.06230070066047,-95.64079248803834,0.9992467209880678,0.0,0.0009111866098456697,0.0,0.0,60.954049980272146,0.0,0.0,0.0,0.0,37.06230070066047,-95.64079248803833,0.0,37.06230070066047,-95.64079248803834,0.9992467209880678,0.0,0.0,37.06230070066047,-95.64079248803834,0.9992467209880678,0.0,0.0,0.0,0.0,0.0,0.0,37.06230070066047,-95.64079248803834,1.0003611766371638,0.0,0.0,37.06230070066047,-95.64079248803834,10.991713930868745,0.0,0.0,37.06230070066047,-95.64079248803834,4.9962336049403415,0.0,0.0,37.06230070066047,-95.64079248803834,1.9984934419761355,0.0,0.0,37.06230070066047,-95.64079248803834,0.0,0.0,37.06230070066047,-95.64079248803834,0.0,0.0,37.06230070066047,-95.64079248803834,0.0,0.0,37.062300700660465,-95.64079248803831,35.99695632665093,0.0,0.0,-1.1450353095470325e+38,-3.708227469490699e+38,1.2874202842664559e+38,-4.4972850748384766e+38,6.854862126938076e+35,4.377836364715455e+36,6.685390218609741e+36,-1.0362865459317425e+38,-9.669431046232968e+36,-1.568418189232875e+38,-5.465657097208523e+29,-2.1473507751899853e+29,-6.537451496621016,0.1590275229285586,22.217097992019035,-3.88823594743825e+47,9.913413616589436e+49,-3.222643152187482e+45,5.091514092650306e+49,-5.800891464875598e+40,-1.1037399924609861e+41,0.7211066727351266,0.3557808764896146,175.9427915495052,110.24614253541692,2.2775260631156,0.20577471821420604,219.3090749138829,30.923461925725263,1.1234520217166732,1.9517970347580593,147.6945934308843,66.18150642644957,325.18674930924635,1.0432697886202649,41.50980928112489,89.84792100564144,11.035036403586318,145.87276334202767,210.6253506456141,43.71180941030157,7.520591457586131,2.128770548430797,56.1223406691085,0.762939847762897,41.25162561565623,1.280371265892254,175.10186573222632,212.73963031383852,1.8416531829398923,209.83083138237228,0.3838040659031818,529.3198477409261,1.163502147255972,75.25282118804678,207.0318544256289,345.36255595721923,15.771420103027092,37.65506763445413,71.90161227051371,4.753237157274134,16.33595736492814,38.73099747836046,0.42982465526460845,54.649935738561794,47.669699792955186,2.2538826609869393,87.9875679797157,1.1272323251590521,192.0449773666064,51.86205661818914,282.53959876410516,109.99985426590294,74.90910113080696,0.5087588666928752,144.64690870868205,0.6680990908859916,1.8376088424497774,11.487521170136567,1.6563188635696373,0.14200101779308463,0.4996233604940339,2.0927219094109697,1.000264550635705,0.5006286086925729,0.4996233604940339,0.9992467209880678,2.4981168024701708,0.9992467209880678,5.495856965434372,0.9822791793029028,3.9973096304127393,1.9880714989643735,100.79747248373373,31.340256912121156,1.4949131723557918,4.496610244446305,38.16927387906257,0.3596310119336194,23408.29664526206,785.4297927836501,4234.449866139823,527.2476477709621,150.15767299448615,6.349969752408687,66.83659892887155,0.9439432801628989,23.781194814544282,28.4793083233622,109.543643220873,31.413629472757922,0.7841298348453134,0.7015707517147408,15.912292518395697,52.455264613800466,28.187164381239274,114.67059338446012,15.33702685696965,0.2881332432301185,1.3919624574767546,37.587915928865804,14.317812811015642,18.61888549041604,27.116510717148273,110.09323751079725,7.392356282465425,1.5149758647301343,80.37976438285278,21.82599303412002,7.278503469349295,12.027969789671186,3.441849816736677,0.5995480325928405,0.1998493441976136,3.019520695618617,4.936433427710866,3.994170573056501,1.8779336630250618,2.254304898992978,3.177355212428699,1.3660490635732134,391.6483798056088,0.6700781341180042,1.701519494839216,0.35113638692557403
2020-03-06 06:00:00,0.14907835754231805,35.83494563781043,104.11777890942791,35.834945637810414,104.1177789094279,35.834945637810414,104.1177789094279,35.83494563781043,104.11777890942791,35.83494563781042,104.1177789094279,35.83494563781043,104.1177789094279,35.83494563781042,104.11777890942788,35.83494563781042,104.11777890942788,35.83494563781043,104.1177789094279,0.0,35.83494563781042,104.11777890942791,35.83494563781042,104.11777890942787,35.834945637810414,104.1177789094279,35.83494563781042,104.11777890942788,35.83494563781041,104.11777890942791,35.83494563781042,104.1177789094279,35.83494563781042,104.11777890942791,35.83494563781043,104.1177789094279,35.83494563781043,104.11777890942793,35.83494563781042,104.1177789094279,0.0,35.83494563781042,104.11777890942791,35.83494563781043,104.1177789094279,0.0,35.83494563781042,104.11777890942791,0.0,35.83494563781043,104.11777890942788,0.03845567428339448,35.834945637810414,104.11777890942788,0.0,35.834945637810414,104.1177789094279,0.0,37.062610433910244,-95.64159176743837,0.9249214986034495,-0.00606680437115692,-0.0002270369950438736,37.062610433910244,-95.64159176743837,0.9992550717900512,0.0,0.0,37.062610433910244,-95.64159176743837,0.0,-0.00045661519699517067,37.062610433910244,-95.64159176743837,1.9600467230911924,-0.0006215440431897729,-0.00047243334378015145,37.06261043391024,-95.64159176743836,0.9978565136796352,0.0,-0.00021064679033937217,56.08855290693185,-106.26755029024517,0.0,-0.0012153175106977276,-25.255570387940335,133.6754831274039,5.010264250094525,0.045105677449354155,-25.255570387940338,133.67548312740388,0.0,51.127576233392595,10.443740363445588,0.0,0.0,56.08855290693186,-106.26755029024515,-0.00018377580968857157,0.1565752545068907,-25.255570387940338,133.67548312740388,0.0,-25.255570387940335,133.6754831274039,0.0,37.062610433910244,-95.64159176743834,1.9995287377680966,0.0,37.062610433910244,-95.64159176743836,0.9992550717900512,0.0,0.0010726507070400147,37.062610433910244,-95.64159176743834,1.0122710891263424,0.002012022350219368,37.062610433910244,-95.64159176743837,0.9992550717900512,0.0,37.06261043391024,-95.64159176743836,1.4021376268888734,0.0,0.0,37.062610433910244,-95.64159176743837,0.9992550717900512,0.0,0.0,37.06261043391024,-95.64159176743836,0.0,37.062610433910244,-95.64159176743837,1.9985101435801025,0.0,0.0,56.088552906931845,-106.26755029024517,0.9992550717900512,0.0,56.08855290693186,-106.26755029024517,0.0,37.062610433910244,-95.64159176743837,0.9992550717900512,0.0,0.0009116724099535942,0.0,0.0,60.95455937919315,0.0,0.0,0.0,0.0,37.062610433910244,-95.64159176743836,0.0,37.062610433910244,-95.64159176743837,0.9992550717900512,0.0,0.0,37.062610433910244,-95.64159176743837,0.9992550717900512,0.0,0.0,0.0,0.0,0.0,0.0,37.062610433910244,-95.64159176743837,1.0003700789287633,0.0,0.0,37.062610433910244,-95.64159176743837,10.991805789690565,0.0,0.0,37.062610433910244,-95.64159176743837,4.9962753589502595,0.0,0.0,37.062610433910244,-95.64159176743837,1.9985101435801025,0.0,0.0,37.062610433910244,-95.64159176743837,0.0,0.0,37.062610433910244,-95.64159176743837,0.0,0.0,37.062610433910244,-95.64159176743837,0.0,0.0,37.06261043391024,-95.64159176743836,35.99727147913637,0.0,0.0,-1.236296830810166e+38,-4.003780346536215e+38,1.388572849730478e+38,-4.850636601533044e+38,7.286802356759522e+35,4.6536936482722816e+36,7.162261492396199e+36,-1.110205235642764e+38,-1.0487431720602163e+37,-1.701100984151263e+38,-5.889791785039902e+29,-2.3139850763364705e+29,-6.537527702747797,0.15976849993209044,22.23518487427831,-4.198135847148411e+47,1.0692310168149976e+50,-3.4257091217154814e+45,5.454693612688742e+49,-6.251040321059007e+40,-1.1825070257058653e+41,0.7202534133759286,0.35443332622132534,176.07887772937997,110.22454832993066,2.3391212864495254,0.20588437141954516,219.93321344956627,30.40182604540224,1.1243627162364285,1.9461572400975213,146.53810798462092,66.35759174488254,325.2708694111761,1.0442112440548335,41.79120170662017,89.796423077369,10.987620821967958,145.95894425583617,211.25887833431176,44.542008561793985,7.488765061084143,2.1188789975110063,55.487587618902545,0.7634506316923692,41.21625682947759,1.287573832915347,176.4537204025647,213.58833781365237,1.8604178823606563,209.89799298529974,0.38575910721814477,528.6809364957332,1.1642170273550272,75.42651165611943,208.82375955519439,345.34005431249614,15.676328120428176,37.81830184577249,71.9094159507469,4.772548377679145,16.323318480330002,38.71201207384835,0.4284947147971851,54.70905314361987,48.440493342215994,2.2526205294698207,87.8463113103763,1.1307771665707016,193.00317914202242,51.99282771887463,282.6404032404034,109.94422494231851,75.00405230936022,0.5086550741968686,144.34528285099515,0.6643450878371124,1.834845876875774,11.50058498710155,1.5983799354534738,0.14296520217032407,0.4996275358950256,2.0935530196404235,1.0002736659780453,0.5006335470701354,0.4996275358950256,0.9992550717900512,2.4981376794751298,0.9992550717900512,5.495902894845282,0.9752994575987519,3.997342182075003,1.987806048288751,100.7983527479627,31.340518825694748,1.4946546453496996,4.496647823055233,38.1695928633948,0.34346240104037956,23439.80775064832,787.0022143558152,4263.891894205469,528.5429783184242,152.57364398008363,6.377016164418358,66.80912149958743,0.9431174264373596,23.651990061855955,28.47138079987725,109.55061451581825,31.5149163798433,0.7857376414267293,0.7033000699964909,16.043981133408792,52.446787259698866,28.18630898792567,114.67309695823336,15.346066984551149,0.2883088664130747,1.3945466167902416,37.66343343830341,14.431936920669154,18.646915882248773,27.108896992206976,110.09955625226745,7.39650488460852,1.5283120193550717,80.28868105430806,21.644285249897738,7.219226024120975,12.028070308583953,3.4418785806101764,0.5995530430740307,0.19985101435801034,3.012332178844835,4.938769015837963,3.9751171161457064,1.8747513534256934,2.217086847042486,3.201627735954391,1.3674300157987005,391.19257411871524,0.6620358396782415,1.6986353443818636,0.349690136295906
2020-03-06 07:00:00,0.14965405445327085,35.83524401978541,104.11864585279699,35.8352440197854,104.11864585279699,35.8352440197854,104.11864585279697,35.83524401978541,104.11864585279699,35.83524401978541,104.11864585279699,35.83524401978541,104.11864585279699,35.8352440197854,104.11864585279697,35.8352440197854,104.11864585279697,35.83524401978541,104.11864585279699,0.0,35.8352440197854,104.118645852797,35.8352440197854,104.11864585279694,35.8352440197854,104.11864585279699,35.83524401978541,104.11864585279697,35.83524401978539,104.11864585279697,35.8352440197854,104.11864585279699,35.8352440197854,104.11864585279699,35.83524401978541,104.11864585279697,35.835244019785414,104.118645852797,35.83524401978541,104.11864585279699,0.0,35.8352440197854,104.118645852797,35.83524401978541,104.11864585279699,0.0,35.8352440197854,104.118645852797,0.0,35.835244019785414,104.11864585279697,0.037428101232983305,35.8352440197854,104.11864585279697,0.0,35.8352440197854,104.11864585279697,0.0,37.06291903811495,-95.64238813329116,0.9206250675037015,-0.006409368355155043,-0.00023890971993133572,37.06291903811495,-95.64238813329116,0.9992633921515456,0.0,0.0,37.06291903811495,-95.64238813329116,0.0,-0.00048026399897582034,37.06291903811495,-95.64238813329116,1.9577352052873396,-0.0006613484335858955,-0.0004991337028266984,37.06291903811495,-95.64238813329115,0.9978091217199074,0.0,-0.00021774165737674378,56.089019931867774,-106.26843513382364,0.0,-0.0012449290022860382,-25.255780680068245,133.67659618489435,5.0175803470655875,0.04532656804931938,-25.25578068006825,133.67659618489435,0.0,51.12800195043782,10.443827323920077,0.0,0.0,56.08901993186778,-106.26843513382363,-0.0001846368091874568,0.15691041552047583,-25.25578068006825,133.67659618489435,0.0,-25.25578068006825,133.67659618489435,0.0,37.062919038114956,-95.64238813329113,1.9995461378801067,0.0,37.06291903811495,-95.64238813329113,0.9992633921515456,0.0,0.0010733135413423657,37.06291903811495,-95.64238813329113,1.012289304786344,0.0020135398280775995,37.06291903811495,-95.64238813329116,0.9992633921515456,0.0,37.06291903811495,-95.64238813329113,1.3995992902351968,0.0,0.0,37.06291903811495,-95.64238813329116,0.9992633921515456,0.0,0.0,37.06291903811495,-95.64238813329113,0.0,37.06291903811495,-95.64238813329116,1.9985267843030912,0.0,0.0,56.089019931867774,-106.26843513382364,0.9992633921515456,0.0,56.08901993186778,-106.26843513382364,0.0,37.06291903811495,-95.64238813329116,0.9992633921515456,0.0,0.0009121793925667239,0.0,0.0,60.955066921244295,0.0,0.0,0.0,0.0,37.06291903811495,-95.64238813329115,0.0,37.06291903811495,-95.64238813329116,0.9992633921515456,0.0,0.0,37.06291903811495,-95.64238813329116,0.9992633921515456,0.0,0.0,0.0,0.0,0.0,0.0,37.06291903811495,-95.64238813329116,1.0003789445447577,0.0,0.0,37.06291903811495,-95.64238813329116,10.991897313667003,0.0,0.0,37.06291903811495,-95.64238813329116,4.996316960757731,0.0,0.0,37.06291903811495,-95.64238813329116,1.9985267843030912,0.0,0.0,37.06291903811495,-95.64238813329116,0.0,0.0,37.06291903811495,-95.64238813329116,0.0,0.0,37.06291903811495,-95.64238813329116,0.0,0.0,37.06291903811494,-95.64238813329113,35.997585444138195,0.0,0.0,-1.3288334135018125e+38,-4.303462544114835e+38,1.4911346866247407e+38,-5.208911070212231e+38,7.724464954270623e+35,4.933205504146053e+36,7.645642655633529e+36,-1.1851330079402643e+38,-1.131699063227003e+37,-1.8356585687578833e+38,-6.319820887646555e+29,-2.482935178842568e+29,-6.537603470972659,0.16043584535102628,22.25997454363049,-4.512365516989153e+47,1.1482058413408428e+50,-3.631465320267698e+45,5.822830987511703e+49,-6.707445124103324e+40,-1.2623495515332172e+41,0.7189726679195225,0.35302339922931436,176.21204605763256,110.14828549598467,2.413045842101962,0.20601847163412826,220.5561816170725,29.875167015655418,1.1249961970152407,1.939506726026535,145.17331321708488,66.52804456061685,325.32938426269556,1.0448594206555237,42.06615548996467,89.7527761886769,10.947927030344701,146.02695728957332,211.89846948955457,45.37980635603795,7.44420350058226,2.1084169633172247,54.81607757591343,0.764057196690726,41.180660585375996,1.294761498614803,177.79944958145342,214.35274316955,1.8791333915411452,209.9453508783908,0.3877802451968952,527.9270552391799,1.1649146233035204,75.56242731905223,210.46623446516026,345.28601548408034,15.595542132209456,37.946778297186235,71.91885100391704,4.79204475744504,16.29982439898886,38.68557796608052,0.4266508437047761,54.77070625200569,49.20981253536109,2.2499932509232727,87.54995586980291,1.134185547318449,193.92320653782585,52.0866654466736,282.7387877893558,109.86741652148639,75.10978622290092,0.5084808397418532,144.0409609084435,0.6605576481920291,1.83249899328058,11.516591966446597,1.5308881503311114,0.1439085470333734,0.4996316960757728,2.094010926744283,1.0002827457285608,0.5006384659898118,0.4996316960757728,0.9992633921515456,2.4981584803788657,0.9992633921515456,5.495948656833502,0.9696110991068083,3.997374613304274,1.9875380850977535,100.79922952220633,31.340779784536398,1.494392405173105,4.496685264681957,38.16991068495976,0.32805570697263664,23476.1056000509,788.8048975119588,4297.298696800196,529.8820162627862,155.07167695974258,6.4018112651471775,66.78620461757086,0.9424272296476389,23.474350553661125,28.461708068517417,109.5588650992306,31.637680920565494,0.7876923710049336,0.7052264245547847,16.19071763822015,52.43249677028624,28.18567088291469,114.67529418210464,15.353529502818947,0.2884499941277279,1.3966189418096757,37.73165017805458,14.534994299041365,18.68024299436101,27.10271367506445,110.10489051213253,7.399898240338847,1.539186389039676,80.20512756791885,21.477504285904484,7.159810567889452,12.028170461083421,3.441907239633101,0.5995580352909272,0.1998526784303092,3.006791268906679,4.938153906678072,3.9569629713889642,1.8698079569345059,2.178148785839983,3.233478852052183,1.3691692928211006,390.66100747019686,0.6526658310281253,1.6957476903251436,0.34824214908679885
2020-03-06 08:00:00,0.15003068484758625,35.8355412194382,104.11950936095056,35.83554121943819,104.11950936095056,35.835541219438184,104.11950936095054,35.8355412194382,104.11950936095056,35.83554121943819,104.11950936095056,35.8355412194382,104.11950936095056,35.83554121943819,104.11950936095054,35.835541219438184,104.11950936095054,35.8355412194382,104.11950936095056,0.0,35.83554121943819,104.11950936095057,35.83554121943819,104.11950936095052,35.835541219438184,104.11950936095056,35.83554121943819,104.11950936095054,35.83554121943818,104.11950936095054,35.83554121943819,104.11950936095056,35.83554121943819,104.11950936095056,35.8355412194382,104.11950936095054,35.8355412194382,104.11950936095057,35.83554121943819,104.11950936095056,0.0,35.83554121943819,104.11950936095057,35.8355412194382,104.11950936095056,0.0,35.83554121943819,104.11950936095057,0.0,35.8355412194382,104.11950936095054,0.036450885323353124,35.835541219438184,104.11950936095054,0.0,35.835541219438184,104.11950936095056,0.0,37.06322641949244,-95.64318134358797,0.9162728387995855,-0.006756337231848097,-0.0002509314852952374,37.06322641949244,-95.64318134358797,0.9992716795440642,0.0,0.0,37.06322641949244,-95.64318134358797,0.0,-0.0005042087263502221,37.06322641949244,-95.64318134358797,1.9553930778412143,-0.0007016828243086443,-0.0005261775801244303,37.06322641949244,-95.64318134358797,0.9977610700741407,0.0,-0.0002249093020420881,56.08948510624303,-106.26931647125801,0.0,-0.0012747714463149096,-25.255990138925146,133.67770483195562,5.02168711711216,0.045393660760610285,-25.25599013892515,133.6777048319556,0.0,51.12842598060262,10.443913939818456,0.0,0.0,56.08948510624304,-106.269316471258,-0.00018547243178453836,0.15704545876240067,-25.25599013892515,133.67770483195562,0.0,-25.255990138925146,133.67770483195562,0.0,37.063226419492445,-95.64318134358795,1.9995634667259785,0.0,37.06322641949244,-95.64318134358795,0.9992716795440642,0.0,0.0010739696343331486,37.06322641949244,-95.64318134358795,1.0123074337423958,0.002015048435934327,37.06322641949244,-95.64318134358797,0.9992716795440642,0.0,37.06322641949244,-95.64318134358794,1.3989072312829827,0.0,0.0,37.06322641949244,-95.64318134358797,0.9992716795440642,0.0,0.0,37.06322641949244,-95.64318134358794,0.0,37.06322641949244,-95.64318134358797,1.9985433590881283,0.0,0.0,56.089485106243025,-106.26931647125801,0.9992716795440642,0.0,56.08948510624304,-106.26931647125801,0.0,37.06322641949244,-95.64318134358797,0.9992716795440642,0.0,0.0009127036371959526,0.0,0.0,60.95557245218793,0.0,0.0,0.0,0.0,37.06322641949244,-95.64318134358797,0.0,37.06322641949244,-95.64318134358797,0.9992716795440642,0.0,0.0,37.06322641949244,-95.64318134358797,0.9992716795440642,0.0,0.0,0.0,0.0,0.0,0.0,37.06322641949244,-95.64318134358797,1.0003877708873035,0.0,0.0,37.06322641949244,-95.64318134358797,10.991988474984707,0.0,0.0,37.06322641949244,-95.64318134358797,4.996358397720325,0.0,0.0,37.06322641949244,-95.64318134358797,1.9985433590881283,0.0,0.0,37.06322641949244,-95.64318134358797,0.0,0.0,37.06322641949244,-95.64318134358797,0.0,0.0,37.06322641949244,-95.64318134358797,0.0,0.0,37.06322641949244,-95.64318134358795,35.997898127060886,0.0,0.0,-1.422646702286002e+38,-4.607279388514545e+38,1.5951075503471077e+38,-5.572114612925558e+38,8.167852405258414e+35,5.216373519877151e+36,8.135539711836925e+36,-1.2610707934149126e+38,-1.2158124717473093e+37,-1.9720936901737944e+38,-6.7557515268552e+29,-2.654203880736045e+29,-6.5376787819200555,0.16099740759310088,22.290712877209568,-4.830930541802558e+47,1.2282671869307145e+50,-3.8399129164749544e+45,6.195930789325206e+49,-7.170113432650448e+40,-1.3432685963341324e+41,0.7172948566457892,0.351582649336563,176.3358831134032,110.00355876006152,2.4991102813741217,0.20618180753333928,221.16778728961472,29.35280425624657,1.125359675662812,1.9319551937429882,143.62284191711564,66.67809573688211,325.3472506047342,1.0450419741806574,42.3218567665842,89.71613926889708,10.914908396070356,146.0718186249893,212.53101519235761,46.2083107354278,7.387913951406366,2.097572231589211,54.119896354797525,0.7647117103710357,41.14682898993762,1.301645151813834,179.08701194757504,214.99744219473376,1.8974886024363293,209.97344452190546,0.3898337358853094,527.0706807656026,1.1655225598795997,75.64168959180526,211.9008213578384,345.19227397155737,15.527531128437339,38.03104490062075,71.93023717245136,4.81132638110877,16.26293282823695,38.65227197549886,0.4243328528503002,54.83230832439238,49.96499242529513,2.2460083277611456,87.09938244686613,1.1373225946726702,194.7695224879451,52.14464274246209,282.8246495032085,109.77181076578866,75.22638735919972,0.5082192548867517,143.73929382737745,0.6568032049264051,1.8305239028840243,11.53611872051481,1.4557212761411211,0.14478517614005929,0.4996358397720321,2.0941561572468803,1.000291787181914,0.5006433639899994,0.4996358397720321,0.9992716795440642,2.4981791988601625,0.9992716795440642,5.495994237492353,0.9654195381854563,3.9974069142851705,1.987267624906637,100.80010254643112,31.341039709342965,1.4941264451842997,4.49672255794829,38.170227247174225,0.31357512124162046,23515.43654894368,790.7528315949191,4333.178953077373,531.2424429746144,157.61029048100008,6.42347236141241,66.76722964655146,0.9418542948675227,23.25372469500879,28.45033270637842,109.56836325417761,31.781428559829326,0.7899855654844568,0.7073513607898334,16.352621664121926,52.41099784751089,28.185452746017962,114.67690527292554,15.35807736500357,0.28852462131120066,1.3977029478198892,37.79072801672995,14.624198670349978,18.716222161248286,27.098146862816964,110.10911259415484,7.402438222740867,1.5472790911469474,80.1293210282965,21.326080809006076,7.103689482990077,12.028270216734107,3.441935785096221,0.5995630077264384,0.1998543359088129,3.0031402046137954,4.935107484006444,3.939902163709091,1.863233736973089,2.1383606204199044,3.2730606228025856,1.371281213807482,390.0685679627273,0.6422290796884264,1.6929085071375436,0.3468184137967395
2020-03-06 09:00:00,0.1501736653362891,35.83583714744574,104.12036917436211,35.83583714744572,104.12036917436211,35.83583714744572,104.1203691743621,35.83583714744574,104.12036917436211,35.83583714744573,104.12036917436211,35.83583714744574,104.12036917436211,35.83583714744573,104.1203691743621,35.83583714744572,104.1203691743621,35.83583714744573,104.12036917436211,0.0,35.83583714744572,104.12036917436212,35.83583714744573,104.12036917436207,35.83583714744572,104.12036917436211,35.83583714744573,104.1203691743621,35.835837147445716,104.1203691743621,35.83583714744573,104.12036917436212,35.83583714744573,104.12036917436212,35.83583714744574,104.1203691743621,35.83583714744574,104.12036917436212,35.83583714744573,104.12036917436211,0.0,35.83583714744573,104.12036917436212,35.83583714744573,104.12036917436212,0.0,35.83583714744573,104.12036917436212,0.0,35.83583714744574,104.1203691743621,0.03557721405780596,35.83583714744572,104.1203691743621,0.0,35.83583714744572,104.12036917436211,0.0,37.06353248565954,-95.64397115993025,0.91186480676431,-0.007107710702491943,-0.00026310221919455257,37.06353248565954,-95.64397115993025,0.9992799314768397,0.0,0.0,37.06353248565954,-95.64397115993025,0.0,-0.0005284492197692378,37.06353248565954,-95.64397115993025,1.9530203275496438,-0.0007425474883445693,-0.0005535649549648705,37.06353248565954,-95.64397115993025,0.9977123578229963,0.0,-0.0002321494044541829,56.08994829024992,-106.27019403766319,0.0,-0.0013048422170083285,-25.256198701558382,133.6788087353849,5.023423801145148,0.04534478995929597,-25.256198701558382,133.6788087353849,0.0,51.12884819644516,10.444000185108408,0.0,0.0,56.08994829024993,-106.27019403766317,-0.00018628205484139083,0.15708805925394367,-25.256198701558386,133.6788087353849,0.0,-25.256198701558382,133.6788087353849,0.0,37.06353248565954,-95.64397115993023,1.9995807191505588,0.0,37.06353248565954,-95.64397115993023,0.9992799314768397,0.0,0.0010746188828787747,37.06353248565954,-95.64397115993023,1.0123254708779332,0.0020165477856930467,37.06353248565954,-95.64397115993025,0.9992799314768397,0.0,37.063532485659536,-95.64397115993022,1.400351478795438,0.0,0.0,37.06353248565954,-95.64397115993025,0.9992799314768397,0.0,0.0,37.063532485659536,-95.64397115993022,0.0,37.06353248565954,-95.64397115993025,1.9985598629536794,0.0,0.0,56.08994829024993,-106.27019403766319,0.9992799314768397,0.0,56.089948290249936,-106.27019403766319,0.0,37.06353248565954,-95.64397115993025,0.9992799314768397,0.0,0.0009132421128202229,0.0,0.0,60.956075820087236,0.0,0.0,0.0,0.0,37.06353248565954,-95.64397115993025,0.0,37.06353248565954,-95.64397115993025,0.9992799314768397,0.0,0.0,37.06353248565954,-95.64397115993025,0.9992799314768397,0.0,0.0,0.0,0.0,0.0,0.0,37.06353248565954,-95.64397115993025,1.0003965553983707,0.0,0.0,37.06353248565954,-95.64397115993025,10.992079246245238,0.0,0.0,37.06353248565954,-95.64397115993025,4.9963996573842016,0.0,0.0,37.06353248565954,-95.64397115993025,1.9985598629536794,0.0,0.0,37.06353248565954,-95.64397115993025,0.0,0.0,37.06353248565954,-95.64397115993025,0.0,0.0,37.06353248565954,-95.64397115993025,0.0,0.0,37.063532485659536,-95.64397115993023,35.99820943474821,0.0,0.0,-1.5177380923564355e+38,-4.915235398107685e+38,1.7004929195843149e+38,-5.940252395100184e+38,8.616965998748739e+35,5.503198518697213e+36,8.631957353061774e+36,-1.3380193193712068e+38,-1.301084868290275e+37,-2.1104087338801475e+38,-7.197589667471335e+29,-2.8277935254733434e+29,-6.5377536165437204,0.1614286412293971,22.326502888820393,-5.153835659296157e+47,1.3094161922052483e+50,-4.051052516340601e+45,6.573996591543116e+49,-7.639051577355028e+40,-1.4252649781991069e+41,0.7152628963653512,0.35014022323141414,176.44456149450332,109.77939935431345,2.597001229219404,0.2063798788716967,221.75823399464707,28.84401327182457,1.125479706264197,1.9236447907830827,141.91598282788277,66.79354177337169,325.3110095858331,1.0446047128879685,42.546688818922014,89.6857166826022,10.887612006960117,146.0895065850025,213.14382251806882,47.0111593266074,7.321675258159394,2.086546845124254,53.4120520257327,0.7653611754249156,41.11662859180863,1.3079627486884458,180.26932591892967,215.49549807618567,1.9151849129375973,209.98417337590809,0.3918841697322281,526.1279803741925,1.16597084941065,75.6475682683671,213.07483921018834,345.05230034296903,15.470846925093,38.063477841357646,71.94394170171987,4.8300060279268076,16.21046229544748,38.61312374605334,0.4216118015037341,54.89108309392178,50.693864838753115,2.240696398874368,86.49809428783381,1.1400752456433563,195.5123801301354,52.1704388083347,282.8882186227492,109.66024073909072,75.35364982427213,0.5078557628421,143.4456037387986,0.6531478332408917,1.8288786299676656,11.559827547380486,1.3748466947165117,0.1455534053515394,0.49963996573841984,2.0940626306465284,1.0003007876737182,0.5006482396312666,0.49963996573841984,0.9992799314768397,2.4981998286921008,0.9992799314768397,5.496039623122619,0.9628751335490163,3.9974390753491758,1.9869946842888453,100.80097156455324,31.341298521994307,1.4938567595459338,4.496759691645779,38.170542454895724,0.30013819723005086,23555.894165246224,792.7536969200603,4369.9169889260675,532.6008382243933,160.14592056274347,6.441203990736234,66.75163333481456,0.941381874208289,22.996593151108446,28.437313842311617,109.57906508178057,31.945457579054956,0.7926054826924893,0.7096711183876661,16.529408215608072,52.381089250198634,28.185855570929643,114.67765277700828,15.358388858832733,0.28850100921776844,1.3973262455805187,37.83900192906278,14.697026150210753,18.75192313925792,27.095338152244626,110.11212525485632,7.404050156336844,1.55234670496362,80.06125294190407,21.18999838810674,7.054076129392658,12.02836954555455,3.4419642084202247,0.5995679588861037,0.199855986295368,3.001555157822775,4.9302718327945625,3.9240739446636863,1.8552077475903188,2.098525849141628,3.3202273347903755,1.3737686198382433,389.43085428748503,0.6309990119972068,1.6901620975035898,0.3454410830133748
2020-03-06 10:00:00,0.150058223327224,35.83613171583767,104.12122503743544,35.83613171583767,104.12122503743544,35.83613171583767,104.12122503743542,35.83613171583768,104.12122503743544,35.83613171583768,104.12122503743544,35.83613171583768,104.12122503743544,35.83613171583767,104.12122503743542,35.83613171583767,104.12122503743542,35.83613171583768,104.12122503743544,0.0,35.83613171583767,104.12122503743545,35.83613171583767,104.1212250374354,35.83613171583767,104.12122503743544,35.83613171583768,104.12122503743542,35.836131715837666,104.12122503743542,35.83613171583767,104.12122503743545,35.83613171583767,104.12122503743545,35.83613171583767,104.12122503743542,35.83613171583769,104.12122503743545,35.83613171583768,104.12122503743544,0.0,35.83613171583767,104.12122503743545,35.83613171583768,104.12122503743545,0.0,35.83613171583767,104.12122503743545,0.0,35.83613171583767,104.12122503743542,0.03485428941110564,35.836131715837666,104.12122503743542,0.0,35.836131715837666,104.12122503743544,0.0,37.06383714563216,-95.64475734752976,0.9074009777208651,-0.007463487510660505,-0.0002754218162989708,37.06383714563216,-95.64475734752976,0.9992881454968248,0.0,0.0,37.06383714563216,-95.64475734752976,0.0,-0.0005529852533203497,37.06383714563216,-95.64475734752976,1.9506169477645097,-0.0007839425883241213,-0.0005812957319590792,37.06383714563216,-95.64475734752976,0.9976629842467797,0.0,-0.00023946162361215134,56.09040934619802,-106.27106757216552,0.0,-0.001335138575327438,-25.256406305968667,133.67990756702554,5.023708182782448,0.04522191264749438,-25.25640630596867,133.67990756702554,0.0,51.129268472453596,10.444086034151848,0.0,0.0,56.09040934619803,-106.27106757216555,-0.00018706505018107103,0.157158310438416,-25.25640630596867,133.67990756702557,0.0,-25.25640630596867,133.67990756702554,0.0,37.06383714563216,-95.64475734752975,1.9995978900773583,0.0,37.06383714563216,-95.64475734752975,0.9992881454968248,0.0,0.0010752611864641398,37.06383714563216,-95.64475734752975,1.0123434111576146,0.002018037495869137,37.06383714563216,-95.64475734752976,0.9992881454968248,0.0,37.06383714563215,-95.64475734752973,1.4041034498257987,0.0,0.0,37.06383714563216,-95.64475734752976,0.9992881454968248,0.0,0.0,37.06383714563215,-95.64475734752973,0.0,37.06383714563216,-95.64475734752976,1.9985762909936495,0.0,0.0,56.09040934619803,-106.27106757216553,0.9992881454968248,0.0,56.09040934619804,-106.27106757216553,0.0,37.06383714563216,-95.64475734752975,0.9992881454968248,0.0,0.0009137924607231607,0.0,0.0,60.95657687530633,0.0,0.0,0.0,0.0,37.06383714563216,-95.64475734752976,0.0,37.06383714563216,-95.64475734752976,0.9992881454968248,0.0,0.0,37.06383714563216,-95.64475734752976,0.9992881454968248,0.0,0.0,0.0,0.0,0.0,0.0,37.06383714563216,-95.64475734752976,1.0004052955597338,0.0,0.0,37.06383714563216,-95.64475734752976,10.992169600465074,0.0,0.0,37.06383714563216,-95.64475734752976,4.996440727484127,0.0,0.0,37.06383714563216,-95.64475734752976,1.9985762909936495,0.0,0.0,37.06383714563216,-95.64475734752976,0.0,0.0,37.06383714563216,-95.64475734752976,0.0,0.0,37.06383714563216,-95.64475734752976,0.0,0.0,37.06383714563215,-95.64475734752975,35.998519275477875,0.0,0.0,-1.6141087250400318e+38,-5.227334269111737e+38,1.8072919914493807e+38,-6.313328598555396e+38,9.071805807041785e+35,5.793680546780706e+36,9.134898937341478e+36,-1.4159791063299056e+38,-1.387517496594975e+37,-2.250605717268471e+38,-7.645340098202887e+29,-3.0037059944450526e+29,-6.537827956126143,0.16171420388966068,22.366351632876594,-5.481084745113308e+47,1.391653778967311e+50,-4.264884153854954e+45,6.957030951603554e+49,-8.114264640639191e+40,-1.5083393050749481e+41,0.7129294835346095,0.3487220149076939,176.53317473068017,109.46885236834525,2.7062423525369654,0.20661893611040139,222.31842110348833,28.3577603432923,1.1253992657556255,1.9147410490929389,140.08681917258448,66.86190961241559,325.21003171945625,1.0434258610439946,42.730906231294355,89.66077477350265,10.86518266104902,146.07714029684095,213.7251552558499,47.77322430510379,7.247933317869371,2.075551094739748,52.70608784361148,0.7659512561177637,41.091715873492376,1.3134945091846157,181.30701727635687,215.8302035707056,1.9319454326361996,209.98059082978685,0.39389538267657537,525.1177811522065,1.166197643957462,75.56701395108702,213.94376951027544,344.8619064427421,15.424154324550356,38.03862107410004,71.96038198719417,4.847725666028678,16.140770170004913,38.56955453729353,0.41858577350004395,54.94425180086757,51.38513148050584,2.234112479615089,85.75236081942906,1.1423585808658299,196.1294992541501,52.169938080875625,282.9208615528028,109.53584264067362,75.49102711531741,0.5073793551139529,143.16503181225312,0.6496553617205671,1.827524414431388,11.588471235700062,1.2902329829456778,0.14617813846914665,0.4996440727484124,2.0938120916299128,1.0003097445805327,0.5006530914963473,0.4996440727484124,0.9992881454968248,2.4982203637420635,0.9992881454968248,5.496084800232537,0.9620696963048282,3.9974710869746404,1.9867192809341407,100.80183632443784,31.341556145553344,1.4935833432377734,4.4967966547357126,38.170856214422656,0.2878196052016673,23595.552315238932,794.7143091902946,4405.885572024192,533.9332827670803,162.63403813971613,6.454333918075083,66.73891017265416,0.9409949369268023,22.710129944782445,28.422732611178542,109.59091048539293,32.128791657909595,0.7955360136534074,0.7121757136000578,16.7203176952526,52.341862540187336,28.187064323010816,114.67728133763381,15.353251116566726,0.2883499492625878,1.3950543093649455,37.875066285801076,14.751346061445629,18.78434167973971,27.09437662881176,110.11386718483062,7.4046870386774515,1.5542360362460554,80.00073031236792,21.068874937944273,7.013818889301767,12.028468418017336,3.4419925011557293,0.5995728872980949,0.19985762909936503,3.0021413392159744,4.924367505816201,3.9095672533746115,1.8459470902627002,2.0593582767058676,3.3745278272612844,1.376622022971205,388.76347463240006,0.6192492205084652,1.6875444938925526,0.3441281741978637
2020-03-06 11:00:00,0.1496703814754492,35.83642483799631,104.12207669850436,35.836424837996304,104.12207669850436,35.836424837996304,104.12207669850434,35.83642483799632,104.12207669850434,35.83642483799631,104.12207669850436,35.83642483799631,104.12207669850434,35.836424837996304,104.12207669850433,35.836424837996304,104.12207669850434,35.83642483799631,104.12207669850436,0.0,35.836424837996304,104.12207669850434,35.83642483799631,104.12207669850432,35.836424837996304,104.12207669850433,35.83642483799631,104.12207669850434,35.8364248379963,104.12207669850434,35.836424837996304,104.12207669850434,35.83642483799631,104.12207669850434,35.836424837996304,104.12207669850433,35.83642483799632,104.12207669850436,35.83642483799631,104.12207669850434,0.0,35.836424837996304,104.12207669850434,35.83642483799631,104.12207669850434,0.0,35.83642483799631,104.12207669850436,0.0,35.83642483799631,104.12207669850434,0.03432127666591926,35.8364248379963,104.12207669850433,0.0,35.8364248379963,104.12207669850433,0.0,37.06414030982514,-95.64553967520837,0.9028813702380116,-0.00782366542673596,-0.0002878901373608543,37.06414030982514,-95.64553967520837,0.9992963191886907,0.0,0.0,37.06414030982514,-95.64553967520837,0.0,-0.000577816533477285,37.06414030982514,-95.64553967520837,1.9481829384998708,-0.0008258681746697305,-0.0006093697398265804,37.06414030982514,-95.64553967520837,0.9976129488283256,0.0,-0.00024684559700246037,56.09086813851402,-106.2719368179026,0.0,-0.001365657659776448,-25.256612891110013,133.6810010037665,5.023468545768637,0.04506810745486496,-25.256612891110013,133.6810010037665,0.0,51.129686685045925,10.444171461704899,0.0,0.0,56.090868138514026,-106.27193681790261,-0.0001878207837115592,0.15737917620743053,-25.256612891110013,133.6810010037665,0.0,-25.256612891110013,133.6810010037665,0.0,37.06414030982514,-95.64553967520835,1.999614974508542,0.0,37.06414030982514,-95.64553967520837,0.9992963191886907,0.0,0.0010758964471786563,37.06414030982514,-95.64553967520835,1.0123612496272645,0.0020195171915795467,37.06414030982514,-95.64553967520837,0.9992963191886907,0.0,37.064140309825135,-95.64553967520834,1.410206180323295,0.0,0.0,37.06414030982514,-95.64553967520837,0.9992963191886907,0.0,0.0,37.064140309825135,-95.64553967520834,0.0,37.06414030982514,-95.64553967520837,1.9985926383773813,0.0,0.0,56.090868138514026,-106.27193681790261,0.9992963191886907,0.0,56.09086813851403,-106.2719368179026,0.0,37.06414030982514,-95.64553967520837,0.9992963191886907,0.0,0.0009143528293268899,0.0,0.0,60.95707547051015,0.0,0.0,0.0,0.0,37.06414030982514,-95.64553967520837,0.0,37.06414030982514,-95.64553967520837,0.9992963191886907,0.0,0.0,37.06414030982514,-95.64553967520837,0.9992963191886907,0.0,0.0,0.0,0.0,0.0,0.0,37.06414030982514,-95.64553967520837,1.000413988892953,0.0,0.0,37.06414030982514,-95.64553967520837,10.992259511075599,0.0,0.0,37.06414030982514,-95.64553967520837,4.996481595943456,0.0,0.0,37.06414030982514,-95.64553967520837,1.9985926383773813,0.0,0.0,37.06414030982514,-95.64553967520837,0.0,0.0,37.06414030982514,-95.64553967520837,0.0,0.0,37.06414030982514,-95.64553967520837,0.0,0.0,37.06414030982514,-95.64553967520837,35.99882755895739,0.0,0.0,-1.7117594833815685e+38,-5.5435788612909214e+38,1.9155056765990936e+38,-6.6913464044456355e+38,9.532370665675269e+35,6.087818860447394e+36,9.644366466034746e+36,-1.4949504645169694e+38,-1.4751113694767336e+37,-2.3926862831634384e+38,-8.099006412863631e+29,-3.18194269959104e+29,-6.537901782278029,0.1618489134610515,22.409218782010033,-5.812680797839717e+47,1.4749806484422261e+50,-4.4814072815748476e+45,7.345035393718306e+49,-8.595756436742153e+40,-1.5924919732726359e+41,0.7103540374944448,0.3473500974313982,176.5980251042913,109.06986505574012,2.826158596408353,0.20690600176419768,222.8401994160994,27.902479662992363,1.1251735106540697,1.9054233194865393,138.17226410438576,66.87350683664481,325.03755387272844,1.0414279397319481,42.86721404053731,89.64065358614403,10.846862590997983,146.03309416393353,214.264775692217,48.48131820471009,7.1696589586944866,2.0647970207347797,52.01566362342556,0.7664302601987405,41.07346526368285,1.3180756678501542,182.1707233147109,215.99613417569216,1.9475228259776207,209.96660518543203,0.395831441398309,524.0604819764357,1.1661544294763755,75.39192938389242,214.47335643372938,344.61977426892435,15.386252496374512,37.953403862877934,71.98002700043857,4.8641729791625705,16.052887041476993,38.5232940209177,0.41537413552630226,54.989227396484154,52.028681644054245,2.2263370947225316,84.87134896916803,1.1441204163599594,196.6072809713752,52.150649788313,282.9158059751557,109.40190235216096,75.63758942503999,0.5067834771727767,142.9024104123867,0.6463857852034103,1.8264263536916976,11.622895678519596,1.2037705255825744,0.14663292618949825,0.49964815959434533,2.0934880277879673,1.0003186553198504,0.5006579181901354,0.49964815959434533,0.9992963191886907,2.498240797971728,0.9992963191886907,5.496129755537799,0.963034455627259,3.9975029397867656,1.9864414337242282,100.80269657789789,31.341812504265974,1.493306192069502,4.4968334363491085,38.17116843349415,0.27665622679698565,23632.599651309723,796.5471305552876,4439.55982187427,535.2160099779263,165.03035832488158,6.462344822007257,66.72861222936912,0.9406801645779636,22.401851460867874,28.406697117411486,109.60381951606347,32.330118502385346,0.7987556982791432,0.7148481591335606,16.924056444465137,52.292776817427324,28.189234798037425,114.67557580730266,15.341645737327987,0.2880468372996128,1.3905214248138427,37.89785143430524,14.785537030001057,18.810619695296683,27.09529372093995,110.11431652957019,7.404332252008284,1.5528929586515805,79.94741637089628,20.962043439001874,6.985276564217632,12.028566805049053,3.442020654983267,0.5995777915132143,0.19985926383773817,3.0049297783630498,4.918143894898484,3.8964267634505068,1.8356948077418938,2.0214663665312878,3.4352077228141438,1.3798190330292959,388.0814172045337,0.6072424306293837,1.685083347224137,0.34289351401772294
2020-03-06 12:00:00,0.14900731811317422,35.836716428656324,104.12292390983204,35.836716428656324,104.12292390983204,35.836716428656324,104.12292390983202,35.83671642865633,104.12292390983202,35.83671642865633,104.12292390983204,35.836716428656324,104.12292390983204,35.836716428656324,104.12292390983202,35.836716428656324,104.12292390983202,35.83671642865633,104.12292390983204,0.0,35.836716428656324,104.12292390983204,35.836716428656324,104.122923909832,35.836716428656324,104.12292390983202,35.83671642865633,104.12292390983202,35.83671642865632,104.12292390983202,35.836716428656324,104.12292390983204,35.836716428656324,104.12292390983204,35.836716428656324,104.12292390983202,35.83671642865634,104.12292390983205,35.83671642865633,104.12292390983204,0.0,35.836716428656324,104.12292390983204,35.83671642865633,104.12292390983204,0.0,35.836716428656324,104.12292390983204,0.0,35.836716428656324,104.12292390983202,0.03400767027120839,35.83671642865632,104.12292390983202,0.0,35.83671642865632,104.12292390983202,0.0,37.064441890052095,-95.64631791539743,0.89830601532665,-0.008188241232367721,-0.000300507008686314,37.064441890052095,-95.64631791539743,0.9993044501748194,0.0,0.0,37.064441890052095,-95.64631791539743,0.0,-0.0006029426980477259,37.064441890052095,-95.64631791539743,1.9457183065393497,-0.0008683241837389166,-0.0006377867301816872,37.064441890052095,-95.64631791539743,0.9975622512561046,0.0,-0.00025430094016067745,56.09132453374137,-106.27280152202245,0.0,-0.0013963964742516183,-25.256818396889564,133.68208872754172,5.023575074696982,0.044924551822286905,-25.256818396889564,133.6820887275417,0.0,51.130102712569716,10.44425644291783,0.0,0.0,56.09132453374138,-106.27280152202246,-0.0001885486148905152,0.15786658312676627,-25.256818396889567,133.68208872754172,0.0,-25.256818396889567,133.68208872754172,0.0,37.064441890052095,-95.64631791539742,1.999631967524906,0.0,37.064441890052095,-95.64631791539743,0.9993044501748194,0.0,0.0010765245697022556,37.064441890052095,-95.64631791539742,1.01237898141381,0.0020209865045320826,37.064441890052095,-95.64631791539743,0.9993044501748194,0.0,37.06444189005209,-95.6463179153974,1.4185711664651832,0.0,0.0,37.064441890052095,-95.64631791539743,0.9993044501748194,0.0,0.0,37.064441890052095,-95.64631791539743,0.0,37.064441890052095,-95.64631791539743,1.9986089003496388,0.0,0.0,56.09132453374138,-106.27280152202246,0.9993044501748194,0.0,56.091324533741385,-106.27280152202245,0.0,37.064441890052095,-95.64631791539743,0.9993044501748194,0.0,0.0009149217489200453,0.0,0.0,60.957571460664006,0.0,0.0,0.0,0.0,37.064441890052095,-95.64631791539743,0.0,37.064441890052095,-95.64631791539743,0.9993044501748194,0.0,0.0,37.064441890052095,-95.64631791539743,0.9993044501748194,0.0,0.0,0.0,0.0,0.0,0.0,37.064441890052095,-95.64631791539743,1.0004226329593553,0.0,0.0,37.064441890052095,-95.64631791539743,10.992348951923015,0.0,0.0,37.064441890052095,-95.64631791539743,4.9965222508741,0.0,0.0,37.064441890052095,-95.64631791539743,1.9986089003496388,0.0,0.0,37.064441890052095,-95.64631791539743,0.0,0.0,37.064441890052095,-95.64631791539743,0.0,0.0,37.064441890052095,-95.64631791539743,0.0,0.0,37.064441890052095,-95.64631791539743,35.999134196320895,0.0,0.0,-1.810690987716958e+38,-5.8639711836200794e+38,2.0251345943384424e+38,-7.074307976160486e+38,9.998658153356835e+35,6.385611913346961e+36,1.0160360561125905e+37,-1.5749334903446192e+38,-1.5638672648223144e+37,-2.5366516933267307e+38,-8.558590991988238e+29,-3.362504576177217e+29,-6.537975076937721,0.16183798124508136,22.454063379294766,-6.148625923971423e+47,1.5593972775082157e+50,-4.700620761189958e+45,7.738010391583023e+49,-9.083529492207555e+40,-1.6777231663879378e+41,0.7075995420145652,0.3460424239688505,176.63684261220342,108.5858055804402,2.9558466981235805,0.2072488663042645,223.3165603150504,27.485903256256474,1.1248645789542298,1.8958754487907339,136.21014628686106,66.82227259730146,324.79142314332057,1.0385862894692126,42.95120773751566,89.62477464905135,10.831988034056957,145.95703977670271,214.75444023637337,49.12483897522486,7.090179632233001,2.054491906189906,51.35413652999314,0.7667529877369426,41.06291178540601,1.321605742672103,182.84276457022563,215.99939843511652,1.9617051225975417,209.94661361593478,0.39765763912696833,522.9769931182464,1.1658102455481325,75.12007443384476,214.64124871615718,344.3277667175913,15.356089188617549,37.807220425638846,72.00339701541894,4.879096485472088,15.94659745801126,38.476281732791286,0.41211073651173974,55.023801806342256,52.61582740333638,2.217476852820201,83.86719078962217,1.1453437352967546,196.94144945979423,52.12099829159874,282.8687299296229,109.26170775070295,75.79199331710693,0.5060665759952342,142.6621655252351,0.6433940534369209,1.8255538315633062,11.664039435552905,1.1172052923258329,0.14690153247120263,0.4996522250874097,2.093169526501379,1.0003275173500854,0.500662718339676,0.4996522250874097,0.9993044501748194,2.49826112543705,0.9993044501748194,5.496174475961507,0.9657393241814195,3.9975346245575745,1.9861611628320297,100.8035520806926,31.342067523560882,1.49302530269355,4.496870025786688,38.17147902128988,0.266653069440952,23665.46559088259,798.1763666658383,4469.623793401179,536.4260644709926,167.29206349773352,6.46489906419034,66.72034712625305,0.9404258907336185,22.07927863986738,28.3893464728734,109.6176893995685,32.54773987530291,0.8022369262338547,0.7176639100768489,17.138754550699826,52.2337039027082,28.192482650591415,114.67237636962248,15.32282019114101,0.2875734054326826,1.3834565383250328,37.906684065103725,14.798578500416685,18.828258068151463,27.09806139218134,110.11349212642618,7.403000515949891,1.5483655199955852,79.90086894843616,20.868627983354703,6.970218823927886,12.028664678030234,3.4420486617132666,0.5995826701048917,0.1998608900349639,3.0098756651034613,4.912327906273804,3.8846599047760852,1.8247073643812586,1.9853450109405149,3.5012220963885445,1.3833241062234432,387.39852513481867,0.5952212968514461,1.6827982249440223,0.34174688738460113
2020-03-06 13:00:00,0.14807708441622205,35.837006403904454,104.12376642761004,35.83700640390445,104.12376642761005,35.837006403904454,104.12376642761004,35.837006403904454,104.12376642761004,35.83700640390446,104.12376642761005,35.83700640390445,104.12376642761004,35.83700640390445,104.12376642761002,35.837006403904454,104.12376642761004,35.83700640390446,104.12376642761005,0.0,35.837006403904454,104.12376642761005,35.83700640390445,104.12376642761001,35.83700640390445,104.12376642761004,35.83700640390446,104.12376642761004,35.83700640390445,104.12376642761004,35.83700640390445,104.12376642761005,35.83700640390445,104.12376642761004,35.83700640390445,104.12376642761004,35.83700640390447,104.12376642761005,35.83700640390446,104.12376642761004,0.0,35.83700640390445,104.12376642761004,35.83700640390446,104.12376642761005,0.0,35.837006403904454,104.12376642761005,0.0,35.83700640390445,104.12376642761004,0.03393211341232512,35.83700640390445,104.12376642761004,0.0,35.83700640390445,104.12376642761002,0.0,37.064741799524974,-95.64709184413684,0.8936749566373745,-0.008557210704842388,-0.00031327222160328766,37.064741799524974,-95.64709184413684,0.9993125361152954,0.0,0.0,37.06474179952497,-95.64709184413684,0.0,-0.0006283633151145593,37.064741799524974,-95.64709184413684,1.9432230655441574,-0.0009113104359561863,-0.0006665463763126378,37.064741799524974,-95.64709184413684,0.9975108914276507,0.0,-0.0002618272461692543,56.09177840053974,-106.27366143568256,0.0,-0.0014273518718886657,-25.257022764167356,133.68317042532857,5.024775808034542,0.04482770517929844,-25.257022764167356,133.68317042532857,0.0,51.13051643530155,10.444340953334947,0.0,0.0,56.091778400539745,-106.27366143568258,-0.00018924789597304795,0.1587198732529893,-25.25702276416736,133.6831704253286,0.0,-25.25702276416736,133.68317042532857,0.0,37.064741799524974,-95.64709184413682,1.9996488642858494,0.0,37.064741799524974,-95.64709184413684,0.9993125361152954,0.0,0.001077145461291239,37.064741799524974,-95.64709184413682,1.0123966017252122,0.00202244507301413,37.064741799524974,-95.64709184413684,0.9993125361152954,0.0,37.06474179952497,-95.6470918441368,1.4289820489932152,0.0,0.0,37.064741799524974,-95.64709184413684,0.9993125361152954,0.0,0.0,37.064741799524974,-95.64709184413684,0.0,37.064741799524974,-95.64709184413684,1.9986250722305907,0.0,0.0,56.091778400539745,-106.27366143568257,0.9993125361152954,0.0,56.09177840053975,-106.27366143568257,0.0,37.064741799524974,-95.64709184413682,0.9993125361152954,0.0,0.0009154980368978318,0.0,0.0,60.95806470303303,0.0,0.0,0.0,0.0,37.064741799524974,-95.64709184413684,0.0,37.064741799524974,-95.64709184413684,0.9993125361152954,0.0,0.0,37.064741799524974,-95.64709184413684,0.9993125361152954,0.0,0.0,0.0,0.0,0.0,0.0,37.064741799524974,-95.64709184413684,1.0004312253600098,0.0,0.0,37.064741799524974,-95.64709184413684,10.99243789726825,0.0,0.0,37.064741799524974,-95.64709184413684,4.996562680576479,0.0,0.0,37.064741799524974,-95.64709184413684,1.9986250722305907,0.0,0.0,37.064741799524974,-95.64709184413684,0.0,0.0,37.064741799524974,-95.64709184413684,0.0,0.0,37.064741799524974,-95.64709184413684,0.0,0.0,37.06474179952497,-95.64709184413682,35.99943910012664,0.0,0.0,-1.9109035912164458e+38,-6.188512379850196e+38,2.136179067692551e+38,-7.462214442107728e+38,1.0470664571763472e+36,6.687057343555699e+36,1.0682880442369848e+37,-1.6559280628690146e+38,-1.6537857215581241e+37,-2.682502821917279e+38,-9.024094984885783e+29,-3.5453920757449315e+29,-6.538047822370606,0.16169649522669058,22.499885814825408,-6.488921322780605e+47,1.6449039149014815e+50,-4.922522854025284e+45,8.135955350971779e+49,-9.577585026837633e+40,-1.7640328546747887e+41,0.704729508389166,0.3448127717586891,176.6489172581525,108.02557708475474,3.0941548972156356,0.20765605057122538,223.74174420607008,27.114946960020248,1.1245358861700867,1.8862773315092223,134.23747530841723,66.70635998931724,324.4744886932779,1.0349335594580773,42.98163793823677,89.6126456994689,10.819983606200882,145.84991302467915,215.18829929088224,49.69628954248835,7.01299704838798,2.0448321803765914,50.73416818203243,0.7668841575225974,41.06070962763289,1.324053490519692,183.31803239669588,215.85705646202896,1.9743190528661503,209.92510066313912,0.3993414358152108,521.8877753176695,1.165154590402074,74.75553185955935,214.43804009002773,343.9909993642364,15.332769373328418,37.601867407172634,72.0310610976548,4.892317735317636,15.822462499679833,38.4305603050577,0.4089365397775151,55.046311904484405,53.13943850834519,2.2076640531153338,82.7549409002838,1.1460466988747748,197.13705131335146,52.0895453505343,282.7781673628674,109.11841610807066,75.9524688646428,0.5052322589508907,142.4482513553055,0.6407292591238378,1.82488078152282,11.71292927726916,1.0320882868358774,0.14697888090201675,0.4996562680576477,2.0929255236061692,1.0003363281705533,0.5006674905941549,0.4996562680576477,0.9993125361152954,2.4982813402882393,0.9993125361152954,5.496218948634125,0.9700934131998911,3.997566132205865,1.9858784898529755,100.8044025925254,31.342321130049218,1.4927406726179975,4.49690641251883,38.171787888429606,0.2577895427223792,23692.92793813629,799.5431718597612,4495.061332069124,537.5419239211877,169.37895910689113,6.461854382648294,66.71377471203472,0.9402220021137611,21.749633677837945,28.370853490139073,109.63239255342188,32.7795381925486,0.80594540655643,0.7205906289026751,17.361948022915048,52.16494144886747,28.196875371206914,114.66758959700282,15.296339908978867,0.2869189883810527,1.373702175580154,37.90132597813343,14.790109505779713,18.835306101393993,27.102593838728033,110.1114523431374,7.400736992957025,1.5408010256516471,79.86057509921191,20.787612391252836,6.969754013194361,12.028762008795221,3.4420765132860174,0.5995875216691773,0.19986250722305907,3.0168582517527214,4.907574648249475,3.8742443216509073,1.8132426040841523,1.9513739944478634,3.571258957590219,1.3870886660223505,386.7270956488624,0.5834013770933044,1.6807012273881832,0.3406943456364436
2020-03-06 14:00:00,0.14689771530282283,35.83729468117897,104.12460401195676,35.83729468117895,104.12460401195678,35.83729468117896,104.12460401195676,35.83729468117897,104.12460401195676,35.83729468117897,104.12460401195678,35.83729468117896,104.12460401195676,35.83729468117895,104.12460401195673,35.83729468117896,104.12460401195676,35.83729468117897,104.12460401195678,0.0,35.83729468117896,104.12460401195676,35.83729468117896,104.12460401195673,35.83729468117895,104.12460401195675,35.837294681178975,104.12460401195676,35.83729468117895,104.12460401195676,35.83729468117895,104.12460401195678,35.83729468117896,104.12460401195676,35.83729468117896,104.12460401195676,35.83729468117897,104.12460401195676,35.83729468117896,104.12460401195675,0.0,35.83729468117895,104.12460401195676,35.83729468117897,104.12460401195676,0.0,35.83729468117897,104.12460401195678,0.0,35.83729468117896,104.12460401195676,0.03410169099123689,35.83729468117895,104.12460401195676,0.0,35.83729468117895,104.12460401195675,0.0,37.065039952853574,-95.64786124107363,0.8889882506581834,-0.00893056860143604,-0.00032618553192938216,37.065039952853574,-95.64786124107363,0.9993205747078899,0.0,0.0,37.06503995285356,-95.64786124107363,0.0,-0.0006540778819759605,37.065039952853574,-95.64786124107363,1.9406972361612782,-0.0009548266339413775,-0.0006956482719588722,37.065039952853574,-95.64786124107364,0.9974588694534137,0.0,-0.00026942408507027796,56.0922296096842,-106.27451631404838,0.0,-0.0014585205335277823,-25.25722593475595,133.6842457891462,5.027641861767822,0.04480690728148752,-25.25722593475595,133.6842457891462,0.0,51.13092773544632,10.444424968894454,0.0,0.0,56.09222960968421,-106.2745163140484,-0.00018991797096387696,0.16001329816804297,-25.257225934755954,133.6842457891462,0.0,-25.257225934755954,133.6842457891462,0.0,37.065039952853574,-95.64786124107361,1.999665660029339,0.0,37.065039952853574,-95.64786124107364,0.9993205747078899,0.0,0.0010777590317641353,37.065039952853574,-95.64786124107363,1.012414105850386,0.0020238925418809735,37.065039952853574,-95.64786124107363,0.9993205747078899,0.0,37.06503995285357,-95.6478612410736,1.4411051434752615,0.0,0.0,37.065039952853574,-95.64786124107363,0.9993205747078899,0.0,0.0,37.06503995285357,-95.64786124107364,0.0,37.065039952853574,-95.64786124107363,1.9986411494157799,0.0,0.0,56.09222960968421,-106.27451631404838,0.9993205747078899,0.0,56.09222960968422,-106.27451631404838,0.0,37.065039952853574,-95.64786124107363,0.9993205747078899,0.0,0.0009160807262675349,0.0,0.0,60.95855505718131,0.0,0.0,0.0,0.0,37.065039952853574,-95.64786124107364,0.0,37.065039952853574,-95.64786124107363,0.9993205747078899,0.0,0.0,37.065039952853574,-95.64786124107363,0.9993205747078899,0.0,0.0,0.0,0.0,0.0,0.0,37.065039952853574,-95.64786124107363,1.0004397637356999,0.0,0.0,37.065039952853574,-95.64786124107363,10.99252632178679,0.0,0.0,37.065039952853574,-95.64786124107363,4.9966028735394525,0.0,0.0,37.065039952853574,-95.64786124107363,1.9986411494157799,0.0,0.0,37.065039952853574,-95.64786124107363,0.0,0.0,37.065039952853574,-95.64786124107363,0.0,0.0,37.065039952853574,-95.64786124107363,0.0,0.0,37.06503995285356,-95.64786124107363,35.999742184354815,0.0,0.0,-2.0123973754211596e+38,-6.517202714054384e+38,2.2486391184705866e+38,-7.855065878472997e+38,1.094838492533054e+36,6.992151960673036e+36,1.121192390441629e+37,-1.737933840244039e+38,-1.7448670356109788e+37,-2.830240148939708e+38,-9.495518292394029e+29,-3.730605159335164e+29,-6.538120001168481,0.1614481902899537,22.545762841509397,-6.833567271159681e+47,1.7315005774156762e+50,-5.1471112115405385e+45,8.538868592316874e+49,-1.0077922935387553e+41,-1.8514207949539062e+41,0.7018052478103642,0.3436708902713657,176.63513298165955,107.40332936006072,3.2396744130332253,0.20813672605784134,224.11126442187333,26.79564935129253,1.1242464012543694,1.8767978089599369,132.288984011651,66.52840297182009,324.0946143442329,1.0305598518894634,42.96047589311689,89.6038631733418,10.810355278497102,145.7138107118119,215.56315528975026,50.19161176555659,6.941602480851571,2.03599804386415,50.167378100194654,0.7668011458761259,41.06710733170071,1.325457030722797,183.60399760640604,215.59574736898105,1.9852307840998118,209.9062354260022,0.40085328355818767,520.8120321210542,1.1641987812267294,74.30870036728093,213.86761426590112,343.617674596543,15.315559826949617,37.34134734231386,72.06363177902502,4.90373918249174,15.681785405349467,38.38816736435838,0.40599216313720116,55.05577091158112,53.59397217843511,2.1970550377541973,81.55239122815422,1.1462801716051803,197.2077951446435,52.06421051080659,282.6456980368609,108.97494347835753,76.11682915439629,0.5042890719374505,142.26411532580104,0.6384342034122139,1.8243858286837342,11.770670672532699,0.9497415832346898,0.14687129741288574,0.49966028735394497,2.09280985941857,1.0003450853214484,0.5006722336248857,0.49966028735394497,0.9993205747078899,2.4983014367697263,0.9993205747078899,5.496263160893395,0.9759468458628578,3.9975974537971557,1.985593437979353,100.80524787704174,31.34257325152416,1.4924523002194978,4.496942586185506,38.172094946972706,0.25002571996985357,23714.193260482127,800.6095310642287,4515.223609060409,538.5440449889668,171.25448982537276,6.453269090437188,66.70860291235174,0.9400598151543718,21.4195870211642,28.35142566481916,109.64777586361802,33.02296420622359,0.8098399792149705,0.7235883591225649,17.59059217246646,52.08719463268078,28.202427721388286,114.66119474245443,15.262117727738163,0.286081244037954,1.3612252318308018,37.88198768063745,14.760449283412195,18.830512952154184,27.108752531334694,110.1082916280357,7.397614631359229,1.5304373755943985,79.82598113327401,20.717899729182136,6.984285621892791,12.02885876963201,3.4421042017716212,0.599592344824734,0.19986411494157802,3.02568243834571,4.904423566043193,3.865135324302431,1.8015489359848555,1.9198220825318935,3.643773618255004,1.3910516479389838,386.0776107632829,0.5719664123979762,1.6787978280637963,0.33973862667795285
2020-03-06 15:00:00,0.1454958230717936,35.83758117926904,104.12543642691566,35.83758117926902,104.12543642691567,35.83758117926903,104.12543642691566,35.83758117926904,104.12543642691566,35.83758117926904,104.12543642691567,35.83758117926903,104.12543642691566,35.83758117926902,104.12543642691563,35.83758117926903,104.12543642691566,35.83758117926904,104.12543642691567,0.0,35.83758117926903,104.12543642691566,35.83758117926903,104.12543642691563,35.83758117926902,104.12543642691564,35.837581179269044,104.12543642691566,35.83758117926902,104.12543642691566,35.83758117926902,104.12543642691567,35.83758117926903,104.12543642691566,35.83758117926902,104.12543642691566,35.83758117926904,104.12543642691566,35.83758117926903,104.12543642691564,0.0,35.83758117926902,104.12543642691566,35.83758117926904,104.12543642691566,0.0,35.83758117926904,104.12543642691567,0.0,35.83758117926903,104.12543642691566,0.034511704928602505,35.83758117926902,104.12543642691566,0.0,35.83758117926902,104.12543642691564,0.0,37.06533626604489,-95.64862588946043,0.8842459669131912,-0.009308308643695806,-0.0003392466594372076,37.06533626604489,-95.64862588946043,0.9993285636880451,0.0,0.0,37.06533626604487,-95.64862588946043,0.0,-0.0006800858240795446,37.06533626604489,-95.64862588946043,1.9381408461322405,-0.0009988723606283029,-0.0007250919300820224,37.06533626604488,-95.64862588946043,0.9974061856612013,0.0,-0.00027709100315999324,56.09267803406428,-106.27536591629146,0.0,-0.0014898989389319356,-25.257427851420008,133.68531451605296,5.032525923602149,0.04488256766749442,-25.257427851420008,133.68531451605296,0.0,51.131336497136346,10.44450846592826,0.0,0.0,56.092678034064285,-106.27536591629149,-0.00019055817416734045,0.16178915393637155,-25.25742785142001,133.68531451605296,0.0,-25.25742785142001,133.68531451605296,0.0,37.06533626604488,-95.64862588946042,1.9996823500718643,0.0,37.06533626604489,-95.64862588946043,0.9993285636880451,0.0,0.0010783651934874417,37.06533626604489,-95.64862588946042,1.0124314891591188,0.0020253285625435984,37.06533626604489,-95.64862588946043,0.9993285636880451,0.0,37.06533626604488,-95.64862588946039,1.4545065607929848,0.0,0.0,37.06533626604489,-95.64862588946043,0.9993285636880451,0.0,0.0,37.06533626604488,-95.64862588946043,0.0,37.06533626604489,-95.64862588946043,1.9986571273760902,0.0,0.0,56.092678034064285,-106.27536591629148,0.9993285636880451,0.0,56.09267803406429,-106.27536591629148,0.0,37.06533626604489,-95.64862588946043,0.9993285636880451,0.0,0.0009166690118425941,0.0,0.0,60.95904238497077,0.0,0.0,0.0,0.0,37.06533626604489,-95.64862588946043,0.0,37.06533626604489,-95.64862588946043,0.9993285636880451,0.0,0.0,37.06533626604489,-95.64862588946043,0.9993285636880451,0.0,0.0,0.0,0.0,0.0,0.0,37.06533626604489,-95.64862588946043,1.000448245766891,0.0,0.0,37.06533626604489,-95.64862588946043,10.992614200568498,0.0,0.0,37.06533626604489,-95.64862588946043,4.996642818440227,0.0,0.0,37.06533626604489,-95.64862588946043,1.9986571273760902,0.0,0.0,37.06533626604489,-95.64862588946043,0.0,0.0,37.06533626604489,-95.64862588946043,0.0,0.0,37.06533626604489,-95.64862588946043,0.0,0.0,37.06533626604488,-95.64862588946042,36.0000433644057,0.0,0.0,-2.1151721457548757e+38,-6.850041556092344e+38,2.3625144623037467e+38,-8.252861291883784e+38,1.1431812900939928e+36,7.300891732845226e+36,1.1747487293810858e+37,-1.8209502561562022e+38,-1.8371112558468387e+37,-2.9798637536562727e+38,-9.97285955042453e+29,-3.918143291023838e+29,-6.538191596248911,0.1611236015799125,22.590874304140307,-7.1825631083792184e+47,1.819187046080612e+50,-5.374382865779977e+45,8.946747333189608e+49,-1.0584541770102781e+41,-1.939886531100737e+41,0.6988835917322579,0.3426228081108856,176.59789917830406,106.73780511359146,3.3907446261990994,0.2087005842857264,224.42185457767508,26.533155431954288,1.124045380941828,1.8675892105976653,130.39600821893538,66.29544803494022,323.6643182322397,1.025608593458712,42.89277146725243,89.5981131910612,10.802682597151705,145.5518270247134,215.87854257726522,50.61028746137632,6.879300128153968,2.028148999272859,49.66405531416144,0.7664958224988153,41.081939905307884,1.32591900896866,183.7198165546217,215.2496322646544,1.9943442922217505,209.89350108906405,0.4021672944327805,519.7670890032343,1.1629756729098457,73.79582309025281,212.9467631006691,343.21869995735545,15.30389097647283,37.03155777546506,72.10175633200464,4.91334662064757,15.526526757392407,38.35103218955531,0.4034107474415646,55.05195433439141,53.97540764218089,2.185827179364079,80.27973052634185,1.1461229089232645,197.17477059418013,52.05155489207073,282.4759082764661,108.83388026281229,76.28250631393782,0.5032499400248757,142.11268878781428,0.6365452805533327,1.8240523497919208,11.838432165085054,0.8712404703677301,0.1465960204011205,0.49966428184402256,2.0928574918002023,1.0003537863838183,0.5006769461252947,0.49966428184402256,0.9993285636880451,2.4983214092201136,0.9993285636880451,5.496307100284249,0.9830940057218043,3.997628580543605,1.9853060322326224,100.80608770182619,31.342823816960376,1.4921601847562638,4.496978536596204,38.17240011041748,0.2433082969924181,23728.94302812082,801.3604789701952,4529.867360361106,539.4153050229917,172.88656376157283,6.439396306727897,66.70458313229419,0.9399319392840522,21.095064236692792,28.33130417423724,109.66366142188198,33.27504914494224,0.8138728231641729,0.7266101835551326,17.821111996298487,52.00152999724473,28.209100814059003,114.65324500698581,15.220419464205367,0.2850662986169791,1.346119192811633,37.849315551432525,14.710577818320107,18.813429138760107,27.116354134943162,110.10413509126191,7.393729991927442,1.5175894569875994,79.79651768094476,20.65836198214641,7.013498091820033,12.028954933282026,3.4421317193699332,0.5995971382128271,0.19986571273760903,3.036082269238536,4.90326296832133,3.8572729951673517,1.7898563026168939,1.8908554838429514,3.7170335626861166,1.395140514324478,385.4585957037305,0.5610658453113556,1.6770878483148413,0.3388796423133976
2020-03-06 16:00:00,0.14390480359960256,35.837865818314015,104.12626344045306,35.837865818314015,104.12626344045307,35.83786581831402,104.12626344045306,35.83786581831402,104.12626344045306,35.83786581831403,104.12626344045307,35.83786581831402,104.12626344045306,35.837865818314015,104.12626344045304,35.83786581831402,104.12626344045307,35.83786581831403,104.12626344045309,0.0,35.837865818314015,104.12626344045307,35.837865818314015,104.12626344045304,35.837865818314015,104.12626344045307,35.83786581831403,104.12626344045306,35.837865818314015,104.12626344045307,35.837865818314015,104.12626344045307,35.83786581831402,104.12626344045306,35.837865818314015,104.12626344045306,35.83786581831403,104.12626344045307,35.83786581831402,104.12626344045306,0.0,35.837865818314015,104.12626344045306,35.83786581831403,104.12626344045307,0.0,35.83786581831403,104.12626344045307,0.0,35.837865818314015,104.12626344045307,0.035145934250978964,35.83786581831401,104.12626344045307,0.0,35.83786581831401,104.12626344045304,0.0,37.06563065650233,-95.64938557615332,0.8794481881616036,-0.009690423501695133,-0.00035245528731907977,37.06563065650233,-95.64938557615332,0.9993365008288521,0.0,0.0,37.06563065650232,-95.64938557615332,0.0,-0.0007063864939539713,37.06563065650233,-95.64938557615332,1.9355539304021203,-0.0010434470773784399,-0.0007548767816340576,37.06563065650232,-95.64938557615334,0.9973528406014186,0.0,-0.00028482752212354023,56.09312354868277,-106.27621000558726,0.0,-0.0015214833282870405,-25.257628457875743,133.68637630814382,5.03953705531123,0.045065078372369796,-25.257628457875743,133.68637630814382,0.0,51.131742606430294,10.44459142116177,0.0,0.0,56.093123548682776,-106.27621000558727,-0.00019116782819186156,0.16405304523774955,-25.257628457875747,133.68637630814382,0.0,-25.257628457875747,133.68637630814382,0.0,37.06563065650232,-95.6493855761533,1.999698929808386,0.0,37.06563065650233,-95.64938557615334,0.9993365008288521,0.0,0.001078963861361366,37.06563065650233,-95.64938557615332,1.0124487471019776,0.0020267527929560894,37.06563065650233,-95.64938557615332,0.9993365008288521,0.0,37.06563065650232,-95.64938557615329,1.4686753570170494,0.0,0.0,37.06563065650233,-95.64938557615332,0.9993365008288521,0.0,0.0,37.06563065650232,-95.64938557615332,0.0,37.06563065650233,-95.64938557615332,1.9986730016577041,0.0,0.0,56.093123548682776,-106.27621000558727,0.9993365008288521,0.0,56.093123548682776,-106.27621000558726,0.0,37.06563065650233,-95.64938557615332,0.9993365008288521,0.0,0.0009172622098472557,0.0,0.0,60.95952655055999,0.0,0.0,0.0,0.0,37.06563065650233,-95.64938557615332,0.0,37.06563065650233,-95.64938557615332,0.9993365008288521,0.0,0.0,37.06563065650233,-95.64938557615332,0.9993365008288521,0.0,0.0,0.0,0.0,0.0,0.0,37.06563065650233,-95.64938557615332,1.000456669173697,0.0,0.0,37.06563065650233,-95.64938557615332,10.992701509117374,0.0,0.0,37.06563065650233,-95.64938557615332,4.996682504144261,0.0,0.0,37.06563065650233,-95.64938557615332,1.9986730016577041,0.0,0.0,37.06563065650233,-95.64938557615332,0.0,0.0,37.06563065650233,-95.64938557615332,0.0,0.0,37.06563065650233,-95.64938557615332,0.0,0.0,37.06563065650232,-95.64938557615332,36.00034255709799,0.0,0.0,-2.219227427026984e+38,-7.187027367046672e+38,2.477804503672368e+38,-8.655598602039205e+38,1.1920940847585732e+36,7.61327177378119e+36,1.2289565485957806e+37,-1.9049765162541252e+38,-1.9305181799999926e+37,-3.1313733079844283e+38,-1.0456116114590946e+30,-4.10800543188294e+29,-6.538262590854557,0.160757746420118,22.634521097668113,-7.535907220818114e+47,1.9079628623334193e+50,-5.604334219813456e+45,9.359587670759256e+49,-1.1097438724405135e+41,-2.029429395187555e+41,0.696015144136472,0.3416712515987557,176.54098401509802,106.05138577360178,3.5454729781339642,0.20935764702113438,224.6713584953562,26.331733407922442,1.1239679941512786,1.8587836573327732,128.5857284216386,66.01855950029024,323.2000770301124,1.020268563822253,42.7863119213103,89.5951716528089,10.796610644151361,145.36784494925166,216.1366081478744,50.955179246927415,6.829046993934665,2.0214203448276136,49.23293178787363,0.765975340053235,41.104637950534006,1.3255970967987942,183.69458818307024,214.85781419543923,2.0015979431840503,209.88938714282367,0.4032617309922902,518.7679729016693,1.1615377790301271,73.23809848045934,211.70411421102068,342.80712909159416,15.297357129431235,36.6798947304189,72.14610409189386,4.92120554492954,15.35917991552774,38.320882089434676,0.40131149588087556,55.03543314746117,54.28110908770779,2.1741745863631063,78.95905806175102,1.1456747580465785,197.0646398685133,52.056187329830074,282.27612867398705,108.69743448098853,76.4466168427482,0.5021313418763057,141.99639674843584,0.6350925986727892,1.823868484278329,11.917422646466903,0.7974101307868029,0.14618000833462358,0.49966825041442603,2.0930821291158304,1.0003624289795334,0.5006816268109043,0.49966825041442603,0.9993365008288521,2.4983412520721306,0.9993365008288521,5.496350754558687,0.9912784138110213,3.9976595038039275,1.985016299773484,100.80692183839957,31.34307275651335,1.4918643263810818,4.497014253729835,38.17270329370036,0.2375760467953052,23737.341252231912,801.8044494345068,4539.160184366108,540.1413264687533,174.248160776859,6.420667767584181,66.70150550564941,0.9398321356417164,20.78111625495798,28.310760754541583,109.67984882497282,33.53244302321942,0.8179900886997822,0.7296034180183057,18.049493438344353,51.909307325826,28.216804692983768,114.64386398445535,15.171846580909468,0.2838883395038527,1.3285981306051655,37.804353783659344,14.642078151995602,18.78445019794416,27.12518059723674,110.09913160195067,7.389197931471141,1.502631810126793,79.77161978190945,20.6078798658677,7.056372252602786,12.029050472939886,3.4421590584104904,0.5996019004973112,0.19986730016577042,3.0477266332650634,4.904305251578065,3.850588713331903,1.7783692665420234,1.864549389218762,3.789172855839733,1.3992727718714428,384.8765925716159,0.5508143583180034,1.6755664873902991,0.3381149932807231
2020-03-06 17:00:00,0.1421628096807619,35.83814851980256,104.12708482445568,35.83814851980256,104.1270848244557,35.83814851980256,104.12708482445568,35.838148519802566,104.12708482445568,35.83814851980257,104.1270848244557,35.83814851980256,104.12708482445568,35.83814851980256,104.12708482445566,35.838148519802566,104.1270848244557,35.83814851980257,104.12708482445571,0.0,35.83814851980256,104.12708482445568,35.83814851980256,104.12708482445566,35.83814851980256,104.1270848244557,35.838148519802566,104.12708482445568,35.83814851980256,104.1270848244557,35.83814851980256,104.12708482445568,35.83814851980256,104.12708482445568,35.83814851980256,104.12708482445568,35.838148519802566,104.12708482445568,35.83814851980256,104.12708482445568,0.0,35.83814851980256,104.12708482445568,35.83814851980257,104.1270848244557,0.0,35.838148519802566,104.1270848244557,0.0,35.83814851980256,104.1270848244557,0.035977377483970216,35.83814851980255,104.1270848244557,0.0,35.83814851980255,104.12708482445566,0.0,37.065923043024824,-95.65014009160963,0.8745950105975862,-0.010076904778221984,-0.000365811061649509,37.065923043024824,-95.65014009160963,0.9993443839410265,0.0,0.0,37.065923043024824,-95.65014009160963,0.0,-0.0007329791701342972,37.06592304302483,-95.65014009160963,1.9329365312291218,-0.001088550122085294,-0.000785002174318844,37.065923043024824,-95.65014009160963,0.997298835053403,0.0,-0.0002926331379506514,56.09356603065434,-106.27704834911245,0.0,-0.0015532696506850435,-25.25782769879032,133.68743087254708,5.04853371210329,0.04535453123540964,-25.25782769879032,133.68743087254705,0.0,51.132145951311934,10.444673811713622,0.0,0.0,56.093566030654344,-106.27704834911248,-0.00019174624121571452,0.16677163374473183,-25.257827698790322,133.68743087254708,0.0,-25.257827698790326,133.68743087254708,0.0,37.065923043024824,-95.6501400916096,1.9997153947122808,0.0,37.065923043024824,-95.65014009160963,0.9993443839410265,0.0,0.0010795549528054703,37.065923043024824,-95.65014009160961,1.0124658752102134,0.00202816489760252,37.065923043024824,-95.65014009160963,0.9993443839410265,0.0,37.065923043024824,-95.6501400916096,1.4830517959896945,0.0,0.0,37.065923043024824,-95.65014009160963,0.9993443839410265,0.0,0.0,37.065923043024824,-95.65014009160963,0.0,37.065923043024824,-95.65014009160963,1.998688767882053,0.0,0.0,56.093566030654344,-106.27704834911246,0.9993443839410265,0.0,56.09356603065435,-106.27704834911246,0.0,37.065923043024824,-95.65014009160963,0.9993443839410265,0.0,0.0009178597276612013,0.0,0.0,60.96000742040264,0.0,0.0,0.0,0.0,37.065923043024824,-95.65014009160963,0.0,37.065923043024824,-95.65014009160963,0.9993443839410265,0.0,0.0,37.065923043024824,-95.65014009160963,0.9993443839410265,0.0,0.0,0.0,0.0,0.0,0.0,37.065923043024824,-95.65014009160963,1.0004650317158406,0.0,0.0,37.065923043024824,-95.65014009160963,10.992788223351292,0.0,0.0,37.065923043024824,-95.65014009160963,4.996721919705134,0.0,0.0,37.065923043024824,-95.65014009160963,1.998688767882053,0.0,0.0,37.065923043024824,-95.65014009160963,0.0,0.0,37.065923043024824,-95.65014009160963,0.0,0.0,37.065923043024824,-95.65014009160963,0.0,0.0,37.065923043024824,-95.65014009160961,36.00063968066716,0.0,0.0,-2.3245624589137404e+38,-7.528157684588285e+38,2.594508330910209e+38,-9.063274624257753e+38,1.2415759755953045e+36,7.929286329710313e+36,1.2838151861979656e+37,-1.9900115945612232e+38,-2.0250873505826569e+37,-3.284768069861667e+38,-1.0945284046130072e+30,-4.3001900344487974e+29,-6.538332968552478,0.16038751434202708,22.67613460833931,-7.893597026618802e+47,1.9978273241713627e+50,-5.836961038134908e+45,9.777384564166576e+49,-1.1616609617947756e+41,-2.1200485093238834e+41,0.6932430960418919,0.3408161303972951,176.46926154566165,105.36892024133056,3.7017694426069596,0.21011801046143597,224.85859014819346,26.194811138408802,1.1240321886730984,1.8504910926971563,126.88076638647931,65.7121341992309,322.72135763085106,1.0147628015686219,42.65110563415533,89.59490392673668,10.791842107758182,145.166300610568,216.34179158848804,51.232109217294855,6.793315628203257,2.015920579791458,48.88101437429094,0.765261821294385,41.13425371887546,1.3246905258186463,183.5648892280243,214.46143442482042,2.006960114175252,209.8951690635696,0.4041193252585376,517.8271882784156,1.1599539704238022,72.66045224070278,210.1784672639438,342.39747460929055,15.295715967575287,36.29480470371494,72.19734936822479,4.927451388198514,15.182620043810145,38.29916220941498,0.3997941399974583,55.007551313513105,54.50965104475361,2.1623027822781036,77.61378056297886,1.1450483922707517,196.90743995422704,52.080341050657395,282.05597322562363,108.56740194687764,76.60605701113056,0.5009523069684905,141.9171789137204,0.6341002410115588,1.8238271223962776,12.008860699258857,0.7288345362563147,0.14565813071404377,0.49967219197051327,2.093475445514952,1.0003710107712538,0.5006862744193147,0.49967219197051327,0.9993443839410265,2.498360959852567,0.9993443839410265,5.496394111675646,1.0001994365904998,3.997690215083297,1.98472427031608,100.80775006221549,31.343320001518638,1.491564726154388,4.497049727734621,38.17300441319497,0.2327646472478237,23740.002663761283,801.9717086758106,4543.652083769805,540.7106878469762,175.317732381071,6.397668713924614,66.69919420904115,0.939755177724173,20.48185115359549,28.290092487364078,109.69611901313236,33.791478750723726,0.8221329483106049,0.7325113544035807,18.271416590579772,51.81209689326254,28.225403960604986,114.63323790487281,15.117298900739314,0.2825687269319558,1.3089835337493538,37.74848462518804,14.55704579150367,18.744799385873907,27.134990547706323,110.09344598873287,7.384145595829837,1.4859790426654256,79.75074226516294,20.565373306520016,7.11123037627083,12.029145362253098,3.442186211352425,0.5996066303646159,0.19986887678820534,3.0602274597134924,4.907574401080534,3.8450109521307585,1.7672623373686653,1.8409013574345503,3.858254469391186,1.4033580032937631,384.3362308780794,0.5412931101474722,1.674225342869753,0.3374404794643629
2020-03-06 18:00:00,0.1403106528543703,35.8384292065716,104.12790035472764,35.8384292065716,104.12790035472766,35.838429206571604,104.12790035472764,35.83842920657161,104.12790035472764,35.83842920657161,104.12790035472766,35.838429206571604,104.12790035472764,35.8384292065716,104.12790035472764,35.838429206571604,104.12790035472766,35.83842920657161,104.12790035472766,0.0,35.8384292065716,104.12790035472766,35.838429206571604,104.12790035472764,35.8384292065716,104.12790035472766,35.83842920657161,104.12790035472766,35.8384292065716,104.12790035472766,35.8384292065716,104.12790035472764,35.838429206571604,104.12790035472764,35.838429206571604,104.12790035472764,35.83842920657161,104.12790035472766,35.838429206571604,104.12790035472764,0.0,35.8384292065716,104.12790035472764,35.83842920657161,104.12790035472766,0.0,35.83842920657161,104.12790035472766,0.0,35.838429206571604,104.12790035472766,0.03696946826716156,35.83842920657159,104.12790035472767,0.0,35.83842920657159,104.12790035472763,0.0,37.0662133458058,-95.65088922988517,0.8696865440505626,-0.010467742992933848,-0.0003793135908465965,37.0662133458058,-95.65088922988517,0.9993522108728817,0.0,0.0,37.0662133458058,-95.65088922988517,0.0,-0.0007598630560825131,37.06621334580581,-95.65088922988517,1.9302886982945004,-0.0011341807072721838,-0.0008154673713494931,37.0662133458058,-95.65088922988517,0.9972441700332418,0.0,-0.0003005073195544647,56.09400535920404,-106.27788071804211,0.0,-0.001585253495221317,-25.25802551978115,133.68847792142049,5.05913565762332,0.04574126637826485,-25.25802551978115,133.68847792142049,0.0,51.13254642168873,10.44475561509541,0.0,0.0,56.09400535920404,-106.27788071804213,-0.00019229270325492093,0.16987307694978243,-25.258025519781153,133.68847792142049,0.0,-25.258025519781157,133.68847792142049,0.0,37.0662133458058,-95.65088922988514,1.999731740335274,0.0,37.0662133458058,-95.65088922988517,0.9993522108728817,0.0,0.0010801383877443115,37.0662133458058,-95.65088922988515,1.0124828690956553,0.002029564547483452,37.0662133458058,-95.65088922988517,0.9993522108728817,0.0,37.06621334580581,-95.65088922988512,1.497059415653482,0.0,0.0,37.0662133458058,-95.65088922988517,0.9993522108728817,0.0,0.0,37.06621334580581,-95.65088922988517,0.0,37.0662133458058,-95.65088922988517,1.9987044217457635,0.0,0.0,56.09400535920404,-106.27788071804213,0.9993522108728817,0.0,56.09400535920405,-106.27788071804211,0.0,37.0662133458058,-95.65088922988517,0.9993522108728817,0.0,0.0009184610412110612,0.0,0.0,60.96048486324582,0.0,0.0,0.0,0.0,37.0662133458058,-95.65088922988517,0.0,37.0662133458058,-95.65088922988517,0.9993522108728817,0.0,0.0,37.0662133458058,-95.65088922988517,0.9993522108728817,0.0,0.0,0.0,0.0,0.0,0.0,37.0662133458058,-95.65088922988517,1.0004733311926115,0.0,0.0,37.0662133458058,-95.65088922988517,10.9928743196017,0.0,0.0,37.0662133458058,-95.65088922988517,4.996761054364411,0.0,0.0,37.0662133458058,-95.65088922988517,1.9987044217457635,0.0,0.0,37.0662133458058,-95.65088922988517,0.0,0.0,37.0662133458058,-95.65088922988517,0.0,0.0,37.0662133458058,-95.65088922988517,0.0,0.0,37.0662133458058,-95.65088922988515,36.00093465476393,0.0,0.0,-2.4311761914290277e+38,-7.873429108309439e+38,2.7126247111966926e+38,-9.475885051985785e+38,1.2916259237965003e+36,8.248928766319252e+36,1.3393238285529102e+37,-2.0760542298815444e+38,-2.120818050784239e+37,-3.4400468765942484e+38,-1.1440358099480366e+30,-4.494695037841975e+29,-6.538402713233417,0.1600489615763148,22.71527846948001,-8.255628960307045e+47,2.0887794822959625e+50,-6.072258437048229e+45,1.0200131816866078e+50,-1.2142048883434637e+41,-2.2117427882556225e+41,0.6906025857268264,0.3400550507915583,176.38839103669207,104.71642801228793,3.8573941282867668,0.2109915189796128,224.98319489512784,26.125018681768672,1.124237048951811,1.8427988859160618,125.29910462395603,65.39298327773064,322.2494563632137,1.0093353050801235,42.49872792284851,89.59726447523255,10.788129723525511,144.9519392974636,216.50032347615013,51.449200824868335,6.773984070758776,2.0117295937769564,48.613467061359586,0.7643909797435267,41.16950377447879,1.3234236923994434,183.3717763137933,214.1006631996041,2.0104248041296446,209.91079294627295,0.404727454994832,516.9546719729358,1.1583050341967822,72.09007035769233,208.41668785867023,342.0049469058012,15.298887932277253,35.88532085192497,72.25614965057524,4.932274219165852,14.999941024844391,38.28697129552679,0.39893450687941096,54.970349427109184,54.660644979932066,2.150422740820082,76.26793574635829,1.1443602166426872,196.73416500455934,52.12365497977301,281.826719388058,108.44516072251487,76.757626514932,0.4997333310154128,141.87651425695964,0.6335865709325222,1.8239258890729513,12.113935479183427,0.6658748407366675,0.1450708741013712,0.49967610543644086,2.0940079330450967,1.0003795294623912,0.5006908877101829,0.49967610543644086,0.9993522108728817,2.4983805271822055,0.9993522108728817,5.49643715980085,1.009520975301583,3.9977207060332276,1.9844299766812834,100.80857215265657,31.343565484490988,1.4912613860573884,4.49708494892797,38.17330338671106,0.2288108239645474,23737.92399581416,801.9109969455891,4544.215457017938,541.1150403389138,176.07942875095506,6.3711061038253245,66.69750299498698,0.9396967185441072,20.200421471000404,28.26961471586887,109.71223948581545,34.04825934819335,0.8262390227134545,0.7352755200242436,18.482428300736334,51.711589967554936,28.234725766967312,114.62160462347393,15.057921880218753,0.2811347329724442,1.287685587308983,37.68335226211602,14.457973322272665,18.69645141306386,27.145531103380797,110.08725096198867,7.378706198563047,1.4680655451099514,79.73337087026738,20.52982348072858,7.1758104214607625,12.029239575321728,3.4422131707843713,0.5996113265237293,0.19987044217457642,3.073150624086916,4.912906573328134,3.8404702811296723,1.7566774736856103,1.8198454625818539,3.922338254329336,1.407300396455284,383.8403733853426,0.5325522920540352,1.6730533716994445,0.3368505804132808
2020-03-06 19:00:00,0.13838978478230457,35.838707802805274,104.12870981098733,35.838707802805274,104.12870981098735,35.838707802805274,104.12870981098733,35.83870780280528,104.12870981098733,35.83870780280529,104.12870981098735,35.838707802805274,104.12870981098733,35.83870780280527,104.12870981098732,35.83870780280528,104.12870981098735,35.83870780280529,104.12870981098733,0.0,35.83870780280527,104.12870981098733,35.838707802805274,104.12870981098733,35.83870780280527,104.12870981098735,35.83870780280528,104.12870981098736,35.83870780280527,104.12870981098735,35.838707802805274,104.12870981098733,35.838707802805274,104.12870981098735,35.838707802805274,104.12870981098733,35.83870780280528,104.12870981098733,35.838707802805274,104.12870981098733,0.0,35.838707802805274,104.12870981098733,35.83870780280529,104.12870981098735,0.0,35.83870780280528,104.12870981098735,0.0,35.838707802805274,104.12870981098735,0.03807774400205548,35.83870780280527,104.12870981098736,0.0,35.83870780280527,104.12870981098732,0.0,37.066501486432024,-95.65163278863136,0.864722912186247,-0.010862927566453018,-0.00039296244513149087,37.066501486432024,-95.65163278863136,0.9993599795102976,0.0,0.0,37.066501486432024,-95.65163278863136,0.0,-0.0007870372791005734,37.06650148643203,-95.65163278863136,1.9276104888130963,-0.0011803379181804102,-0.000846271550198549,37.066501486432024,-95.65163278863136,0.9971888468036085,0.0,-0.0003084495069864551,56.094441415665514,-106.27870688754635,0.0,-0.001617429998919312,-25.258221867415116,133.6895171719473,5.0707541757978625,0.046207222152475746,-25.258221867415116,133.6895171719473,0.0,51.132943909390235,10.444836809211345,0.0,0.0,56.094441415665514,-106.27870688754636,-0.00019280648108595418,0.17325020285354487,-25.25822186741512,133.6895171719473,0.0,-25.258221867415116,133.6895171719473,0.0,37.066501486432024,-95.65163278863135,1.9997479623073686,0.0,37.066501486432024,-95.65163278863136,0.9993599795102976,0.0,0.0010807140885930161,37.066501486432024,-95.65163278863135,1.0124997244506035,0.002030951420101977,37.066501486432024,-95.65163278863136,0.9993599795102976,0.0,37.06650148643203,-95.65163278863133,1.5101391950665368,0.0,0.0,37.066501486432024,-95.65163278863136,0.9993599795102976,0.0,0.0,37.06650148643203,-95.65163278863136,0.0,37.066501486432024,-95.65163278863136,1.9987199590205953,0.0,0.0,56.094441415665514,-106.27870688754636,0.9993599795102976,0.0,56.094441415665514,-106.27870688754636,0.0,37.066501486432024,-95.65163278863136,0.9993599795102976,0.0,0.000919065678114275,0.0,0.0,60.96095875012818,0.0,0.0,0.0,0.0,37.066501486432024,-95.65163278863135,0.0,37.066501486432024,-95.65163278863136,0.9993599795102976,0.0,0.0,37.066501486432024,-95.65163278863136,0.9993599795102976,0.0,0.0,0.0,0.0,0.0,0.0,37.066501486432024,-95.65163278863136,1.0004815654428227,0.0,0.0,37.066501486432024,-95.65163278863136,10.992959774613274,0.0,0.0,37.066501486432024,-95.65163278863136,4.99679989755149,0.0,0.0,37.066501486432024,-95.65163278863136,1.9987199590205953,0.0,0.0,37.066501486432024,-95.65163278863136,0.0,0.0,37.066501486432024,-95.65163278863136,0.0,0.0,37.066501486432024,-95.65163278863136,0.0,0.0,37.066501486432024,-95.65163278863135,36.001227400452684,0.0,0.0,-2.539067280378116e+38,-8.222837284999208e+38,2.8321520855306284e+38,-9.89342443923628e+38,1.34224275062643e+36,8.572191555649295e+36,1.3954815079520355e+37,-2.163102922192867e+38,-2.2177093003545523e+37,-3.597208138179385e+38,-1.1941331711872153e+30,-4.691517863677332e+29,-6.538471809111065,0.15977470611368438,22.751643857700167,-8.621998457353988e+47,2.1808181362427884e+50,-6.310220875020565e+45,1.062782205890369e+50,-1.2673749555571017e+41,-2.304510942754382e+41,0.6881205514416697,0.3393838241987164,176.30445127084369,104.1197664037517,4.010015296449602,0.21198736770663315,225.04554163378467,26.124224616148815,1.1245627748404905,1.835772766210968,123.85427926504236,65.07925396254956,321.80623389331856,1.0042365382665295,42.341575001262456,89.60229662307523,10.785269257285368,144.72958073705195,216.61958125545667,51.61603518470987,6.772255677983267,2.00889747208257,48.43353272017916,0.7634097960789659,41.208827557025955,1.322028102825362,183.15748654610206,213.8118029911178,2.0120081376421663,209.9348742180019,0.405078221325761,516.1578994710446,1.1566784495569684,71.55480340436108,206.47133826040604,341.64467196356,15.306955871458907,35.46061677289183,72.32311906068342,4.9358990928919235,14.814293900004568,38.28501496312491,0.39878129432284704,54.92644067385436,54.73460388357181,2.13874471950725,74.94549264230747,1.1437211401392302,196.57431366345781,52.183177535186736,281.6005788042777,108.33168597691652,76.8981756274354,0.49849530065767883,141.87544204364676,0.6335644929380596,1.8241671345276396,12.233759047784732,0.6086944548000967,0.14446172606761787,0.4996799897551488,2.0946313346483354,1.0003879827970703,0.5006954654652,0.4996799897551488,0.9993599795102976,2.498399948775745,0.9993599795102976,5.496479887306637,1.018882171768415,3.997750968451453,1.9841334555353718,100.80938789303045,31.343809139123376,1.4909543090052395,4.497119907796342,38.17360013349337,0.225655801048654,23732.384256030713,801.684664943177,4541.958599142798,541.3491591233478,176.5232069990093,6.3417728542196965,66.69631104517546,0.9396531673110553,19.939058193417402,28.249652496493955,109.72797059555099,34.298763281499916,0.8302441016888988,0.7378383662904183,18.678147541943762,51.60951007606177,28.24456932842754,114.60924050133109,14.995043895802487,0.27961803905574795,1.2651808566245724,37.61077681986973,14.347620039602804,18.642003968382735,27.15654923086351,110.08071933968561,7.373013033455298,1.449325968664005,79.71902966759852,20.500287521046644,7.247368331256825,12.02933308669803,3.442239929424359,0.5996159877061787,0.19987199590205956,3.086029616267545,4.919963771597112,3.83690356214688,1.7467235476901979,1.8012663094533015,3.979551727611015,1.411001720748278,383.3903149264645,0.5246146126917929,1.672037757151515,0.33633888882060836
2020-03-06 20:00:00,0.13644048525538416,35.83898423403369,104.12951297686385,35.83898423403369,104.12951297686388,35.83898423403369,104.12951297686386,35.83898423403369,104.12951297686385,35.838984234033695,104.12951297686388,35.838984234033695,104.12951297686386,35.83898423403369,104.12951297686385,35.83898423403369,104.12951297686388,35.838984234033695,104.12951297686386,0.0,35.83898423403369,104.12951297686386,35.838984234033695,104.12951297686385,35.83898423403369,104.12951297686386,35.83898423403369,104.12951297686388,35.83898423403368,104.12951297686388,35.83898423403369,104.12951297686386,35.83898423403369,104.12951297686388,35.83898423403369,104.12951297686386,35.83898423403369,104.12951297686386,35.83898423403369,104.12951297686385,0.0,35.83898423403369,104.12951297686385,35.838984234033695,104.12951297686386,0.0,35.838984234033695,104.12951297686388,0.0,35.83898423403369,104.12951297686386,0.039251929865972875,35.83898423403368,104.12951297686388,0.0,35.83898423403368,104.12951297686385,0.0,37.06678738788236,-95.65237056909199,0.8597042527081502,-0.011262446804424897,-0.00040675715598657153,37.06678738788236,-95.65237056909199,0.999367687776686,0.0,0.0,37.06678738788236,-95.65237056909199,0.0,-0.0008145008892358543,37.066787387882364,-95.65237056909199,1.9249019676443506,-0.0012270207108494718,-0.0008774138013418337,37.06678738788236,-95.652370569092,0.99713286688633,0.0,-0.00031645910910479275,56.09487408347913,-106.27952663678677,0.0,-0.0016497937238505456,-25.258416689207706,133.69054834633175,5.082638708240928,0.04672800129873173,-25.25841668920771,133.69054834633175,0.0,51.133338308166415,10.44491737235792,0.0,0.0,56.09487408347913,-106.27952663678678,-0.0001932868113591142,0.17676629615106804,-25.258416689207714,133.69054834633175,0.0,-25.25841668920771,133.69054834633175,0.0,37.06678738788236,-95.65237056909199,1.99976405633677,0.0,37.06678738788236,-95.652370569092,0.999367687776686,0.0,0.001081281980242863,37.06678738788236,-95.65237056909199,1.0125164370477107,0.0020323251994493995,37.06678738788236,-95.65237056909199,0.999367687776686,0.0,37.066787387882364,-95.65237056909199,1.5217837755118346,0.0,0.0,37.06678738788236,-95.65237056909199,0.999367687776686,0.0,0.0,37.066787387882364,-95.652370569092,0.0,37.06678738788236,-95.65237056909199,1.998735375553372,0.0,0.0,56.09487408347913,-106.27952663678678,0.999367687776686,0.0,56.09487408347913,-106.27952663678678,0.0,37.06678738788236,-95.652370569092,0.999367687776686,0.0,0.0009196732051395453,0.0,0.0,60.96142895437788,0.0,0.0,0.0,0.0,37.06678738788236,-95.65237056909199,0.0,37.06678738788236,-95.65237056909199,0.999367687776686,0.0,0.0,37.06678738788236,-95.65237056909199,0.999367687776686,0.0,0.0,0.0,0.0,0.0,0.0,37.06678738788236,-95.65237056909199,1.0004897323447615,0.0,0.0,37.06678738788236,-95.65237056909199,10.993044565543547,0.0,0.0,37.06678738788236,-95.65237056909199,4.996838438883432,0.0,0.0,37.06678738788236,-95.65237056909199,1.998735375553372,0.0,0.0,37.06678738788236,-95.65237056909199,0.0,0.0,37.06678738788236,-95.65237056909199,0.0,0.0,37.06678738788236,-95.65237056909199,0.0,0.0,37.066787387882364,-95.65237056909199,36.001517840209864,0.0,0.0,-2.648234082802189e+38,-8.576376893891786e+38,2.953088563694697e+38,-1.0315886183001868e+39,1.3934251353679015e+36,8.899066262980569e+36,1.452287100282559e+37,-2.2511559290345026e+38,-2.3157598514785375e+37,-3.756249830613982e+38,-1.24481969954202e+30,-4.890655412957437e+29,-6.538540240721302,0.1595916044904703,22.785039767246314,-8.992699938708209e+47,2.273941830503729e+50,-6.550842143027395e+45,1.106044672916918e+50,-1.32117032626699e+41,-2.3983514838312062e+41,0.6858159984091037,0.33879694610127054,176.22355461987655,103.60334232953349,4.157274014194192,0.21311363825512356,225.04666848252884,26.193556189620793,1.1249722846936374,1.829458799504974,122.55578700485209,64.78927147613038,321.4128335346419,0.999708746208337,42.19207632479869,89.61013252834567,10.78309313072532,144.50390839611117,216.70735767188302,51.74269403336813,6.788610290557269,2.0074437472366387,48.34248345655358,0.7623734428055311,41.25046052230885,1.320724042589166,182.96208920600228,213.62470569382276,2.0117464581115443,209.9648106595056,0.4051684759119881,515.4421097382166,1.1551627723444349,71.08155177804392,204.39823274383988,341.33093563166085,15.320165056729781,35.02960597801467,72.39879733833631,4.938563733775683,14.628738522237215,38.29357729379761,0.3993541107883974,54.87884891314294,54.73287295389601,2.127472328564515,73.66967822994145,1.1432279058946446,196.45358521384247,52.253593428020565,281.38991340383785,108.22758070867361,77.0247680684438,0.4972585054771756,141.91457361276207,0.6340415989306176,1.8245579350583792,12.369310670376665,0.5572881298784994,0.14387441442501195,0.499683843888343,2.095282493638422,1.0003963685600832,0.5007000064880681,0.499683843888343,0.999367687776686,2.498419219441716,0.999367687776686,5.496522282771774,1.0279099917561274,3.997780994281789,1.9838347483751468,100.81019707056545,31.344050900285943,1.4906434988602846,4.49715459499509,38.17389457422031,0.22324808753914877,23724.822618950107,801.3627247313066,4538.120133468886,541.4109613497374,176.6448796408641,6.310510945280812,66.69551920340513,0.939621577403109,19.699141027221042,28.230531149663076,109.74307250520731,34.53896099480744,0.8340840481279139,0.7401462445596521,18.854492683367273,51.50753147770874,28.254716103297174,114.59644638053011,14.93010926986233,0.27805312979967145,1.241988425331845,37.53266529930332,14.228876933682436,18.584507679206986,27.167801947692944,110.07401706737656,7.367194098666976,1.4301776973356013,79.70728538003212,20.475907080846255,7.322806140435259,12.02942587138604,3.442266480119697,0.5996206126660119,0.19987353755533727,3.0983817869720056,4.928259830373782,3.8342573692128865,1.737477460337931,1.7850122334848777,4.028160447420971,1.4143646640616527,382.9860130198572,0.5174793402822574,1.6711646607060924,0.33589848646470283
2020-03-06 21:00:00,0.13450035094069857,35.839258427131604,104.13030963989318,35.83925842713161,104.1303096398932,35.83925842713161,104.1303096398932,35.83925842713161,104.13030963989318,35.83925842713161,104.1303096398932,35.83925842713161,104.1303096398932,35.839258427131604,104.13030963989318,35.839258427131604,104.1303096398932,35.83925842713161,104.13030963989318,0.0,35.839258427131604,104.13030963989318,35.83925842713161,104.13030963989318,35.839258427131604,104.1303096398932,35.83925842713161,104.1303096398932,35.8392584271316,104.1303096398932,35.83925842713161,104.1303096398932,35.839258427131604,104.1303096398932,35.83925842713161,104.13030963989317,35.83925842713161,104.1303096398932,35.839258427131604,104.13030963989318,0.0,35.839258427131604,104.13030963989318,35.83925842713161,104.1303096398932,0.0,35.83925842713161,104.1303096398932,0.0,35.83925842713161,104.1303096398932,0.040438376281631744,35.8392584271316,104.13030963989321,0.0,35.8392584271316,104.13030963989317,0.0,37.067070974526374,-95.65310237609965,0.8546307175600543,-0.011666287881498372,-0.00042069721561080464,37.067070974526374,-95.65310237609965,0.9993753336329548,0.0,0.0,37.067070974526374,-95.65310237609965,0.0,-0.0008422528581740543,37.067070974526374,-95.65310237609965,1.9221632074041528,-0.0012742279101838755,-0.0009088931269918346,37.067070974526374,-95.65310237609965,0.9970762320786569,0.0,-0.0003245355005020642,56.09530324818987,-106.28033974891248,0.0,-0.0016823384933979807,-25.258609933622097,133.69157117179392,5.093936838497812,0.04727551569293578,-25.258609933622097,133.69157117179392,0.0,51.13372951368569,10.444997283223506,0.0,0.0,56.09530324818987,-106.2803397489125,-0.00019373289128352838,0.1802631969856197,-25.2586099336221,133.69157117179392,0.0,-25.258609933622097,133.69157117179392,0.0,37.067070974526374,-95.65310237609965,1.9997800182097996,0.0,37.067070974526374,-95.65310237609964,0.9993753336329548,0.0,0.001081841990046798,37.067070974526374,-95.65310237609962,1.012533002739862,0.0020336855759904657,37.067070974526374,-95.65310237609965,0.9993753336329548,0.0,37.06707097452638,-95.65310237609964,1.5315694587521458,0.0,0.0,37.067070974526374,-95.65310237609965,0.9993753336329548,0.0,0.0,37.06707097452638,-95.65310237609967,0.0,37.067070974526374,-95.65310237609965,1.9987506672659097,0.0,0.0,56.09530324818987,-106.28033974891248,0.9993753336329548,0.0,56.09530324818987,-106.2803397489125,0.0,37.067070974526374,-95.65310237609965,0.9993753336329548,0.0,0.000920283218898932,0.0,0.0,60.961895351610266,0.0,0.0,0.0,0.0,37.067070974526374,-95.65310237609965,0.0,37.067070974526374,-95.65310237609965,0.9993753336329548,0.0,0.0,37.067070974526374,-95.65310237609965,0.9993753336329548,0.0,0.0,0.0,0.0,0.0,0.0,37.067070974526374,-95.65310237609965,1.0004978298161387,0.0,0.0,37.067070974526374,-95.65310237609965,10.993128669962504,0.0,0.0,37.067070974526374,-95.65310237609965,4.996876668164776,0.0,0.0,37.067070974526374,-95.65310237609965,1.9987506672659097,0.0,0.0,37.067070974526374,-95.65310237609965,0.0,0.0,37.067070974526374,-95.65310237609965,0.0,0.0,37.067070974526374,-95.65310237609965,0.0,0.0,37.067070974526374,-95.65310237609965,36.00180589792234,0.0,0.0,-2.758674652405292e+38,-8.934041631855496e+38,3.0754319191993357e+38,-1.0743262505591075e+39,1.4451716132607772e+36,9.229543533668959e+36,1.5097393226880115e+37,-2.340211261880928e+38,-2.414968184633758e+37,-3.917169489175185e+38,-1.2960944732199664e+30,-5.092104064138412e+29,-6.538607992921422,0.15951886522150494,22.815379751515938,-9.367726795265239e+47,2.368148850633869e+50,-6.794115354863464e+45,1.1497996057579704e+50,-1.3755900221428813e+41,-2.4932627277693685e+41,0.6837005884903017,0.3382880281085858,176.15146549855217,103.18893499256563,4.2968510074157145,0.21437677821740034,224.9882933091339,26.333396555820933,1.1254143195472575,1.8238861027378614,121.4096434939967,64.54038131996752,321.0884634449972,0.9959720027548934,42.061915320225474,89.62099327334138,10.781464735942613,144.27929375261843,216.77110717841447,51.83877510736316,6.82278738686641,2.0073569588890394,48.33959074254536,0.7613416976344992,41.29251968768867,1.3197033464765089,182.8203401235977,213.56067620898855,2.009696367875377,209.99700105473457,0.4049998379110314,514.8106139496799,1.1538420196966763,70.69473255006963,202.25409302519108,341.07649351574923,15.33892341689468,34.60060786488934,72.4836150713302,4.940495546628695,14.446117293239794,38.3125111027714,0.4006428037733347,54.83082116353848,54.65764050979197,2.1167972078309143,72.46237259833012,1.1429556134103362,196.39189319608036,52.32765658411193,281.2064515212345,108.13311762851998,77.13484909678155,0.4960417966306827,141.99409105669687,0.635020151824472,1.825110099715872,12.521374353696691,0.5115126955537651,0.1433501777973276,0.4996876668164774,2.0958883537960986,1.000404684576844,0.500704509604473,0.4996876668164774,0.9993753336329548,2.498438334082388,0.9993753336329548,5.496564334981252,1.0362333308414036,3.9978107756139827,1.9835339028399133,100.8109994764058,31.344290704024843,1.4903289604453764,4.497189001348299,38.17418663100252,0.22154564832805693,23716.70444743041,801.016326437961,4533.953419236846,541.3015173559103,176.44615209065068,6.278176035498898,66.69504661557703,0.9395995464439654,19.481294197579697,28.212566571948383,109.75731232089484,34.764934506966384,0.8376967539745285,0.7421524774267781,19.007916013447197,51.40720973408115,28.264939806220493,114.58353378161287,14.864612403793764,0.27647571229222145,1.218646408649474,37.45092586183896,14.104636751442486,18.52726780158164,27.17906483199259,110.06729739570403,7.361367612372519,1.4110062267280126,79.69774920580798,20.455911947179548,7.398822117059697,12.029517904841127,3.4422928158468444,0.5996252001797732,0.19987506672659103,3.109726697619675,4.937197143508804,3.832490685487774,1.7289865411217364,1.770907208697155,4.066634580573299,1.4172964069336589,382.62633159111425,0.511126574524421,1.6704198494767222,0.33552225792188334
2020-03-06 22:00:00,0.13260314218274274,35.839530310317016,104.131099591514,35.83953031031702,104.13109959151402,35.83953031031703,104.131099591514,35.83953031031702,104.131099591514,35.83953031031702,104.131099591514,35.83953031031703,104.13109959151402,35.839530310317016,104.13109959151399,35.839530310317016,104.13109959151402,35.83953031031703,104.131099591514,0.0,35.839530310317016,104.13109959151399,35.83953031031702,104.13109959151399,35.839530310317016,104.131099591514,35.839530310317016,104.131099591514,35.83953031031701,104.13109959151402,35.83953031031702,104.131099591514,35.839530310317016,104.13109959151402,35.83953031031702,104.13109959151399,35.83953031031702,104.131099591514,35.839530310317016,104.131099591514,0.0,35.83953031031702,104.13109959151399,35.83953031031702,104.13109959151402,0.0,35.83953031031702,104.13109959151402,0.0,35.83953031031702,104.13109959151402,0.041582758337590474,35.839530310317016,104.13109959151402,0.0,35.839530310317016,104.13109959151399,0.0,37.06735217212288,-95.65382801807189,0.8495024731290588,-0.012074436825260104,-0.00043478207637345084,37.06735217212288,-95.65382801807189,0.9993829150774673,0.0,0.0,37.06735217212288,-95.65382801807189,0.0,-0.0008702920781188742,37.06735217212289,-95.65382801807189,1.9193942885774682,-0.001321958208008428,-0.0009407084398207546,37.06735217212289,-95.65382801807189,0.9970189444745248,0.0,-0.0003326780174344422,56.09572879744517,-106.2811460110559,0.0,-0.001715057174484988,-25.258801550068117,133.69258538056465,5.103763477824252,0.04782102593504178,-25.258801550068117,133.69258538056468,0.0,51.13411742353295,10.445076520887946,0.0,0.0,56.09572879744517,-106.28114601105591,-0.00019414386606053885,0.18357124133470945,-25.258801550068124,133.69258538056465,0.0,-25.258801550068117,133.69258538056465,0.0,37.06735217212288,-95.65382801807189,1.9997958437908063,0.0,37.06735217212288,-95.65382801807188,0.9993829150774673,0.0,0.0010823940478049705,37.06735217212288,-95.65382801807186,1.0125494174600487,0.002035032246648272,37.06735217212288,-95.65382801807189,0.9993829150774673,0.0,37.06735217212289,-95.65382801807188,1.5391836492707003,0.0,0.0,37.06735217212288,-95.65382801807189,0.9993829150774673,0.0,0.0,37.06735217212289,-95.6538280180719,0.0,37.06735217212288,-95.65382801807189,1.9987658301549347,0.0,0.0,56.09572879744516,-106.2811460110559,0.9993829150774673,0.0,56.09572879744517,-106.28114601105591,0.0,37.06735217212288,-95.65382801807189,0.9993829150774673,0.0,0.0009208953389537077,0.0,0.0,60.962357819725526,0.0,0.0,0.0,0.0,37.06735217212288,-95.65382801807189,0.0,37.06735217212288,-95.65382801807189,0.9993829150774673,0.0,0.0,37.06735217212288,-95.65382801807189,0.9993829150774673,0.0,0.0,0.0,0.0,0.0,0.0,37.06735217212288,-95.65382801807189,1.0005058558140358,0.0,0.0,37.06735217212288,-95.65382801807189,10.993212065852141,0.0,0.0,37.06735217212288,-95.65382801807189,4.996914575387338,0.0,0.0,37.06735217212288,-95.65382801807189,1.9987658301549347,0.0,0.0,37.06735217212288,-95.65382801807189,0.0,0.0,37.06735217212288,-95.65382801807189,0.0,0.0,37.06735217212288,-95.65382801807189,0.0,0.0,37.06735217212289,-95.65382801807189,36.00209149888565,0.0,0.0,-2.8703867349746305e+38,-9.295824198562178e+38,3.1991795842209188e+38,-1.1175544436945597e+39,1.4974805734405868e+36,9.563613079978031e+36,1.5678367312268955e+37,-2.4302666825125433e+38,-2.5153325044416074e+37,-4.0799642016913555e+38,-1.347956437299391e+30,-5.295859672637323e+29,-6.538675050889344,0.15956671989946963,22.842666544368,-9.747071372316845e+47,2.4634372193537416e+50,-7.040032937449247e+45,1.1940459047247423e+50,-1.4306329235597663e+41,-2.589242801971708e+41,0.6817794576719389,0.3378501726747173,176.0932458223422,102.89467997003324,4.426531190082033,0.2157810425131537,224.87288678822642,26.543356077207584,1.1258278058725422,1.8190700005063762,120.4190325103647,64.34786620499501,320.8493114326423,0.9932117774288781,41.96130461523283,89.63518884882104,10.780273445544998,144.05966220178098,216.81723922859095,51.912470291655794,6.873801340297935,2.0085944426254545,48.42211028532916,0.7603751087084547,41.333098370986164,1.31911453165066,182.7589696941922,213.63099723295406,2.0059366633052833,210.02715239734292,0.4045787227408813,514.2651545312173,1.1527904165376284,70.4149139884353,200.09445016123144,340.89197615542497,15.363801570761384,34.18109286287007,72.57785637695108,4.9418900580670195,14.268956648526798,38.341246908657375,0.4026080787969664,54.78562795428574,54.5120263779863,2.1068945795736416,71.34360293173526,1.1429519658718454,196.4018384049794,52.39679585712026,281.060554523228,108.04828773946667,77.22640634792094,0.49486192999847456,142.11373108621416,0.6364968852349144,1.825840170889556,12.690471790928429,0.47111750897932914,0.14292522936480015,0.4996914575387337,2.0963717558940607,1.0004129287133385,0.5007089736620581,0.4996914575387337,0.9993829150774673,2.498457287693669,0.9993829150774673,5.496606032926071,1.043498055656663,3.997840304683553,1.9832309744557495,100.81179490560682,31.34452848756097,1.4900106995572895,4.497223117848605,38.17447622738139,0.2205175166814329,23709.386816788807,800.7112142864326,4530.610735368595,541.0250696920419,175.9346753121617,6.245605796380214,66.69482778059906,0.939585128600043,19.285497566568434,28.196055990109304,109.77047089952623,34.97299172143173,0.8410240131733926,0.7438202974568736,19.135628096980724,51.309927506551425,28.27501557507169,114.57081226907968,14.800037518740382,0.27492126914483955,1.195690451297839,37.36739087169554,13.977677333540806,18.473632189521517,27.19013851818718,110.06069643588258,7.355638589689096,1.392154003155989,79.69007670608617,20.43961981838113,7.472077300143825,12.029609162969518,3.4423189297112766,0.5996297490464806,0.19987658301549352,3.1196057885617865,4.946111831473597,3.8315769381488516,1.7212718536489158,1.7587611751044758,4.09370833635415,1.4197122764698669,382.3092824122864,0.5055214784966833,1.6697891990370994,0.3352031419798157
2020-03-06 23:00:00,0.1307780092044193,35.83979981314962,104.13188262706326,35.83979981314962,104.13188262706326,35.83979981314963,104.13188262706325,35.839799813149625,104.13188262706326,35.839799813149625,104.13188262706325,35.839799813149625,104.13188262706325,35.83979981314962,104.13188262706323,35.83979981314962,104.13188262706326,35.839799813149625,104.13188262706325,0.0,35.83979981314962,104.13188262706323,35.839799813149625,104.13188262706323,35.83979981314962,104.13188262706325,35.83979981314962,104.13188262706326,35.83979981314961,104.13188262706326,35.839799813149625,104.13188262706325,35.83979981314962,104.13188262706326,35.83979981314962,104.13188262706323,35.839799813149625,104.13188262706325,35.83979981314962,104.13188262706325,0.0,35.83979981314962,104.13188262706325,35.839799813149625,104.13188262706326,0.0,35.839799813149625,104.13188262706326,0.0,35.83979981314962,104.13188262706325,0.04263291396653912,35.83979981314961,104.13188262706326,0.0,35.83979981314961,104.13188262706323,0.0,37.06763090781838,-95.65454730700723,0.8443197004498231,-0.012486878500068244,-0.00044901115026391505,37.06763090781838,-95.65454730700723,0.9993904301460002,0.0,0.0,37.06763090781838,-95.65454730700723,0.0,-0.0008986173606507913,37.06763090781838,-95.65454730700723,1.9165952996322027,-0.0013702101611044598,-0.0009728585616671295,37.06763090781838,-95.65454730700723,0.9969610064925493,0.0,-0.00034088595240392913,56.096150620992425,-106.28194521432819,0.0,-0.0017479413885209266,-25.25899148890121,133.6935907098797,5.111274273934478,0.04833835588928299,-25.258991488901213,133.6935907098797,0.0,51.13450193720734,10.445155064822108,0.0,0.0,56.09615062099243,-106.28194521432822,-0.00019451881197300015,0.1865204143160497,-25.258991488901216,133.6935907098797,0.0,-25.25899148890121,133.6935907098797,0.0,37.06763090781838,-95.65454730700723,1.9998115290220722,0.0,37.06763090781838,-95.65454730700722,0.9993904301460002,0.0,0.0010829380857502189,37.06763090781838,-95.6545473070072,1.0125656772212328,0.002036364914788754,37.06763090781838,-95.65454730700723,0.9993904301460002,0.0,37.06763090781838,-95.65454730700722,1.5444455703065227,0.0,0.0,37.06763090781838,-95.65454730700723,0.9993904301460002,0.0,0.0,37.06763090781839,-95.65454730700725,0.0,37.06763090781838,-95.65454730700723,1.9987808602920003,0.0,0.0,56.09615062099243,-106.2819452143282,0.9993904301460002,0.0,56.096150620992425,-106.2819452143282,0.0,37.06763090781838,-95.65454730700723,0.9993904301460002,0.0,0.0009215092027191939,0.0,0.0,60.96281623890602,0.0,0.0,0.0,0.0,37.06763090781838,-95.65454730700722,0.0,37.06763090781838,-95.65454730700723,0.9993904301460002,0.0,0.0,37.06763090781838,-95.65454730700723,0.9993904301460002,0.0,0.0,0.0,0.0,0.0,0.0,37.06763090781838,-95.65454730700723,1.0005138083348464,0.0,0.0,37.06763090781838,-95.65454730700723,10.993294731606001,0.0,0.0,37.06763090781838,-95.65454730700723,4.996952150730001,0.0,0.0,37.06763090781838,-95.65454730700723,1.9987808602920003,0.0,0.0,37.06763090781838,-95.65454730700723,0.0,0.0,37.06763090781838,-95.65454730700723,0.0,0.0,37.06763090781838,-95.65454730700723,0.0,0.0,37.06763090781839,-95.65454730700722,36.002374569802264,0.0,0.0,-2.9833677637845736e+38,-9.661716281602117e+38,3.3243286445209795e+38,-1.1612721796892507e+39,1.5503502568700358e+36,9.901263667870612e+36,1.6265777185231223e+37,-2.5213196993736362e+38,-2.6168507355033173e+37,-4.244630601787366e+38,-1.400404404037119e+30,-5.5019175720413994e+29,-6.538741400122791,0.15973573449881462,22.866975807402984,-1.0130724953944233e+48,2.5598046926368773e+50,-7.288586621107974e+45,1.238782345658663e+50,-1.4862977699245905e+41,-2.6862896515666985e+41,0.6800521714014499,0.33747628579386424,176.05294686566668,102.73424996958315,4.544261905412403,0.21732792280766405,224.70379208371784,26.8222186370229,1.1261471304046324,1.8150153561224438,119.58499086440649,64.22400182799066,320.70764716983376,0.9915686494629551,41.89835549463908,89.65311766149952,10.779430297143142,143.84840307868305,216.85052380103988,51.96979222067567,6.939988469352597,2.011082343364088,48.585281442735884,0.7595311736983628,41.37036579921894,1.3190513557084387,182.7945991708821,213.83616732922843,2.0005717032864916,210.05065126716306,0.403916380564888,513.8062840385114,1.1520678155640132,70.25768650074045,197.9718990762299,340.78541011519917,15.395531979736605,33.7775114714624,72.68162078655453,4.942892781609908,14.09939877900335,38.37882038785762,0.4051833939775027,54.74636496976456,54.30022816678938,2.097919819994108,70.33115239960667,1.143233643700602,196.4877481189775,52.45184582037898,280.960577453961,107.97285167793373,77.29811007472948,0.49373311056343194,142.27275464398153,0.6384626262409693,1.8267693991678569,12.87679385924827,0.43577313201987267,0.14262855254005358,0.4996952150730001,2.096657608694108,1.0004210988760711,0.5007133975303947,0.4996952150730001,0.9993904301460002,2.4984760753650006,0.9993904301460002,5.496647365803001,1.0493821795317773,3.9978695738716223,1.982926028950068,100.81258315712961,31.344764189288664,1.4896887229802525,4.497256935657002,38.17476328832742,0.2201449034555209,23703.99475299414,800.5017078302727,4529.03691424843,540.5890585741901,175.12410987209958,6.2135935688650346,66.69480999966987,0.9395767587249876,19.111204066554613,28.181269761960518,109.78234888562318,35.159768037851315,0.8440131917133173,0.7451254095838439,19.23579334027347,51.21685695879341,28.284727786995834,114.55857867874039,14.737807303553,0.2734238247711615,1.1736353880350456,37.28375270066398,13.850564298524514,18.42678003136843,27.200853061153932,110.05433017364513,7.350096542884272,1.373912925200473,79.68396626314188,20.426433249097816,7.5393708034445694,12.029699622127783,3.4423448149473335,0.5996342580876003,0.19987808602920007,3.127602296013201,4.954324387820486,3.8315054276621776,1.714332047634986,1.7483786567041373,4.108429239334178,1.4215392946482783,382.0322524884029,0.500618264244783,1.6692590783354788,0.3349343240947391
2020-03-07 00:00:00,0.12904908754511402,35.840066866529156,104.13265854577146,35.84006686652916,104.13265854577146,35.84006686652917,104.13265854577146,35.84006686652916,104.13265854577146,35.84006686652916,104.13265854577148,35.84006686652917,104.13265854577146,35.840066866529156,104.13265854577146,35.840066866529156,104.13265854577148,35.84006686652917,104.13265854577146,0.0,35.840066866529156,104.13265854577145,35.84006686652916,104.13265854577146,35.840066866529156,104.13265854577146,35.840066866529156,104.13265854577149,35.84006686652915,104.13265854577148,35.84006686652916,104.13265854577146,35.84006686652916,104.13265854577146,35.84006686652916,104.13265854577145,35.84006686652916,104.13265854577146,35.84006686652916,104.13265854577145,0.0,35.84006686652916,104.13265854577146,35.84006686652917,104.13265854577146,0.0,35.84006686652916,104.13265854577148,0.0,35.84006686652916,104.13265854577148,0.0435416686908641,35.840066866529156,104.13265854577149,0.0,35.840066866529156,104.13265854577143,0.0,37.06790711014533,-95.65526005848074,0.8390825954098009,-0.012903596590805089,-0.0004633838083382656,37.06790711014533,-95.65526005848074,0.9993978769116976,0.0,0.0,37.06790711014533,-95.65526005848074,0.0,-0.0009272274355605417,37.067907110145335,-95.65526005848074,1.9137663371344393,-0.0014189821892260507,-0.0010053422222236139,37.06790711014533,-95.65526005848074,0.9969024209130684,0.0,-0.0003491585469306037,56.09656861067655,-106.28273715381452,0.0,-0.0017809811285828536,-25.259179701421264,133.6945869019736,5.115737764982322,0.04880704018738413,-25.259179701421264,133.69458690197362,0.0,51.13488295611997,10.445232894887411,0.0,0.0,56.096568610676556,-106.28273715381454,-0.00019485671368491635,0.1889519599416068,-25.259179701421267,133.69458690197362,0.0,-25.259179701421264,133.6945869019736,0.0,37.06790711014533,-95.65526005848074,1.9998270699237086,0.0,37.06790711014533,-95.65526005848074,0.9993978769116976,0.0,0.001083474038533581,37.06790711014533,-95.65526005848072,1.0125817781162132,0.0020376832902048838,37.06790711014533,-95.65526005848074,0.9993978769116976,0.0,37.067907110145335,-95.65526005848074,1.547318481269273,0.0,0.0,37.06790711014533,-95.65526005848074,0.9993978769116976,0.0,0.0,37.067907110145335,-95.65526005848075,0.0,37.06790711014533,-95.65526005848074,1.9987957538233951,0.0,0.0,56.09656861067655,-106.28273715381452,0.9993978769116976,0.0,56.09656861067654,-106.28273715381454,0.0,37.06790711014533,-95.65526005848074,0.9993978769116976,0.0,0.0009221244617074156,0.0,0.0,60.96327049161357,0.0,0.0,0.0,0.0,37.06790711014533,-95.65526005848074,0.0,37.06790711014533,-95.65526005848074,0.9993978769116976,0.0,0.0,37.06790711014533,-95.65526005848074,0.9993978769116976,0.0,0.0,0.0,0.0,0.0,0.0,37.06790711014533,-95.65526005848074,1.000521685414219,0.0,0.0,37.06790711014533,-95.65526005848074,10.993376646028674,0.0,0.0,37.06790711014533,-95.65526005848074,4.996989384558489,0.0,0.0,37.06790711014533,-95.65526005848074,1.9987957538233951,0.0,0.0,37.06790711014533,-95.65526005848074,0.0,0.0,37.06790711014533,-95.65526005848074,0.0,0.0,37.06790711014533,-95.65526005848074,0.0,0.0,37.067907110145335,-95.65526005848074,36.002655038779665,0.0,0.0,-3.0976148549949007e+38,-1.0031708541581566e+39,3.450875834360163e+38,-1.2054783177377e+39,1.603778754270401e+36,1.0242483103798253e+37,1.685960511414667e+37,-2.613367563927738e+38,-2.719520518229887e+37,-4.411164862120661e+38,-1.4534370536968925e+30,-5.7102725773626955e+29,-6.538807026438471,0.16001680259485968,22.888440029484688,-1.051867774739131e+48,2.6572487557935806e+50,-7.539767429839802e+45,1.2840075781404796e+50,-1.542583160555563e+41,-2.78440104670806e+41,0.6785137383809916,0.337159327599915,176.0333630290036,102.71625477450561,4.648202077845383,0.21901559941041113,224.48536411774288,27.167867807214087,1.1263079003088445,1.8117198470761515,118.90708176993698,64.17730333570468,320.6711524554341,0.9911306346005655,41.87857357215685,89.67526505382664,10.778864313199994,143.6483226158196,216.87366445739525,52.01402185115179,7.019085027131361,2.014715929483054,48.822346192644225,0.7588607742965738,41.40266624590354,1.3195455995252587,182.93243213738245,214.1658989581426,1.9937354125433018,210.06296934426635,0.40302891821586573,513.4337377130098,1.1517160413028953,70.23282113532213,195.93476676742983,340.7618679999775,15.435006282742629,33.395204944273516,72.79478663185778,4.943586193501556,13.93916326908432,38.42391778480685,0.4082780937071884,54.71576838007433,54.02769203182616,2.090006066819318,69.44028579340933,1.1437850533448974,196.64534797377743,52.48384378843734,280.91235867735355,107.90639057396082,77.3494199854752,0.49266673599485616,142.4699050756262,0.640901776093766,1.8279236653096398,13.080134797470695,0.40509720107328306,0.1424801395155776,0.4996989384558488,2.096678973314056,1.0004291930120104,0.5007177801009515,0.4996989384558488,0.9993978769116976,2.4984946922792446,0.9993978769116976,5.496688323014337,1.0536102136864711,3.997898575704732,1.9826191453163122,100.81336403383553,31.34499774877425,1.4893630384996315,4.497290446102641,38.1750477402385,0.22042184797567377,23701.318305780325,800.4257014332773,4529.881173289396,540.0041363846817,174.03416774164893,6.182868262912053,66.69495120083766,0.9395731876644436,18.95745603356545,28.168444664814487,109.79277165286011,35.32230988323076,0.8466186074530772,0.746057943193252,19.307678884417616,51.12893859751546,28.29387622531226,114.54710861802725,14.679242422651116,0.27201497197346614,1.1529607610483934,37.20151472580337,13.725576758483514,18.38952470744836,27.211070230471584,110.04829289946191,7.344814272368073,1.3565204017536625,79.67915654619317,20.41583462879032,7.597814433551537,12.029789259122289,3.4423704649180698,0.5996387261470187,0.1998795753823396,3.133360138568401,4.961192333061693,3.8322821934399567,1.708147440234366,1.7395656680575142,4.1101947013250415,1.4227194173998423,381.79220918423573,0.49636378820496607,1.6688166279817818,0.33470937553504176
2020-03-07 01:00:00,0.12743542782917847,35.84033140269377,104.13342715075774,35.84033140269377,104.13342715075774,35.840331402693785,104.13342715075774,35.840331402693764,104.13342715075775,35.84033140269377,104.13342715075774,35.84033140269378,104.13342715075774,35.84033140269377,104.13342715075774,35.84033140269377,104.13342715075775,35.84033140269378,104.13342715075774,0.0,35.84033140269377,104.13342715075773,35.840331402693764,104.13342715075774,35.84033140269377,104.13342715075774,35.84033140269376,104.13342715075777,35.84033140269376,104.13342715075777,35.84033140269378,104.13342715075774,35.84033140269378,104.13342715075774,35.84033140269377,104.13342715075774,35.84033140269378,104.13342715075774,35.840331402693764,104.13342715075773,0.0,35.84033140269377,104.13342715075774,35.84033140269378,104.13342715075774,0.0,35.84033140269378,104.13342715075775,0.0,35.84033140269377,104.13342715075777,0.04426947404790563,35.840331402693764,104.13342715075777,0.0,35.840331402693764,104.13342715075771,0.0,37.06818070902039,-95.65596609163951,0.833791368956069,-0.013324573586494193,-0.00047789938016040354,37.06818070902039,-95.65596609163951,0.9994052534850244,0.0,0.0,37.06818070902039,-95.65596609163951,0.0,-0.000956120949646401,37.068180709020396,-95.65596609163951,1.9109075058656675,-0.0014682725730871399,-0.0010381580576975039,37.06818070902039,-95.65596609163951,0.9968431909273314,0.0,-0.00035749498189552656,56.0969826604372,-106.28352162856885,0.0,-0.0018141642536138314,-25.259366139871396,133.6955737040736,5.116600727554949,0.04921515839445782,-25.2593661398714,133.6955737040736,0.0,51.13526038359144,10.445309991335327,0.0,0.0,56.096982660437206,-106.28352162856888,-0.00019515643384366757,0.19072961120150608,-25.259366139871403,133.6955737040736,0.0,-25.259366139871396,133.6955737040736,0.0,37.06818070902039,-95.65596609163951,1.9998424625935545,0.0,37.06818070902039,-95.65596609163951,0.9994052534850244,0.0,0.0010840018432097843,37.06818070902039,-95.6559660916395,1.01259771631748,0.0020389870891005003,37.06818070902039,-95.65596609163951,0.9994052534850244,0.0,37.068180709020396,-95.65596609163951,1.5479122342223235,0.0,0.0,37.06818070902039,-95.65596609163951,0.9994052534850244,0.0,0.0,37.0681807090204,-95.65596609163953,0.0,37.06818070902039,-95.65596609163951,1.9988105069700488,0.0,0.0,56.0969826604372,-106.28352162856886,0.9994052534850244,0.0,56.0969826604372,-106.28352162856886,0.0,37.06818070902039,-95.65596609163951,0.9994052534850244,0.0,0.0009227407787625662,0.0,0.0,60.9637204625865,0.0,0.0,0.0,0.0,37.06818070902039,-95.65596609163951,0.0,37.06818070902039,-95.65596609163951,0.9994052534850244,0.0,0.0,37.06818070902039,-95.65596609163951,0.9994052534850244,0.0,0.0,0.0,0.0,0.0,0.0,37.06818070902039,-95.65596609163951,1.0005294851269935,0.0,0.0,37.06818070902039,-95.65596609163951,10.993457788335268,0.0,0.0,37.06818070902039,-95.65596609163951,4.997026267425123,0.0,0.0,37.06818070902039,-95.65596609163951,1.9988105069700488,0.0,0.0,37.06818070902039,-95.65596609163951,0.0,0.0,37.06818070902039,-95.65596609163951,0.0,0.0,37.06818070902039,-95.65596609163951,0.0,0.0,37.068180709020396,-95.65596609163951,36.00293283532844,0.0,0.0,-3.2131248030380735e+38,-1.0405790597184294e+39,3.578817531399799e+38,-1.2501715924653182e+39,1.657764004049224e+36,1.0587258221464399e+37,1.745983168597311e+37,-2.706407267004829e+38,-2.823339204661527e+37,-4.5795626876009215e+38,-1.5070529359887208e+30,-5.920918990692629e+29,-6.538871915971228,0.1603918204366988,22.907233363397758,-1.0910918867401805e+48,2.7557666195451344e+50,-7.793565671580018e+45,1.3297201236958787e+50,-1.5994875562095517e+41,-2.883574590451748e+41,0.6771556173997791,0.33689250420074224,176.0358589437264,102.8438733522803,4.73676106234188,0.2208384573750391,224.22309466240569,27.577201286986572,1.1262527139141498,1.8091769969837763,118.38401805271162,64.21200119546607,320.7425070155778,0.9919284396031439,41.90450451341117,89.70220019069221,10.778519407109648,143.46163577656924,216.8870789089912,52.04542941336621,7.108334434729448,2.0193603578928765,49.124597443230364,0.758405073749877,41.428611629257524,1.3205645726575155,183.16581290518272,214.59987661650143,1.985594915923715,210.06006964898847,0.4019372597751325,513.146778340046,1.1517563441243952,70.34375040500787,194.0262109379498,340.8232546979399,15.48326962982781,33.03838989978419,72.91697871994438,4.94398303872788,13.78953610426014,38.474938267551366,0.4117817116931621,54.696054528118935,53.70126618570876,2.0832627712726737,68.683581375812,1.1445595372213453,196.86208949065679,52.484827517269736,280.9188644657169,107.8483539510751,77.38064789940316,0.4916713225452363,142.70335971604982,0.6437917091776668,1.829333314988062,13.299834067991721,0.37867686295179886,0.1424897544402666,0.4997026267425122,2.096382596633273,1.0004372091085294,0.5007221202870626,0.4997026267425122,0.9994052534850244,2.4985131337125615,0.9994052534850244,5.496728894167634,1.0559656681500669,3.997927302854653,1.982310419862572,100.8141373424805,31.345229106754555,1.489033654915814,4.497323640682611,38.17532951093805,0.22135543969867905,23701.738728043758,800.5010851897814,4533.434308064749,539.284141599443,172.69057544641518,6.154080753255401,66.69521810975415,0.9395734278563036,18.822994769418155,28.15777888330206,109.80159299439934,35.45813760350473,0.8488025778319328,0.7466235969291329,19.351741771569934,51.04687515751823,28.302280500193707,114.53665037308096,14.625532515205881,0.2707231741614201,1.1341004139428756,37.12195840716608,13.604657411007764,18.364142250018556,27.220683936921883,110.04265691671283,7.339847641939098,1.3401586192135702,79.67542334921023,20.40737991578995,7.644995867237551,12.02987805120863,3.442395873115084,0.5996431520910148,0.19988105069700493,3.136600405761372,4.966161104956101,3.833930336520911,1.7026840654802513,1.7321350012815053,4.098773984472791,1.423212256266537,381.5858781226897,0.49270066937341167,1.6684499458657756,0.3345223461903754
2020-03-07 02:00:00,0.12595120797408538,35.8405933552181,104.13418824902446,35.840593355218104,104.13418824902446,35.84059335521811,104.13418824902446,35.8405933552181,104.13418824902448,35.840593355218104,104.13418824902446,35.840593355218104,104.13418824902446,35.8405933552181,104.13418824902446,35.840593355218104,104.13418824902448,35.84059335521811,104.13418824902446,0.0,35.8405933552181,104.13418824902445,35.8405933552181,104.13418824902446,35.8405933552181,104.13418824902446,35.84059335521809,104.13418824902449,35.84059335521809,104.13418824902449,35.840593355218104,104.13418824902446,35.84059335521811,104.13418824902448,35.8405933552181,104.13418824902446,35.840593355218104,104.13418824902446,35.8405933552181,104.13418824902446,0.0,35.840593355218104,104.13418824902446,35.84059335521811,104.13418824902446,0.0,35.840593355218104,104.13418824902448,0.0,35.840593355218104,104.13418824902449,0.0447866798121081,35.8405933552181,104.13418824902449,0.0,35.8405933552181,104.13418824902445,0.0,37.06845163574258,-95.6566652291978,0.8284462473041714,-0.013749790763747272,-0.0004925571532360673,37.06845163574258,-95.6566652291978,0.9994125580137141,0.0,0.0,37.06845163574258,-95.6566652291978,0.0,-0.0009852964654620613,37.06845163574259,-95.6566652291978,1.9080189189426786,-0.0015180794523100977,-0.001071304609434609,37.06845163574258,-95.6566652291978,0.9967833202029486,0.0,-0.0003658943646310947,56.09739266630601,-106.28429844160868,0.0,-0.0018474758218023496,-25.259550757436703,133.6965508683925,5.113541578528581,0.04956162544599223,-25.259550757436706,133.69655086839248,0.0,51.135634124849275,10.445386334806845,0.0,0.0,56.09739266630602,-106.2842984416087,-0.00019541667247433562,0.1917495898844011,-25.259550757436706,133.69655086839248,0.0,-25.259550757436703,133.6965508683925,0.0,37.06845163574258,-95.65666522919781,1.9998577032070601,0.0,37.06845163574258,-95.65666522919778,0.9994125580137141,0.0,0.001084521439222739,37.06845163574258,-95.65666522919777,1.0126134880770683,0.002040276034073825,37.06845163574258,-95.6566652291978,0.9994125580137141,0.0,37.06845163574259,-95.6566652291978,1.5464757685886235,0.0,0.0,37.06845163574258,-95.6566652291978,0.9994125580137141,0.0,0.0,37.06845163574259,-95.65666522919781,0.0,37.06845163574258,-95.6566652291978,1.9988251160274282,0.0,0.0,56.097392666306014,-106.28429844160868,0.9994125580137141,0.0,56.097392666306014,-106.2842984416087,0.0,37.06845163574258,-95.65666522919778,0.9994125580137141,0.0,0.000923357826031757,0.0,0.0,60.964166038836574,0.0,0.0,0.0,0.0,37.06845163574258,-95.65666522919778,0.0,37.06845163574258,-95.6566652291978,0.9994125580137141,0.0,0.0,37.06845163574258,-95.6566652291978,0.9994125580137141,0.0,0.0,0.0,0.0,0.0,0.0,37.06845163574258,-95.6566652291978,1.0005372055871389,0.0,0.0,37.06845163574258,-95.6566652291978,10.993538138150855,0.0,0.0,37.06845163574258,-95.6566652291978,4.997062790068571,0.0,0.0,37.06845163574258,-95.6566652291978,1.9988251160274282,0.0,0.0,37.06845163574258,-95.6566652291978,0.0,0.0,37.06845163574258,-95.6566652291978,0.0,0.0,37.06845163574258,-95.6566652291978,0.0,0.0,37.06845163574258,-95.6566652291978,36.00320789036023,0.0,0.0,-3.3298940759961096e+38,-1.0783951010199664e+39,3.7081497515924014e+38,-1.2953506121433746e+39,1.7123037902245856e+36,1.0935574868569422e+37,1.8066435782633692e+37,-2.8004355351418484e+38,-2.9283038542771925e+37,-4.749819308591796e+38,-1.5612504722230063e+30,-6.1338506096657775e+29,-6.538936055173184,0.16083500200138812,22.923557946921807,-1.130743632051964e+48,2.8553552160889126e+50,-8.04997092843995e+45,1.3759183739970944e+50,-1.6570092813685093e+41,-2.9838077270655988e+41,0.6759666671135333,0.3366694063705375,176.06027736801354,103.11472462109649,4.808627690405,0.2227867138006781,223.92368832054484,28.046044965042668,1.1259364586173923,1.8073788175505088,118.01420507627783,64.32777224633814,320.9192456291712,0.993933825333252,41.975545654835074,89.73457054642681,10.778351822274317,143.28999093075194,216.88890803505566,52.06129614055854,7.2046208015383835,2.0248520963077894,49.4814700832377,0.7581930439344367,41.44716125813244,1.322013515338203,183.47668428236145,215.10922860758927,1.976352760675545,210.03877948994443,0.400666992624013,512.9444967494697,1.1521880865406442,70.58739159911623,192.28372678983004,340.96823327357515,15.541510608644268,32.71020538448703,73.04754343662765,4.9440266060973945,13.651381953033859,38.53007149562646,0.41556932377028644,54.68879254446051,53.32929392423247,2.077775021509149,68.07084921314113,1.1454829641030808,197.11811188462667,52.4485667783863,280.9800056117115,107.79810293699643,77.39296881016065,0.4907525860305129,142.97068143353465,0.6471021714473988,1.831032865493796,13.534731539381625,0.35608749696070613,0.14265627454329152,0.49970627900685705,2.09573346667784,1.0004451451933456,0.5007264170238941,0.49970627900685705,0.9994125580137141,2.4985313950342856,0.9994125580137141,5.496769069075428,1.056300725350064,3.9979557481381875,1.981999971546805,100.81490289370893,31.34545820513532,1.4887005820583723,4.497356511061715,38.17560852967312,0.22296562052465232,23705.189622910493,800.723873227988,4539.596336350276,538.4459969678802,171.12489200825704,6.1277964356604455,66.6955847351074,0.9395767082891672,18.70635937825551,28.14942865573785,109.80869759208215,35.56528826327734,0.8505361436184504,0.7468438408385929,19.369644029392383,50.971138284123185,28.30978280272101,114.52742111289894,14.5777181568948,0.269573330638678,1.1174359654481882,37.04612598021794,13.48938630203918,18.352234611676742,27.229619089149864,110.03747332397812,7.335236181295782,1.3249565059675157,79.67257609427696,20.40069170873866,7.679119184162141,12.029965976091006,3.4424210331583485,0.5996475348082285,0.1998825116027429,3.1371341463311615,4.968809393622813,3.836489794459005,1.6978974919022067,1.7259100484437224,4.074314385678001,1.4229970872320252,381.4098916357394,0.48956989132632994,1.6681481951768677,0.33436781858157655
2020-03-07 03:00:00,0.12460616660308117,35.840852659011475,104.13494165145184,35.840852659011475,104.13494165145184,35.840852659011475,104.13494165145184,35.84085265901147,104.13494165145185,35.840852659011475,104.13494165145183,35.84085265901148,104.13494165145184,35.84085265901147,104.13494165145184,35.84085265901147,104.13494165145184,35.840852659011475,104.13494165145184,0.0,35.840852659011475,104.13494165145183,35.84085265901147,104.13494165145184,35.840852659011475,104.13494165145184,35.84085265901146,104.13494165145187,35.84085265901146,104.13494165145185,35.84085265901147,104.13494165145183,35.840852659011475,104.13494165145184,35.840852659011475,104.13494165145183,35.84085265901147,104.13494165145183,35.84085265901147,104.13494165145183,0.0,35.840852659011475,104.13494165145184,35.84085265901148,104.13494165145184,0.0,35.84085265901147,104.13494165145184,0.0,35.840852659011475,104.13494165145187,0.045075270820333455,35.84085265901147,104.13494165145187,0.0,35.84085265901147,104.13494165145181,0.0,37.06871982299128,-95.65735729743197,0.8230474721494723,-0.014179228169995173,-0.0005073563724377513,37.06871982299128,-95.65735729743197,0.9994197886827175,0.0,0.0,37.06871982299128,-95.65735729743197,0.0,-0.0010147524599981375,37.068719822991284,-95.65735729743197,1.905100697940929,-0.0015684008233247393,-0.0011047803224944197,37.06871982299128,-95.65735729743197,0.9967228129710608,0.0,-0.00037435571166705844,56.097798526403594,-106.28506739990935,0.0,-0.0018808972143316838,-25.2597335082429,133.6975181521218,5.106507589108461,0.04985774427668487,-25.259733508242903,133.69751815212177,0.0,51.13600408702523,10.44546190633193,0.0,0.0,56.0977985264036,-106.28506739990937,-0.00019563591287216365,0.19194858797652595,-25.259733508242903,133.69751815212177,0.0,-25.2597335082429,133.6975181521218,0.0,37.06871982299128,-95.65735729743199,1.9998727880171747,0.0,37.06871982299128,-95.65735729743197,0.9994197886827175,0.0,0.0010850327683910397,37.06871982299128,-95.65735729743194,1.0126290897264065,0.002041549854100688,37.06871982299128,-95.65735729743197,0.9994197886827175,0.0,37.068719822991284,-95.65735729743197,1.5433799660740395,0.0,0.0,37.06871982299128,-95.65735729743197,0.9994197886827175,0.0,0.0,37.06871982299129,-95.65735729743199,0.0,37.06871982299128,-95.65735729743197,1.998839577365435,0.0,0.0,56.097798526403594,-106.28506739990935,0.9994197886827175,0.0,56.097798526403594,-106.28506739990937,0.0,37.06871982299128,-95.65735729743196,0.9994197886827175,0.0,0.0009239752834791907,0.0,0.0,60.964607109645776,0.0,0.0,0.0,0.0,37.06871982299128,-95.65735729743196,0.0,37.06871982299128,-95.65735729743197,0.9994197886827175,0.0,0.0,37.06871982299128,-95.65735729743197,0.9994197886827175,0.0,0.0,0.0,0.0,0.0,0.0,37.06871982299128,-95.65735729743197,1.0005448449476844,0.0,0.0,37.06871982299128,-95.65735729743197,10.993617675509892,0.0,0.0,37.06871982299128,-95.65735729743197,4.997098943413588,0.0,0.0,37.06871982299128,-95.65735729743197,1.998839577365435,0.0,0.0,37.06871982299128,-95.65735729743197,0.0,0.0,37.06871982299128,-95.65735729743197,0.0,0.0,37.06871982299128,-95.65735729743197,0.0,0.0,37.06871982299128,-95.65735729743197,36.00348013618563,0.0,0.0,-3.447918810971703e+38,-1.1166177270531378e+39,3.838868144066316e+38,-1.3410138569022242e+39,1.767395740348814e+36,1.128741789355037e+37,1.8679394557388427e+37,-2.8954488269196e+38,-3.034411229798398e+37,-4.921929474105707e+38,-1.616027958296287e+30,-6.349060739189951e+29,-6.538999430812864,0.16131475121545114,22.93763203965094,-1.1708216989371218e+48,2.956011195160064e+50,-8.308972046946506e+45,1.4226005890634525e+50,-1.7151465274083023e+41,-3.085097750594466e+41,0.6749340037688756,0.3364841020563542,176.1049315592761,103.52097903152662,4.86279148784319,0.22484620527598825,223.59505897149847,28.56907997768068,1.1253306875413518,1.8063179516688568,117.79618097936347,64.51973926813825,321.19389185388604,0.9970611388570311,42.08793172400102,89.77309312711442,10.778328051320527,143.1345202518457,216.8752533409456,52.05623660924729,7.304624076581311,2.0310012364655754,49.88068993601567,0.7582397450525186,41.45768278765244,1.3237427404976223,183.836916420195,215.65862023685992,1.966246814952122,209.9970985641919,0.3992480494590385,512.8260555747299,1.1529887234307048,70.95431958119491,190.73900890966377,341.19229135050864,15.611045177724616,32.41280884739882,73.18553454750315,4.943597972035092,13.525174757101029,38.58738769251121,0.41950776363125264,54.69481624053514,52.92160849374035,2.073603417544233,67.60911096355362,1.1464594558933556,197.3877732157335,52.37116679303688,281.0926346684284,107.75494773853683,77.38837728038797,0.4899136448409313,143.26877782770154,0.650794773885071,1.8330605383340006,13.783141856837386,0.3369077189527381,0.1429676355695265,0.49970989434135876,2.094718040648917,1.0004529993344566,0.5007306692684091,0.49970989434135876,0.9994197886827175,2.498549471706794,0.9994197886827175,5.496808837754946,1.0545422818670933,3.997983904516951,1.9816879489891894,100.8156605020475,31.345684986989543,1.4883638308005764,4.497389049072229,38.175884727112376,0.2252845572279408,23711.15614800147,801.0681902945887,4547.8772858141665,537.5094992006738,169.37411996489828,6.1044931432982565,66.6960311374216,0.9395824378878299,18.605972483484056,28.143506312363435,109.81400246081527,35.642341667119815,0.8517995214674783,0.7467551196387983,19.364191364117293,50.901985285471504,28.316249210434393,114.51960508991418,14.536682346099576,0.2685865705280638,1.1032936395328832,36.974817237865715,13.380975947685313,18.3546345475421,27.237829229896104,110.0327736323704,7.331004331681074,1.310993793805082,79.67045422888177,20.395452108051234,7.699112203807088,12.0300530119216,3.442445938796027,0.5996518732096305,0.19988395773654355,3.13487038309587,4.968885433106733,3.840016536944053,1.6937362687277964,1.7207273510819951,4.037331291571391,1.422073984130914,381.2609077344373,0.48691288750395617,1.6679016498208217,0.33424093056905185
2020-03-07 04:00:00,0.12340619378882275,35.84110925031586,104.13568717279213,35.84110925031587,104.13568717279213,35.84110925031587,104.13568717279212,35.84110925031586,104.13568717279213,35.84110925031587,104.13568717279212,35.84110925031587,104.13568717279213,35.84110925031586,104.13568717279213,35.84110925031585,104.13568717279213,35.84110925031586,104.13568717279213,0.0,35.84110925031586,104.1356871727921,35.84110925031586,104.13568717279212,35.84110925031586,104.13568717279212,35.84110925031585,104.13568717279216,35.84110925031585,104.13568717279215,35.84110925031586,104.13568717279212,35.84110925031587,104.13568717279213,35.84110925031586,104.13568717279212,35.84110925031586,104.13568717279212,35.84110925031586,104.13568717279212,0.0,35.84110925031587,104.13568717279213,35.841109250315874,104.13568717279213,0.0,35.84110925031586,104.13568717279213,0.0,35.84110925031587,104.13568717279215,0.04512992902201498,35.84110925031586,104.13568717279216,0.0,35.84110925031586,104.1356871727921,0.0,37.06898520482418,-95.65804212617523,0.8175953008820454,-0.014612864606418197,-0.0005222962394168008,37.06898520482418,-95.65804212617523,0.9994269437141463,0.0,0.0,37.06898520482418,-95.65804212617523,0.0,-0.0010444873232719823,37.06898520482419,-95.65804212617523,1.9021529730227513,-0.0016192345371981859,-0.0011385835441578562,37.06898520482418,-95.65804212617523,0.9966616741424561,0.0,-0.0003828779256867358,56.098200140936434,-106.28582831439822,0.0,-0.0019144049867645951,-25.259914347354936,133.69847531742428,5.095732987025693,0.05012788059194261,-25.259914347354936,133.69847531742428,0.0,51.136370179152415,10.445536687328941,0.0,0.0,56.09820014093644,-106.28582831439823,-0.00019581234968466674,0.19130908409729402,-25.25991434735494,133.69847531742428,0.0,-25.259914347354936,133.69847531742428,0.0,37.06898520482418,-95.65804212617525,1.9998877133542226,0.0,37.06898520482418,-95.65804212617523,0.9994269437141463,0.0,0.0010855357748934887,37.06898520482418,-95.65804212617522,1.0126445176761587,0.002042808284517466,37.06898520482418,-95.65804212617523,0.9994269437141463,0.0,37.06898520482419,-95.65804212617523,1.539092070602933,0.0,0.0,37.06898520482418,-95.65804212617523,0.9994269437141463,0.0,0.0,37.068985204824195,-95.65804212617525,0.0,37.06898520482418,-95.65804212617523,1.9988538874282926,0.0,0.0,56.09820014093644,-106.28582831439823,0.9994269437141463,0.0,56.09820014093644,-106.28582831439824,0.0,37.06898520482418,-95.65804212617523,0.9994269437141463,0.0,0.0009245928378011983,0.0,0.0,60.96504356656294,0.0,0.0,0.0,0.0,37.06898520482418,-95.65804212617522,0.0,37.06898520482418,-95.65804212617523,0.9994269437141463,0.0,0.0,37.06898520482418,-95.65804212617523,0.9994269437141463,0.0,0.0,0.0,0.0,0.0,0.0,37.06898520482418,-95.65804212617523,1.0005524014006522,0.0,0.0,37.06898520482418,-95.65804212617523,10.99369638085561,0.0,0.0,37.06898520482418,-95.65804212617523,4.9971347185707335,0.0,0.0,37.06898520482418,-95.65804212617523,1.9988538874282926,0.0,0.0,37.06898520482418,-95.65804212617523,0.0,0.0,37.06898520482418,-95.65804212617523,0.0,0.0,37.06898520482418,-95.65804212617523,0.0,0.0,37.06898520482418,-95.65804212617523,36.00374950651198,0.0,0.0,-3.5671948094525244e+38,-1.1552455781184935e+39,3.970967986002342e+38,-1.3871596769415557e+39,1.8230373234303777e+36,1.1642771132308467e+37,1.9298683411171446e+37,-2.9914433292950162e+38,-3.141657792985967e+37,-5.095887444985175e+38,-1.6713835686315794e+30,-6.56654220692651e+29,-6.539062029974312,0.16179596987088793,22.949680123534236,-1.2113246616923215e+48,3.057730920086098e+50,-8.570557128271567e+45,1.4697648954592296e+50,-1.7738973567808194e+41,-3.18744181346415e+41,0.6740437455856947,0.3363311902096613,176.16668219383553,104.04970950620753,4.898558937104165,0.22699838169912614,223.2462255557502,29.139796962203267,1.1244267045683016,1.8059892408668088,117.72893840528249,64.77874030260627,321.55436356752773,1.0011719597427051,42.234895452577945,89.81854150108995,10.778423186216699,142.99590840864926,216.84062183957067,52.022793852446306,7.404990144850799,2.037594922591767,50.308495154340335,0.7585454384601321,41.459989492935,1.325559035233201,184.21041873297017,216.20883299913532,1.9555472057984398,209.93441614587712,0.39771419164158706,512.7908675366705,1.1541150792477517,71.42928338819594,189.41809398618955,341.48794671279626,15.69329290659909,32.14750690117554,73.32971278511344,4.942529571955725,13.411041393991134,38.64493634862372,0.4234624341339755,54.71417944770506,52.489403607138364,2.070784266228287,67.30261485549205,1.1473788540742171,197.64164520021762,52.25149228330594,281.2507242442843,107.71817891325048,77.3695908320583,0.4891553101174288,143.59387624257056,0.6548226822961465,1.8354575683443497,14.042853539779962,0.3207308668922222,0.14340138203251743,0.49971347185707315,2.0933459084942805,1.0004607696400756,0.5007348759993321,0.49971347185707315,0.9994269437141463,2.4985673592853668,0.9994269437141463,5.496848190427805,1.0506938373073822,3.9980117650971625,1.9813745396635116,100.81640998589863,31.345909396555758,1.4880234130744052,4.497421246713659,38.17615803534395,0.2283555541828728,23718.712418192652,801.4881236860342,4557.431257710483,536.4969772620173,167.4800664894257,6.084563303113922,66.69654245203348,0.9395901764577148,18.520211755923228,28.140079288111757,109.81745767544136,35.688434742751916,0.8525823675953809,0.7464070875206751,19.339197769715938,50.839483077655714,28.321569856120476,114.51335340734144,14.50314946207946,0.2677802261289099,1.0919437084398527,36.9085981547415,13.280284408153745,18.37135656271888,27.245293313675653,110.0285719703037,7.327163143961936,1.2983065544898589,79.66892368809627,20.391395706262877,7.704691919487444,12.030139137299912,3.4424705839042815,0.5996561662284878,0.19988538874282932,3.1298186573881415,4.9663313948967405,3.8445811257394693,1.690144915916053,1.716438083849663,3.9886826321985542,1.4204639672107997,381.135701180134,0.4846731374899418,1.6677016913152505,0.3341373738005518
2020-03-07 05:00:00,0.12235401790326211,35.84136306670388,104.13642463166366,35.841363066703884,104.13642463166366,35.84136306670388,104.13642463166366,35.84136306670388,104.13642463166367,35.84136306670388,104.13642463166364,35.841363066703884,104.13642463166366,35.84136306670388,104.13642463166364,35.84136306670387,104.13642463166367,35.84136306670388,104.13642463166364,0.0,35.84136306670388,104.13642463166364,35.84136306670387,104.13642463166364,35.84136306670388,104.13642463166366,35.84136306670387,104.13642463166367,35.84136306670387,104.13642463166367,35.84136306670388,104.13642463166366,35.84136306670388,104.13642463166367,35.84136306670388,104.13642463166366,35.84136306670388,104.13642463166366,35.84136306670388,104.13642463166366,0.0,35.841363066703884,104.13642463166366,35.84136306670389,104.13642463166366,0.0,35.84136306670388,104.13642463166366,0.0,35.841363066703884,104.13642463166367,0.04495832851154878,35.84136306670388,104.13642463166369,0.0,35.84136306670388,104.13642463166363,0.0,37.06924771667521,-95.65871954881212,0.8120900068063701,-0.01505067761045975,-0.0005373759119977617,37.06924771667521,-95.65871954881212,0.999434021367217,0.0,0.0,37.06924771667521,-95.65871954881212,0.0,-0.0010744993567915126,37.06924771667521,-95.65871954881212,1.8991758830721563,-0.0016705782973712446,-0.0011727125223427448,37.06924771667521,-95.65871954881213,0.9965999094621716,0.0,-0.0003914597647858842,56.098597412193705,-106.28658099994854,0.0,-0.0019479693677669774,-25.26009323077555,133.69942213142636,5.081736620907963,0.05040918595011744,-25.26009323077555,133.69942213142636,0.0,51.13673231216243,10.445610659604027,0.0,0.0,56.09859741219371,-106.28658099994855,-0.00019594379356585313,0.1898615593393923,-25.260093230775553,133.69942213142636,0.0,-25.26009323077555,133.69942213142636,0.0,37.06924771667521,-95.65871954881213,1.9999024756257793,0.0,37.06924771667521,-95.65871954881212,0.999434021367217,0.0,0.0010860304052546172,37.06924771667521,-95.65871954881209,1.012659768416066,0.0020440510670037253,37.06924771667521,-95.65871954881212,0.999434021367217,0.0,37.06924771667521,-95.65871954881212,1.534143528745932,0.0,0.0,37.06924771667521,-95.65871954881212,0.999434021367217,0.0,0.0,37.069247716675214,-95.65871954881213,0.0,37.06924771667521,-95.65871954881212,1.998868042734434,0.0,0.0,56.09859741219371,-106.28658099994854,0.999434021367217,0.0,56.09859741219371,-106.28658099994855,0.0,37.06924771667521,-95.6587195488121,0.999434021367217,0.0,0.000925210181636394,0.0,0.0,60.96547530340025,0.0,0.0,0.0,0.0,37.06924771667521,-95.6587195488121,0.0,37.06924771667521,-95.65871954881212,0.999434021367217,0.0,0.0,37.06924771667521,-95.65871954881212,0.999434021367217,0.0,0.0,0.0,0.0,0.0,0.0,37.06924771667521,-95.65871954881212,1.0005598731769851,0.0,0.0,37.06924771667521,-95.65871954881212,10.993774235039387,0.0,0.0,37.06924771667521,-95.65871954881212,4.997170106836087,0.0,0.0,37.06924771667521,-95.65871954881212,1.998868042734434,0.0,0.0,37.06924771667521,-95.65871954881212,0.0,0.0,37.06924771667521,-95.65871954881212,0.0,0.0,37.06924771667521,-95.65871954881212,0.0,0.0,37.06924771667521,-95.65871954881212,36.004015936441135,0.0,0.0,-3.687717532666723e+38,-1.1942771843226467e+39,4.1044441775020336e+38,-1.4337862907376805e+39,1.8792258478532125e+36,1.2001617394921363e+37,1.9924275968893628e+37,-3.08841495392779e+38,-3.2500397004289773e+37,-5.271686987072578e+38,-1.727315361204919e+30,-6.786287383039814e+29,-6.53912384005619,0.1622426456382593,22.959924969365936,-1.2522509790711492e+48,3.160510463835302e+50,-8.834713518450678e+45,1.517409284488801e+50,-1.8332597083487006e+41,-3.2908369348793106e+41,0.6732816341587676,0.3362058234164341,176.24109530001877,104.68347580184992,4.9155677490236185,0.22922054424184032,222.88709847499203,29.750491118316706,1.1232371020601943,1.8063906666544858,117.81211730909128,65.09185673957411,321.98463501734096,1.0060826851774405,42.40699638307628,89.87172770128952,10.778619655960135,142.87447243217952,216.77853815491972,51.95225410247859,7.502507053690076,2.044402067894809,50.74994124461003,0.7590955725366467,41.454350623546404,1.3272405385276707,184.5558909524116,216.71965611997663,1.9445500284444657,209.85161937100816,0.3961022819922928,512.8387025136357,1.1555058666423923,71.99204759886864,188.34169860495228,341.84508828859913,15.789743805948381,31.914907330249587,73.47856174517771,4.9406238728560945,13.308813388282134,38.700848456639044,0.42730436236790503,54.74615687955854,52.044968749099866,2.069329886461514,67.15286213636278,1.1481253963436806,197.8488305214997,52.091376764960145,281.4457185958932,107.68709243079351,77.33990652600937,0.4884764296288619,143.94152240484817,0.6591306004043214,1.8382672394349966,14.311157326369576,0.3071733046822155,0.14392579700535751,0.4997170106836085,2.091649789887291,1.000468454258562,0.5007390362171105,0.4997170106836085,0.999434021367217,2.4985850534180436,0.999434021367217,5.496887117519694,1.044833069964356,3.998039323129409,1.981059981910012,100.81715116753378,31.346131379236216,1.4876793418862277,4.497453096152476,38.176428387873315,0.23223146063857852,23726.5942979229,801.9213034639889,4567.121325451264,535.4328114025822,165.48844008520763,6.068319038653762,66.69710814052286,0.939599612423283,18.447467237061524,28.13916965062846,109.81904671823752,35.7032699008007,0.8528839426341344,0.7458599876523506,19.299284684310845,50.78353656120346,28.32565831943526,114.50878485766114,14.477689328949618,0.2671679289454774,1.0836016935033128,36.8478187178805,13.187842318003911,18.40159613182926,27.25201196921382,110.02486764079768,7.323712248227948,1.2868936216162552,79.66787354397597,20.388302949778502,7.696382245292002,12.03022433127206,3.4424949624870806,0.5996604128203302,0.19988680427344344,3.122085884264797,4.961293950727054,3.8502665623547476,1.687066419842053,1.7129086782576413,3.9295291686357685,1.4182081279117573,381.03122932709323,0.4827973210885634,1.6675407697978901,0.33405337421533626
2020-03-07 06:00:00,0.1214499336783122,35.84161404707659,104.1371538505446,35.8416140470766,104.1371538505446,35.84161404707659,104.1371538505446,35.84161404707659,104.13715385054462,35.8416140470766,104.13715385054458,35.841614047076604,104.1371538505446,35.84161404707659,104.13715385054459,35.84161404707658,104.13715385054462,35.84161404707659,104.1371538505446,0.0,35.84161404707659,104.13715385054459,35.84161404707659,104.13715385054459,35.84161404707659,104.1371538505446,35.84161404707658,104.13715385054462,35.84161404707658,104.13715385054462,35.84161404707659,104.1371538505446,35.8416140470766,104.13715385054462,35.84161404707659,104.1371538505446,35.84161404707659,104.1371538505446,35.84161404707659,104.1371538505446,0.0,35.8416140470766,104.1371538505446,35.841614047076604,104.1371538505446,0.0,35.84161404707659,104.1371538505446,0.0,35.8416140470766,104.13715385054462,0.044580630698285204,35.84161404707659,104.13715385054464,0.0,35.84161404707659,104.13715385054458,0.0,37.069507295352246,-95.6593894022728,0.8065318793674372,-0.015492643437790443,-0.0005525945035488727,37.069507295352246,-95.6593894022728,0.99944101993819,0.0,0.0,37.06950729535224,-95.6593894022728,0.0,-0.0011047867718479987,37.06950729535225,-95.6593894022728,1.896169575838548,-0.0017224296572685704,-0.0012071654038938312,37.069507295352246,-95.65938940227281,0.9965375257151285,0.0,-0.00040009980152476074,56.09899024454389,-106.28732527537314,0.0,-0.0019815523028366283,-25.26027011544375,133.70035836621003,5.065299549392874,0.05075036615757629,-25.26027011544375,133.70035836621005,0.0,51.13709039888227,10.445683805350512,0.0,0.0,56.0989902445439,-106.28732527537314,-0.00019602754510292074,0.18768343503274199,-25.260270115443753,133.70035836621005,0.0,-25.26027011544375,133.70035836621003,0.0,37.069507295352246,-95.65938940227282,1.9999170713165415,0.0,37.069507295352246,-95.6593894022728,0.99944101993819,0.0,0.0010865166083302421,37.069507295352246,-95.65938940227278,1.0126748385147795,0.00204527794956463,37.069507295352246,-95.6593894022728,0.99944101993819,0.0,37.069507295352246,-95.6593894022728,1.5290935595162696,0.0,0.0,37.069507295352246,-95.6593894022728,0.99944101993819,0.0,0.0,37.06950729535225,-95.65938940227281,0.0,37.069507295352246,-95.6593894022728,1.99888203987638,0.0,0.0,56.0989902445439,-106.28732527537314,0.99944101993819,0.0,56.09899024454389,-106.28732527537315,0.0,37.069507295352246,-95.65938940227278,0.99944101993819,0.0,0.0009258270129926579,0.0,0.0,60.96590221622959,0.0,0.0,0.0,0.0,37.069507295352246,-95.65938940227278,0.0,37.069507295352246,-95.6593894022728,0.99944101993819,0.0,0.0,37.069507295352246,-95.6593894022728,0.99944101993819,0.0,0.0,0.0,0.0,0.0,0.0,37.069507295352246,-95.6593894022728,1.0005672585464742,0.0,0.0,37.069507295352246,-95.6593894022728,10.99385121932009,0.0,0.0,37.069507295352246,-95.6593894022728,4.997205099690951,0.0,0.0,37.069507295352246,-95.6593894022728,1.99888203987638,0.0,0.0,37.069507295352246,-95.6593894022728,0.0,0.0,37.069507295352246,-95.6593894022728,0.0,0.0,37.069507295352246,-95.6593894022728,0.0,0.0,37.069507295352246,-95.6593894022728,36.004279362467074,0.0,0.0,-3.80948209693567e+38,-1.2337109640731808e+39,4.239291236452426e+38,-1.480891783249719e+39,1.9359584592961212e+36,1.2363938452355977e+37,2.0556144055732847e+37,-3.1863593335052866e+38,-3.359552799329845e+37,-5.449321364373775e+38,-1.7838212837979412e+30,-7.008288204761571e+29,-6.539184848770859,0.16262053811255905,22.968581563716782,-1.2935989927059424e+48,3.264345605062474e+50,-9.101427798601809e+45,1.5655316103910706e+50,-1.89323140402129e+41,-3.3952800087523003e+41,0.6726335325039696,0.3361037063441714,176.32267393322022,105.40112960940928,4.913801348420401,0.23148635036604964,222.52816130960906,30.392309563789787,1.1217956347611908,1.8075236367422691,118.04606282792726,65.44317639773058,322.46562834294866,1.0115747441697927,42.59260331424969,89.9334781264612,10.778906315960453,142.77024637455796,216.68226807456276,51.83560745195036,7.594276663709213,2.0511794377848664,51.189294804637306,0.7598616423470902,41.44147368597583,1.3285540489432226,184.83002061430747,217.15288714499192,1.933567958630453,209.7510844210265,0.39445136089825295,512.9697200963155,1.1570853301138624,72.61852449368067,187.52566372252454,342.2514448385227,15.901914147166519,31.71508020528886,73.63032162218661,4.937675445731194,13.218082203017408,38.75343609328924,0.4309170716060979,54.789290568162805,51.60129501996417,2.0692288643555705,67.15862700324976,1.1485869721346225,197.97943424433083,51.89560098860058,281.66704227147585,107.6610088572877,77.30302068079305,0.48787425557879,144.30660925783306,0.66365512781442,1.8415336004623821,14.584906497333774,0.29587996077739964,0.14450155943238435,0.499720509969095,2.0896839041460664,1.0004760513783513,0.5007431489438774,0.499720509969095,0.99944101993819,2.4986025498454754,0.99944101993819,5.496925609660045,1.037105327889223,3.9980665720084128,1.980744580588416,100.81788387308656,31.346350881595047,1.487331631333388,4.497484589721855,38.17669571962093,0.2369725165705981,23733.301995832724,802.2939379818737,4575.610392816382,534.342822105395,163.44770047645972,6.055998885947232,66.69772144925608,0.9396105467257613,18.38618521976807,28.140753760525772,109.81878672905187,35.68712199571277,0.8527132518063911,0.7451813581853395,19.249628575006795,50.73391897220965,28.32845060654557,114.5059873289169,14.460723983361978,0.26675977074427726,1.0784304575595194,36.79263723394875,13.103889734443248,18.443777232175126,27.258003549492706,110.021647824095,7.320641935312754,1.2767233773895459,79.66721292483906,20.385994035927418,7.675481979910682,12.030308573330066,3.442519068675987,0.599664611962914,0.199888203987638,3.1118678152432526,4.954120189188787,3.8571653346678265,1.6844442334835863,1.7100207799388711,3.8612829291853634,1.415365771957109,380.9446760391903,0.48123608808865276,1.6674123400481362,0.333985660054973
2020-03-07 07:00:00,0.12069252503259766,35.841862131661344,104.13787465576661,35.84186213166135,104.13787465576661,35.841862131661344,104.13787465576662,35.841862131661344,104.13787465576664,35.84186213166135,104.13787465576658,35.84186213166136,104.13787465576661,35.841862131661344,104.1378746557666,35.84186213166134,104.13787465576664,35.841862131661344,104.13787465576661,0.0,35.84186213166135,104.13787465576661,35.841862131661344,104.13787465576661,35.84186213166135,104.13787465576661,35.84186213166134,104.13787465576662,35.84186213166134,104.13787465576662,35.841862131661344,104.13787465576661,35.84186213166135,104.13787465576662,35.841862131661344,104.13787465576661,35.841862131661344,104.13787465576661,35.841862131661344,104.13787465576661,0.0,35.84186213166135,104.13787465576661,35.84186213166136,104.13787465576661,0.0,35.841862131661344,104.13787465576661,0.0,35.84186213166135,104.13787465576662,0.04402821094298767,35.841862131661344,104.13787465576664,0.0,35.841862131661344,104.13787465576658,0.0,37.0697638790349,-95.66005152702719,0.800921224385732,-0.015938737043505347,-0.0005679510823195649,37.0697638790349,-95.66005152702719,0.9994479377603086,0.0,0.0,37.069763879034895,-95.66005152702719,0.0,-0.0011353476875741383,37.06976387903491,-95.66005152702719,1.8931342080926887,-0.0017747860177358826,-0.0012419402327011123,37.0697638790349,-95.6600515270272,0.9964745309992638,0.0,-0.0004087963684799023,56.099378544431325,-106.28806096341778,0.0,-0.002015104913204613,-25.260444959233265,133.70128379880478,5.0474244908708705,0.05120955927131715,-25.26044495923326,133.70128379880478,0.0,51.13744435403118,10.445756107148249,0.0,0.0,56.09937854443133,-106.28806096341779,-0.00019606022856333196,0.18489482932577234,-25.26044495923327,133.70128379880478,0.0,-25.260444959233265,133.70128379880478,0.0,37.0697638790349,-95.6600515270272,1.9999314969881907,0.0,37.0697638790349,-95.66005152702718,0.9994479377603086,0.0,0.001086994335293048,37.0697638790349,-95.66005152702716,1.0126897246196938,0.0020464886865131,37.0697638790349,-95.66005152702719,0.9994479377603086,0.0,37.069763879034895,-95.66005152702718,1.524490989677798,0.0,0.0,37.0697638790349,-95.66005152702719,0.9994479377603086,0.0,0.0,37.0697638790349,-95.6600515270272,0.0,37.0697638790349,-95.66005152702719,1.9988958755206172,0.0,0.0,56.09937854443133,-106.28806096341778,0.9994479377603086,0.0,56.09937854443133,-106.28806096341779,0.0,37.0697638790349,-95.66005152702718,0.9994479377603086,0.0,0.0009264430348331345,0.0,0.0,60.966324203378825,0.0,0.0,0.0,0.0,37.0697638790349,-95.66005152702718,0.0,37.0697638790349,-95.66005152702719,0.9994479377603086,0.0,0.0,37.0697638790349,-95.66005152702719,0.9994479377603086,0.0,0.0,0.0,0.0,0.0,0.0,37.0697638790349,-95.66005152702719,1.0005745558176826,0.0,0.0,37.0697638790349,-95.66005152702719,10.993927315363393,0.0,0.0,37.0697638790349,-95.66005152702719,4.997239688801543,0.0,0.0,37.0697638790349,-95.66005152702719,1.9988958755206172,0.0,0.0,37.0697638790349,-95.66005152702719,0.0,0.0,37.0697638790349,-95.66005152702719,0.0,0.0,37.0697638790349,-95.66005152702719,0.0,0.0,37.0697638790349,-95.66005152702719,36.00453972247352,0.0,0.0,-3.932483269021044e+38,-1.2735452225718828e+39,4.3755032933853454e+38,-1.528474104123794e+39,1.9932321386512305e+36,1.2729715023173488e+37,2.119425767340457e+37,-3.2852718180642195e+38,-3.4701926232852305e+37,-5.628783332214038e+38,-1.8408991816149093e+30,-7.232536206316806e+29,-6.5392450441434615,0.16289976567181522,22.9758527182424,-1.3353669255278779e+48,3.369231824150748e+50,-9.370685775139342e+45,1.614129588532159e+50,-1.953810156839276e+41,-3.500767810882746e+41,0.6720858062286564,0.3360210763026955,176.40515239585696,106.17881779682814,4.893604323191108,0.23376658766548733,222.18006497737926,31.05535882869636,1.1201554607747444,1.8093926052663667,118.43174593419147,65.8147543364188,322.9762943440684,1.0174069799346683,42.77850750912386,90.00460272541605,10.77927786172186,142.68306535929736,216.5455874066637,51.66456700183811,7.677869760163409,2.057679047021519,51.61051253502873,0.7608028846620218,41.422459753646734,1.3292735144588212,184.99089678926276,217.47522123672755,1.9229182702630498,209.63655278070783,0.3928015633295871,513.1844263916346,1.1587678344852732,73.28214616809457,186.98142223215157,342.6931680250131,16.031289958957032,31.54771783110062,73.7830409027726,4.9334944200350375,13.138254406799684,38.80128243794008,0.4342027933173038,54.841479884710154,51.17157264619467,2.0704461683437683,67.31596013872377,1.1486642668898932,198.00700516742705,51.67164487096067,281.90274064889684,107.63928722517909,77.26282427344633,0.4873448116548718,144.68344044703127,0.6683255481641115,1.8452998230912587,14.860609371090112,0.2865275512898793,0.14508384886227854,0.4997239688801543,2.087520883663621,1.000483559227882,0.500747213223411,0.4997239688801543,0.9994479377603086,2.4986198444007717,0.9994479377603086,5.496963657681697,1.0277136262735558,3.998093505272787,1.9804287274099006,100.81860793254553,31.34656785135628,1.4869802966220271,4.497515719921388,38.176959966919966,0.24264357897478034,23737.224452614417,802.5269131103132,4581.471005301004,533.2535538106382,161.40770887837664,6.047774861578058,66.69837905867837,0.9396228823935389,18.334899973054394,28.14476185684961,109.81672881050032,35.640846290592044,0.8520891986263482,0.7444422939347386,19.19567446219127,50.69030217096968,28.32990405244549,114.50501931757478,14.452534945062924,0.26656247681639883,1.0765423980586841,36.7430485232327,13.02841887770994,18.495646065454668,27.26330021881871,110.01889025493693,7.31793521880537,1.2677404757932549,79.66686825591653,20.384323447490754,7.643984879885067,12.030391843411122,3.4425428967299507,0.5996687626561851,0.1998895875520617,3.099435885505335,4.945339253972222,3.8653755727929466,1.682223807350575,1.7076707129743212,3.785546878943363,1.4120117046095682,380.87347724650715,0.4799445062151625,1.6673107815950026,0.3339314219173469
2020-03-07 08:00:00,0.1200793454415238,35.84210726200947,104.13858687750813,35.84210726200947,104.13858687750813,35.84210726200947,104.13858687750815,35.84210726200946,104.13858687750815,35.84210726200947,104.1385868775081,35.84210726200947,104.13858687750813,35.84210726200947,104.13858687750812,35.84210726200946,104.13858687750816,35.84210726200947,104.13858687750813,0.0,35.84210726200946,104.13858687750813,35.84210726200946,104.13858687750813,35.84210726200946,104.13858687750813,35.842107262009456,104.13858687750815,35.84210726200946,104.13858687750815,35.84210726200946,104.13858687750813,35.84210726200948,104.13858687750815,35.84210726200946,104.13858687750813,35.84210726200946,104.13858687750813,35.84210726200946,104.13858687750813,0.0,35.84210726200947,104.13858687750813,35.84210726200948,104.13858687750813,0.0,35.84210726200946,104.13858687750813,0.0,35.84210726200947,104.13858687750815,0.04334170852779044,35.84210726200947,104.13858687750816,0.0,35.84210726200947,104.1385868775081,0.0,37.070017407272104,-95.66070576707884,0.795258364304317,-0.016388932062275985,-0.0005834446707325344,37.070017407272104,-95.66070576707884,0.9994547732037353,0.0,0.0,37.070017407272104,-95.66070576707884,0.0,-0.0011661801286820608,37.07001740727212,-95.66070576707884,1.890069945799322,-0.0018276446242418004,-0.0012770349475833345,37.07001740727211,-95.66070576707885,0.9964109350877002,0.0,-0.0004175474859883302,56.09976222037264,-106.28878789075458,0.0,-0.0020485642059814985,-25.26061772095094,133.70219821117882,5.029280347569215,0.05185144420163712,-25.260617720950936,133.7021982111788,0.0,51.137794094217405,10.445827547962944,0.0,0.0,56.09976222037265,-106.28878789075459,-0.00019603757326801946,0.18165148596393993,-25.260617720950943,133.70219821117882,0.0,-25.26061772095094,133.70219821117882,0.0,37.07001740727211,-95.66070576707885,1.9999457492792578,0.0,37.070017407272104,-95.66070576707882,0.9994547732037353,0.0,0.0010874635396182046,37.070017407272104,-95.66070576707881,1.0127044234567735,0.0020476830384517433,37.070017407272104,-95.66070576707884,0.9994547732037353,0.0,37.070017407272104,-95.66070576707882,1.5208368989900056,0.0,0.0,37.070017407272104,-95.66070576707884,0.9994547732037353,0.0,0.0,37.07001740727211,-95.66070576707885,0.0,37.070017407272104,-95.66070576707884,1.9989095464074706,0.0,0.0,56.09976222037265,-106.28878789075456,0.9994547732037353,0.0,56.09976222037265,-106.28878789075458,0.0,37.070017407272104,-95.66070576707882,0.9994547732037353,0.0,0.0009270579547786023,0.0,0.0,60.966741165427855,0.0,0.0,0.0,0.0,37.070017407272104,-95.66070576707882,0.0,37.070017407272104,-95.66070576707884,0.9994547732037353,0.0,0.0,37.070017407272104,-95.66070576707884,0.9994547732037353,0.0,0.0,0.0,0.0,0.0,0.0,37.070017407272104,-95.66070576707884,1.00058176333787,0.0,0.0,37.070017407272104,-95.66070576707884,10.994002505241088,0.0,0.0,37.070017407272104,-95.66070576707884,4.997273866018677,0.0,0.0,37.070017407272104,-95.66070576707884,1.9989095464074706,0.0,0.0,37.070017407272104,-95.66070576707884,0.0,0.0,37.070017407272104,-95.66070576707884,0.0,0.0,37.070017407272104,-95.66070576707884,0.0,0.0,37.070017407272104,-95.66070576707884,36.0047969557314,0.0,0.0,-4.0567154614695975e+38,-1.3137781503071355e+39,4.513074086334443e+38,-1.5765310658964704e+39,2.0510436999420318e+36,1.3098926760234174e+37,2.183858497641856e+37,-3.385147471310437e+38,-3.5819543880635347e+37,-5.8100651303890004e+38,-1.8985468064025225e+30,-7.459022554753867e+29,-6.53930441451099,0.16305709556832557,22.981926141126326,-1.3775528801862495e+48,3.4751642992510264e+50,-9.642472469986018e+45,1.663200793597255e+50,-2.014993580653277e+41,-3.6072970051049364e+41,0.6716255989292993,0.3359546713516349,176.48183779432887,106.99114801629747,4.8556977697393835,0.2360301920275218,221.85316129211702,31.728875397405716,1.11838591858473,1.8120040331920206,118.9705480994743,66.18772030475957,323.4948280437829,1.0233295766345831,42.95063524096725,90.08585702042284,10.779734548536922,142.6126446947252,216.36352603529855,51.43255380806442,7.751452412935414,2.063656660712043,51.99779189104265,0.7618687292228399,41.398735028631805,1.3291983404049879,185.00138812343968,217.6608083499139,1.9129090545120078,209.51290446290128,0.3911929320021492,513.4835557774961,1.1604631528530593,73.95540756611668,186.71641668238658,343.15550901549506,16.179257387289994,31.412285293270514,73.93464437990536,4.927929181551782,13.068603865606391,38.84331517688594,0.43708753265786626,54.9001110252868,50.76861347396462,2.0729231171451517,67.61817553035033,1.1482791000327066,197.91076156793918,51.429236411518545,282.1402181182176,107.62133428432136,77.22318782630794,0.48688324031829494,145.06583005304748,0.6730650672728474,1.8496061780001547,15.134551005677439,0.2788259350481356,0.14562478881134508,0.49972738660186766,2.0852475066217475,1.000490976075522,0.5007512281210936,0.49972738660186766,0.9994547732037353,2.4986369330093385,0.9994547732037353,5.497001252620544,1.0169060281365774,3.9981201166047824,1.980112927259531,100.81932317974695,31.346782237401893,1.486625354086594,4.497546479416809,38.177221067513806,0.24931067871557183,23736.775644175763,802.5424718660429,4583.305455470189,532.19148995248,159.41824777601107,6.043758782693789,66.69908091233852,0.9396366194576118,18.29225490223953,28.151077594177004,109.81295836877243,35.565886905125154,0.8510407428033071,0.743713515954473,19.142834671420896,50.65228530003538,28.329996421419974,114.50591116826317,14.453269179036882,0.26657954796290495,1.0780010943062381,36.69891371579659,12.961219300239236,18.554406593877307,27.267944267658674,110.01656574397931,7.315569777031981,1.2598721744016097,79.66678084941879,20.383175180428523,7.604457501994088,12.030474121896816,3.442566441035088,0.5996728639222412,0.19989095464074708,3.085120601832811,4.935631179401306,3.8749962381795617,1.6803536958621534,1.7057686010087882,3.7040494739710335,1.4082328534062336,380.8153316898244,0.4788822494570077,1.6672313102021945,0.33388826849922953
2020-03-07 09:00:00,0.11960752756940556,35.84234938099392,104.1392903497876,35.842349380993916,104.1392903497876,35.842349380993916,104.1392903497876,35.84234938099391,104.13929034978761,35.84234938099391,104.13929034978757,35.842349380993916,104.1392903497876,35.842349380993916,104.13929034978759,35.84234938099391,104.13929034978761,35.842349380993916,104.1392903497876,0.0,35.84234938099391,104.1392903497876,35.84234938099391,104.1392903497876,35.84234938099391,104.1392903497876,35.8423493809939,104.13929034978761,35.84234938099391,104.13929034978761,35.84234938099391,104.1392903497876,35.84234938099392,104.13929034978761,35.84234938099391,104.1392903497876,35.84234938099391,104.1392903497876,35.84234938099391,104.1392903497876,0.0,35.842349380993916,104.13929034978759,35.84234938099392,104.1392903497876,0.0,35.84234938099391,104.1392903497876,0.0,35.842349380993916,104.1392903497876,0.0425685411639541,35.842349380993916,104.13929034978763,0.0,35.842349380993916,104.13929034978757,0.0,37.07026782097971,-95.66135196995866,0.7895436384526722,-0.01684320078705448,-0.000599074244613175,37.07026782097971,-95.66135196995866,0.9994615246754868,0.0,0.0,37.07026782097971,-95.66135196995866,0.0,-0.00119728202276434,37.07026782097973,-95.66135196995866,1.886976964312658,-0.0018810025637574501,-0.0013124473798504233,37.07026782097972,-95.66135196995867,0.9963467499080341,0.0,-0.00042635076646763137,56.10014118295309,-106.28950588797483,0.0,-0.0020818488296265036,-25.26078836033507,133.70310139023056,5.012135880014618,0.05274374246512649,-25.260788360335066,133.70310139023056,0.0,51.138139537934826,10.445898111145492,0.0,0.0,56.10014118295309,-106.28950588797484,-0.0001959541269196815,0.17813543695943448,-25.260788360335074,133.70310139023056,0.0,-25.260788360335066,133.70310139023056,0.0,37.070267820979716,-95.66135196995867,1.9999598249049781,0.0,37.07026782097971,-95.66135196995864,0.9994615246754868,0.0,0.0010879241770689945,37.07026782097971,-95.66135196995863,1.0127189318303784,0.002048860772254548,37.07026782097971,-95.66135196995866,0.9994615246754868,0.0,37.070267820979716,-95.66135196995864,1.5185504437515387,0.0,0.0,37.07026782097971,-95.66135196995866,0.9994615246754868,0.0,0.0,37.07026782097972,-95.66135196995867,0.0,37.07026782097971,-95.66135196995866,1.9989230493509735,0.0,0.0,56.100141182953095,-106.28950588797481,0.9994615246754868,0.0,56.10014118295309,-106.28950588797484,0.0,37.07026782097971,-95.66135196995864,0.9994615246754868,0.0,0.0009276714848948531,0.0,0.0,60.967153005204686,0.0,0.0,0.0,0.0,37.07026782097971,-95.66135196995864,0.0,37.07026782097971,-95.66135196995866,0.9994615246754868,0.0,0.0,37.07026782097971,-95.66135196995866,0.9994615246754868,0.0,0.0,0.0,0.0,0.0,0.0,37.07026782097971,-95.66135196995866,1.0005888794929116,0.0,0.0,37.07026782097971,-95.66135196995866,10.994076771430352,0.0,0.0,37.07026782097971,-95.66135196995866,4.997307623377433,0.0,0.0,37.07026782097971,-95.66135196995866,1.9989230493509735,0.0,0.0,37.07026782097971,-95.66135196995866,0.0,0.0,37.07026782097971,-95.66135196995866,0.0,0.0,37.07026782097971,-95.66135196995866,0.0,0.0,37.07026782097971,-95.66135196995866,36.00505100289636,0.0,0.0,-4.1821727279511995e+38,-1.3544078215439496e+39,4.6519969556844944e+38,-1.6250603421955067e+39,2.1093897882386828e+36,1.3471552237382903e+37,2.248909224830095e+37,-3.485981066933053e+38,-3.694832987376589e+37,-5.993158476306862e+38,-1.9567618271979356e+30,-7.687738092171344e+29,-6.539362948521333,0.16307775649967515,22.986972732869138,-1.4201548374651187e+48,3.582137902316148e+50,-9.916772110772725e+45,1.7127426577795695e+50,-2.076779201531732e+41,-3.714864148128563e+41,0.6712410156164645,0.3359016904767545,176.54597992298156,107.81246528960645,4.801191718294877,0.23824545649761691,221.5570092153677,32.401456427557164,1.1165681224233377,1.8153647132683672,119.66391495283122,66.54346857015004,323.9999505854861,1.029098746107629,43.09482011561074,90.17789693014285,10.780282208382777,142.5586507619991,216.1330201280539,51.13555896719428,7.813872416407016,2.0688810238376845,52.3361690349179,0.7630018844305555,41.37196361077948,1.3281701420688234,184.83223127318527,217.6932761977726,1.9038246260555054,209.3858480682258,0.3896641911791785,513.8678803807152,1.1620821468358813,74.61149345901345,186.73440912995457,343.62355884848324,16.347019846520148,31.308155344821692,74.08301390620892,4.920886268395546,13.008318957493245,38.87885684530043,0.4395245424748201,54.96221959677646,50.40423962954962,2.0765772802101616,68.05583024361653,1.1473813173403862,197.67743062639127,51.179736816675685,282.36703102807394,107.60660988543992,77.1877495713102,0.486484116986964,145.4472368194178,0.6777924795334079,1.8544876273272686,15.402937648448155,0.2725180208103738,0.14607609276695713,0.4997307623377434,2.0829595939547745,1.000498300229491,0.5007551927238707,0.4997307623377434,0.9994615246754868,2.4986538116887167,0.9994615246754868,5.497038385715176,1.004961460624068,3.9981463998300297,1.9797978321567078,100.82002945236717,31.34699398976973,1.4862668212116539,4.49757686103969,38.17747896055358,0.25703687886194426,23730.531802614492,802.2709360850378,4579.86652514544,531.1822419628653,157.5274908258589,6.044006963684288,66.699830220189,0.9396518550497919,18.257014862649985,28.15953779242339,109.80759529781815,35.46428230159482,0.8496070051114208,0.7430615009966944,19.096192103866848,50.6194207103693,28.32872540099059,114.50866577116166,14.46294246509499,0.2668113403705312,1.0828219575831077,36.65998976837047,12.901922632470942,18.616891155044808,27.271984788244772,110.0146404523415,7.313519704920072,1.2530340463154301,79.66690485534437,20.382458687427835,7.559883550933621,12.03055538961234,3.4425896961044535,0.599676914805292,0.19989230493509733,3.0692928602661653,4.9257853062425925,3.886121301329814,1.6787862946332506,1.7042372697849046,3.6185780301964474,1.4041244749474127,380.76820018486535,0.4780135851713297,1.6671698863757816,0.3338541808501475
2020-03-07 10:00:00,0.11927430182219588,35.84258843280687,104.13998491045639,35.84258843280686,104.1399849104564,35.84258843280686,104.1399849104564,35.842588432806856,104.13998491045642,35.842588432806856,104.13998491045638,35.84258843280686,104.1399849104564,35.84258843280686,104.13998491045638,35.842588432806856,104.13998491045642,35.84258843280686,104.13998491045639,0.0,35.842588432806856,104.13998491045639,35.842588432806856,104.1399849104564,35.842588432806856,104.13998491045639,35.84258843280685,104.1399849104564,35.842588432806856,104.1399849104564,35.842588432806856,104.1399849104564,35.84258843280687,104.13998491045642,35.842588432806856,104.1399849104564,35.84258843280685,104.1399849104564,35.842588432806856,104.1399849104564,0.0,35.84258843280686,104.13998491045639,35.84258843280687,104.13998491045639,0.0,35.84258843280686,104.1399849104564,0.0,35.84258843280686,104.1399849104564,0.04176005815775681,35.84258843280686,104.13998491045642,0.0,35.84258843280686,104.13998491045636,0.0,37.07051506243799,-95.66198998671852,0.7837774033331542,-0.01730151414582526,-0.0006148387323340679,37.07051506243799,-95.66198998671852,0.9994681906193653,0.0,0.0,37.07051506243799,-95.66198998671852,0.0,-0.0012286511970021965,37.070515062438005,-95.66198998671852,1.883855448602758,-0.001934856761200407,-0.0013481752504304265,37.070515062438,-95.66198998671852,0.9962819901752265,0.0,-0.0004352032880150271,56.10051534482272,-106.29021478958197,0.0,-0.0021148536174768195,-25.260956838053698,133.70399312777948,4.997287013333968,0.053953300720013336,-25.260956838053694,133.70399312777946,0.0,51.138480605559536,10.445967780431252,0.0,0.0,56.10051534482272,-106.29021478958198,-0.0001958028808288849,0.17454410037483556,-25.2609568380537,133.70399312777948,0.0,-25.260956838053694,133.70399312777948,0.0,37.070515062438,-95.66198998671852,1.999973720657148,0.0,37.07051506243799,-95.6619899867185,0.9994681906193653,0.0,0.0010883762056825052,37.07051506243799,-95.6619899867185,1.0127332466230834,0.0020500216610483896,37.07051506243799,-95.66198998671852,0.9994681906193653,0.0,37.07051506243799,-95.66198998671851,1.5179399157449927,0.0,0.0,37.07051506243799,-95.66198998671852,0.9994681906193653,0.0,0.0,37.070515062438005,-95.66198998671851,0.0,37.07051506243799,-95.66198998671852,1.9989363812387306,0.0,0.0,56.100515344822725,-106.29021478958195,0.9994681906193653,0.0,56.10051534482272,-106.29021478958197,0.0,37.07051506243799,-95.66198998671851,0.9994681906193653,0.0,0.0009282833415419989,0.0,0.0,60.96755962778128,0.0,0.0,0.0,0.0,37.07051506243799,-95.6619899867185,0.0,37.07051506243799,-95.66198998671852,0.9994681906193653,0.0,0.0,37.07051506243799,-95.66198998671852,0.9994681906193653,0.0,0.0,0.0,0.0,0.0,0.0,37.07051506243799,-95.66198998671852,1.0005959027072184,0.0,0.0,37.07051506243799,-95.66198998671852,10.994150096813016,0.0,0.0,37.07051506243799,-95.66198998671852,4.997340953096825,0.0,0.0,37.07051506243799,-95.66198998671852,1.9989363812387306,0.0,0.0,37.07051506243799,-95.66198998671852,0.0,0.0,37.07051506243799,-95.66198998671852,0.0,0.0,37.07051506243799,-95.66198998671852,0.0,0.0,37.07051506243799,-95.66198998671851,36.00530180600605,0.0,0.0,-4.308848758598331e+38,-1.3954321928148763e+39,4.792264839023989e+38,-1.6740594659417462e+39,2.1682668775747456e+36,1.3847568936145062e+37,2.314574387782497e+37,-3.587767084919908e+38,-3.808822988653584e+37,-6.178054558132904e+38,-2.0155418428229703e+30,-7.91867338480533e+29,-6.539420635132323,0.1629566273062327,22.99114586982366,-1.4631706547009936e+48,3.6901471951369178e+50,-1.0193568121044038e+46,1.7627524689702316e+50,-2.1391644710208972e+41,-3.8234656928287454e+41,0.6709212291016224,0.33585974946890984,176.59114734092486,108.61817196741868,4.7315905631450175,0.24038134873404626,221.29988971621972,33.0613418148146,1.114789736365113,1.819479505429639,120.51288836242568,66.86485495287343,324.4721771302068,1.0344912542013944,43.19758889035231,90.28122689956695,10.780932564866657,142.5207613124096,215.85341534474483,50.77280726207802,7.864697077474482,2.073143293469118,52.61212999748367,0.7641418920067595,41.34394758518174,1.326086679359495,184.46459611450445,217.5670553334539,1.8959111810979283,209.26155304228564,0.3882515461656964,514.3379524982686,1.163542480858475,75.22588718133107,187.035642918686,344.0830135091268,16.535502892796664,31.234723128542967,74.2260764012129,4.91234572170648,12.956543585783372,38.907647065591696,0.44149585793297164,55.02467763700253,50.088682810964244,2.0813024717226463,68.61671619669944,1.1459537147740035,197.30256184559104,50.93541189213376,282.5716853832034,107.59462924337896,77.15971962489638,0.4861417229458431,145.8209276713398,0.6824241979396579,1.8599710604068944,15.662054057578091,0.2673786036288005,0.14639175449223854,0.49973409530968266,2.08075644512294,1.000505530037782,0.5007591061402068,0.49973409530968266,0.9994681906193653,2.4986704765484125,0.9994681906193653,5.497075048406508,0.9921750695101117,3.9981723489172727,1.9794842849119303,100.820726591915,31.34720305965139,1.485904716656811,4.497606857787144,38.177733586595586,0.2658774405753112,23717.358353002484,801.6569215274203,4570.169013413539,530.2497552682485,155.78050414549418,6.048522682788164,66.70063363636388,0.9396687886896983,18.22807133639879,28.169932839921394,109.80079368253968,35.33866214154291,0.8478372249572933,0.74254490350815,19.060225862686927,50.59123648169553,28.32610859098545,114.51325857693956,14.481439506928517,0.2672550673337949,1.0909716617604637,36.6259572630569,12.8500447239967,18.67975700765495,27.275474791465427,110.01307786418919,7.31175703331376,1.2471349338751,79.66720557330578,20.382105538030185,7.513485530418554,12.030635627825692,3.442612656577813,0.5996809143716191,0.19989363812387304,3.05234464976506,4.916651283206209,3.898832915143081,1.677478268638465,1.7030110312401299,3.5309147790042,1.399786216745851,380.7302963955708,0.4773072123596799,1.6671231250863006,0.3338274672334679
2020-03-07 11:00:00,0.11907741001538633,35.84282436295724,104.1406704011917,35.84282436295724,104.14067040119168,35.84282436295724,104.14067040119168,35.842824362957224,104.1406704011917,35.84282436295723,104.14067040119167,35.84282436295723,104.1406704011917,35.84282436295724,104.14067040119167,35.84282436295723,104.1406704011917,35.84282436295724,104.1406704011917,0.0,35.84282436295723,104.1406704011917,35.84282436295723,104.1406704011917,35.84282436295723,104.1406704011917,35.842824362957224,104.1406704011917,35.84282436295723,104.14067040119171,35.84282436295723,104.14067040119168,35.842824362957245,104.1406704011917,35.84282436295723,104.14067040119168,35.842824362957224,104.1406704011917,35.842824362957224,104.14067040119168,0.0,35.84282436295723,104.14067040119168,35.84282436295724,104.14067040119168,0.0,35.84282436295723,104.1406704011917,0.0,35.84282436295724,104.14067040119168,0.040968520789752744,35.84282436295724,104.14067040119171,0.0,35.84282436295724,104.14067040119166,0.0,37.07075907528906,-95.66261967192457,0.7779600329385872,-0.01776384167566125,-0.0006307370138424369,37.07075907528906,-95.66261967192457,0.9994747695158906,0.0,0.0,37.07075907528906,-95.66261967192457,0.0,-0.001260285374067062,37.070759075289075,-95.66261967192457,1.8807055935241328,-0.00198920397528371,-0.0013842161664021913,37.07075907528907,-95.66261967192457,0.9962166742253464,0.0,-0.0004441014278353493,56.10088462069257,-106.2909144339842,0.0,-0.002147442599796337,-25.261123115702887,133.70487322055692,4.985982241043333,0.055541952050049095,-25.26112311570288,133.7048732205569,0.0,51.13881721934628,10.44603653993934,0.0,0.0,56.10088462069257,-106.29091443398421,-0.00019557478147703598,0.17107857737856735,-25.26112311570289,133.70487322055692,0.0,-25.261123115702883,133.70487322055692,0.0,37.07075907528906,-95.66261967192456,1.9999874334039733,0.0,37.07075907528906,-95.66261967192455,0.9994747695158906,0.0,0.001088819585755357,37.07075907528906,-95.66261967192455,1.0127473647954974,0.0020511654841943432,37.07075907528906,-95.66261967192457,0.9994747695158906,0.0,37.07075907528906,-95.66261967192456,1.519180697525698,0.0,0.0,37.07075907528906,-95.66261967192457,0.9994747695158906,0.0,0.0,37.07075907528906,-95.66261967192456,0.0,37.07075907528906,-95.66261967192457,1.9989495390317813,0.0,0.0,56.100884620692575,-106.29091443398418,0.9994747695158906,0.0,56.10088462069257,-106.2909144339842,0.0,37.07075907528906,-95.66261967192456,0.9994747695158906,0.0,0.0009288932452688309,0.0,0.0,60.96796094046933,0.0,0.0,0.0,0.0,37.07075907528906,-95.66261967192455,0.0,37.07075907528906,-95.66261967192457,0.9994747695158906,0.0,0.0,37.07075907528906,-95.66261967192457,0.9994747695158906,0.0,0.0,0.0,0.0,0.0,0.0,37.07075907528906,-95.66261967192457,1.0006028314436546,0.0,0.0,37.07075907528906,-95.66261967192457,10.994222464674797,0.0,0.0,37.07075907528906,-95.66261967192457,4.9973738475794525,0.0,0.0,37.07075907528906,-95.66261967192457,1.9989495390317813,0.0,0.0,37.07075907528906,-95.66261967192457,0.0,0.0,37.07075907528906,-95.66261967192457,0.0,0.0,37.07075907528906,-95.66261967192457,0.0,0.0,37.07075907528906,-95.66261967192455,36.005549308477505,0.0,0.0,-4.4367368753432554e+38,-1.4368491014098172e+39,4.933870265994089e+38,-1.7235258275496168e+39,2.2276712688618834e+36,1.4226953232407666e+37,2.380850233521762e+37,-3.690499707869424e+38,-3.9239186288124272e+37,-6.3647440279305294e+38,-2.0748843962097947e+30,-8.151818779312612e+29,-6.539477463610776,0.16269870518790946,22.994581453290113,-1.506598064199344e+48,3.799186425376195e+50,-1.0472843110455081e+46,1.81322736894606e+50,-2.2021467813494235e+41,-3.9330979897669624e+41,0.6706565242255933,0.3358268353194056,176.6115856358531,109.38600924853907,4.648786968604864,0.2424088313818999,221.0883644226446,33.69673344782054,1.113139326209155,1.8243485550533398,121.51753185009943,67.13731916396817,324.8949830388888,1.0393177817549004,43.24691043566958,90.39614253274725,10.781703856747221,142.49871356867453,215.52677952937108,50.347167475556255,7.9041973250956445,2.076266036794194,52.81419376549826,0.7652289437514291,41.31652104551982,1.322911941448471,183.89193662224608,217.2878982671753,1.8893637506286471,209.14625221508538,0.3869875668147282,514.8937881979515,1.1647739809596822,75.7778494544469,187.61683574070796,344.5209165228483,16.74524901331899,31.19149767453311,74.36189205361542,4.902370624513769,12.912411430441598,38.929833778980345,0.4430116914228612,55.0843942137616,49.83003780985623,2.0869690662533698,69.2858906931498,1.1440146387810122,196.79121960339634,50.7086451369,282.7443849185556,107.58496278200117,77.14171112350249,0.4858502732430457,146.18016223766367,0.686876544862435,1.8660722365284195,15.908420999887603,0.2632124556326052,0.1465306109036112,0.4997373847579453,2.0787351801477785,1.0005126638880817,0.5007629675000426,0.4997373847579453,0.9994747695158906,2.4986869237897262,0.9994747695158906,5.4971112323373985,0.9788441461055262,3.998197957978094,1.9791733750364917,100.82141444372384,31.347409399390095,1.4855390602858645,4.497636462821507,38.17798488759866,0.27587435300761,23696.516169690785,800.6645370728444,4553.5828966869185,529.4155708509658,154.21785182656893,6.05725610679544,66.70150161730571,0.9396877329351345,18.20444207764129,28.182008271710576,109.79274063669453,35.192228857827224,0.8457904588387439,0.7422114702345383,19.03857460803982,50.56725522830905,28.32218398905869,114.51963692740497,14.508510772269142,0.267904722614036,1.102366377845343,36.59644548456138,12.805023659113914,18.739697369706562,27.27846880099907,110.01184043273858,7.3102529967910845,1.2420810823669295,79.66765811922872,20.382066783413908,7.4685354156232835,12.030714818246832,3.442635317221401,0.5996848617095344,0.19989495390317816,3.0346705084109646,4.909085966198347,3.913193664133966,1.6763907309712271,1.7020344267127752,3.442779085759055,1.3953183006153251,380.70007169551565,0.47673599632228625,1.6670882096598998,0.3338067200720046
2020-03-07 12:00:00,0.1190154053632632,35.84305711826816,104.14134666748906,35.84305711826816,104.14134666748905,35.84305711826816,104.14134666748905,35.84305711826815,104.14134666748906,35.843057118268156,104.14134666748903,35.843057118268156,104.14134666748906,35.84305711826816,104.14134666748902,35.84305711826815,104.14134666748906,35.843057118268156,104.14134666748906,0.0,35.84305711826815,104.14134666748905,35.843057118268156,104.14134666748906,35.843057118268156,104.14134666748906,35.84305711826815,104.14134666748905,35.84305711826815,104.14134666748907,35.84305711826815,104.14134666748905,35.84305711826816,104.14134666748906,35.84305711826815,104.14134666748903,35.84305711826815,104.14134666748906,35.84305711826815,104.14134666748905,0.0,35.843057118268156,104.14134666748903,35.84305711826816,104.14134666748903,0.0,35.843057118268156,104.14134666748906,0.0,35.843057118268156,104.14134666748905,0.04024409550322343,35.84305711826816,104.14134666748907,0.0,35.84305711826816,104.14134666748902,0.0,37.07099980453426,-95.6632408836505,0.7720919191123858,-0.018230151493106583,-0.0006467679195279463,37.07099980453426,-95.6632408836505,0.9994812598822297,0.0,0.0,37.07099980453425,-95.6632408836505,0.0,-0.00129218216692914,37.07099980453427,-95.6632408836505,1.877527604141596,-0.0020440407935585075,-0.001420567616721817,37.07099980453426,-95.6632408836505,0.9961508251111206,0.0,-0.0004530406433075687,56.101248927330644,-106.29160466348694,0.0,-0.0021794400899401156,-25.2612871558049,133.70574147019659,4.9793502493434945,0.057562353481345724,-25.261287155804894,133.70574147019656,0.0,51.13914930342485,10.446104374171881,0.0,0.0,56.101248927330644,-106.29160466348695,-0.00019525809598894338,0.16793190391453194,-25.261287155804904,133.70574147019659,0.0,-25.261287155804897,133.70574147019659,0.0,37.07099980453425,-95.6632408836505,2.0000009600899182,0.0,37.07099980453426,-95.66324088365049,0.9994812598822297,0.0,0.0010892542798294764,37.07099980453426,-95.66324088365049,1.0127612833860775,0.002052292027268832,37.07099980453426,-95.6632408836505,0.9994812598822297,0.0,37.07099980453425,-95.6632408836505,1.5223013349344656,0.0,0.0,37.07099980453426,-95.6632408836505,0.9994812598822297,0.0,0.0,37.07099980453425,-95.6632408836505,0.0,37.07099980453426,-95.6632408836505,1.9989625197644594,0.0,0.0,56.10124892733065,-106.29160466348692,0.9994812598822297,0.0,56.101248927330644,-106.29160466348695,0.0,37.07099980453426,-95.66324088365049,0.9994812598822297,0.0,0.000929500920739837,0.0,0.0,60.968356852816,0.0,0.0,0.0,0.0,37.07099980453426,-95.66324088365047,0.0,37.07099980453426,-95.6632408836505,0.9994812598822297,0.0,0.0,37.07099980453426,-95.6632408836505,0.9994812598822297,0.0,0.0,0.0,0.0,0.0,0.0,37.07099980453426,-95.6632408836505,1.0006096642034537,0.0,0.0,37.07099980453426,-95.6632408836505,10.994293858704523,0.0,0.0,37.07099980453426,-95.6632408836505,4.997406299411146,0.0,0.0,37.07099980453426,-95.6632408836505,1.9989625197644594,0.0,0.0,37.07099980453426,-95.6632408836505,0.0,0.0,37.07099980453426,-95.6632408836505,0.0,0.0,37.07099980453426,-95.6632408836505,0.0,0.0,37.07099980453425,-95.6632408836505,36.00579345510437,0.0,0.0,-4.565830027254035e+38,-1.4786562638656214e+39,5.0768053531377814e+38,-1.773456673127998e+39,2.2875990878024427e+36,1.4609680383089742e+37,2.4477328148345926e+37,-3.7941728172995155e+38,-4.040113810032071e+37,-6.55321699480385e+38,-2.1347869906155396e+30,-8.387164466473818e+29,-6.539533423531519,0.162318817062737,22.997398524830096,-1.5504346716508688e+48,3.909249522602133e+50,-1.075457886495744e+46,1.8641643515561897e+50,-2.2657234826374557e+41,-4.043757286776963e+41,0.6704382939136855,0.3358012612210198,176.6025338110684,110.09720928602397,4.555040200015852,0.24430206568537127,220.92690986555263,34.29613365598702,1.111700689591011,1.8299640988883157,122.67627094706046,67.34984990673662,325.25578003833084,1.0434341085582177,43.23285724990306,90.52266973511911,10.782621790107953,142.4923391076808,215.15800279464113,49.8652802025586,7.933277729580083,2.0781111092736686,52.9334228513635,0.7662077192865676,41.29144456696158,1.318681681453825,183.12099771421308,216.87255188492202,1.8843153921072848,209.0458428042736,0.3859002018457164,515.534504020014,1.165723246196678,76.251654823511,188.4710037266397,344.9263266343327,16.9763060124145,31.17816821936647,74.48873472374954,4.891110154875587,12.875073408386053,38.945933229420504,0.44410767112696264,55.13851693367315,49.63380971625493,2.0934249078790415,70.04577747498887,1.1416181099465748,196.15801387363024,50.51114816815579,282.8776748379842,107.57723419044356,77.13560709023768,0.4856040993692661,146.5183878630724,0.6910681730574512,1.8727925416698,16.138938561930946,0.25985194196968403,0.14645860537832925,0.49974062994111484,2.076985319462243,1.0005197002076875,0.5007667759547493,0.49974062994111484,0.9994812598822297,2.498703149705573,0.9994812598822297,5.497146929352262,0.9652554966484707,3.9982232212666378,1.9788665100607261,100.8220928569436,31.347612962478415,1.48516987320171,4.497665669470033,38.17823280692145,0.2870503490540611,23667.73855525788,799.28114669051,4529.900543088057,528.6981733285759,152.8743641280438,6.070101669309543,66.70244897170056,0.9397091297366368,18.1852666666381,28.195468008917675,109.78365391776573,35.02871777139293,0.8435349137943595,0.7420956076848452,19.033849993859413,50.54700917364109,28.317010873662543,114.5277188382932,14.543766715388815,0.2687509410611258,1.1168690825274217,36.57105416855446,12.766252726017926,18.793653617971966,27.28102092522644,110.0108908993014,7.308979049699717,1.237779452798363,79.66824643802006,20.382311008479032,7.428165909781847,12.030792943026837,3.442657672927679,0.5996887559293378,0.1998962519764459,3.016650882259978,4.903899539671246,3.929238064274942,1.6754892283075316,1.7012609868358313,3.35577862396146,1.3908180630382165,380.6761962642167,0.47627663731822695,1.6670628117756208,0.33379077594669576
2020-03-07 13:00:00,0.11908783359219967,35.84328664687437,104.1420135586549,35.84328664687436,104.14201355865488,35.84328664687437,104.1420135586549,35.84328664687435,104.14201355865491,35.84328664687436,104.14201355865488,35.84328664687436,104.14201355865491,35.84328664687437,104.14201355865487,35.84328664687436,104.1420135586549,35.84328664687436,104.1420135586549,0.0,35.843286646874354,104.1420135586549,35.84328664687436,104.1420135586549,35.84328664687436,104.14201355865488,35.843286646874354,104.1420135586549,35.84328664687436,104.1420135586549,35.843286646874354,104.1420135586549,35.843286646874375,104.14201355865491,35.843286646874354,104.14201355865488,35.84328664687435,104.1420135586549,35.843286646874354,104.14201355865488,0.0,35.84328664687436,104.14201355865488,35.84328664687437,104.14201355865488,0.0,35.84328664687436,104.1420135586549,0.0,35.84328664687436,104.14201355865488,0.03963202866279002,35.84328664687437,104.1420135586549,0.0,35.84328664687437,104.14201355865485,0.0,37.07123719653148,-95.66385348347069,0.7661734719665905,-0.01870041025955005,-0.0006629302288726734,37.07123719653148,-95.66385348347069,0.9994876602721223,0.0,0.0,37.07123719653146,-95.66385348347069,0.0,-0.0013243390721869794,37.071237196531484,-95.66385348347069,1.8743216961337401,-0.0020993636263629406,-0.0014572269668559276,37.07123719653148,-95.66385348347069,0.9960844720376194,0.0,-0.0004620151850237217,56.10160818355787,-106.29228532428517,0.0,-0.0022106193611172997,-25.261448921806405,133.70659768322494,4.978333340516453,0.06005399077683434,-25.261448921806398,133.70659768322494,0.0,51.13947678379639,10.446171268013256,0.0,0.0,56.10160818355787,-106.2922853242852,-0.00019483759057473756,0.16527794633115656,-25.26144892180641,133.70659768322497,0.0,-25.2614489218064,133.70659768322494,0.0,37.07123719653147,-95.66385348347067,2.0000142977355484,0.0,37.07123719653148,-95.66385348347066,0.9994876602721223,0.0,0.0010896802526779211,37.07123719653148,-95.66385348347066,1.0127749995109414,0.0020534010820445828,37.07123719653148,-95.66385348347069,0.9994876602721223,0.0,37.07123719653147,-95.66385348347067,1.5271784898837313,0.0,0.0,37.07123719653148,-95.66385348347069,0.9994876602721223,0.0,0.0,37.07123719653147,-95.66385348347067,0.0,37.07123719653148,-95.66385348347069,1.9989753205442446,0.0,0.0,56.10160818355788,-106.29228532428516,0.9994876602721223,0.0,56.10160818355787,-106.29228532428519,0.0,37.07123719653148,-95.66385348347067,0.9994876602721223,0.0,0.0009301060966858455,0.0,0.0,60.96874727659946,0.0,0.0,0.0,0.0,37.07123719653148,-95.66385348347066,0.0,37.07123719653148,-95.66385348347069,0.9994876602721223,0.0,0.0,37.07123719653148,-95.66385348347069,0.9994876602721223,0.0,0.0,0.0,0.0,0.0,0.0,37.07123719653148,-95.66385348347069,1.000616399526133,0.0,0.0,37.07123719653148,-95.66385348347069,10.994364262993345,0.0,0.0,37.07123719653148,-95.66385348347069,4.997438301360611,0.0,0.0,37.07123719653148,-95.66385348347069,1.9989753205442446,0.0,0.0,37.07123719653148,-95.66385348347069,0.0,0.0,37.07123719653148,-95.66385348347069,0.0,0.0,37.07123719653148,-95.66385348347069,0.0,0.0,37.07123719653147,-95.66385348347067,36.006034192054074,0.0,0.0,-4.696120785870783e+38,-1.5208512744556725e+39,5.221061798748407e+38,-1.8238491026805655e+39,2.3480462827988615e+36,1.499572451278899e+37,2.5152179878879824e+37,-3.898779989952577e+38,-4.1574020955256826e+37,-6.74346301804206e+38,-2.195247107738334e+30,-8.624700552369208e+29,-6.539588504776406,0.16184060157801167,22.99970027581085,-1.594677954547792e+48,4.020330094321813e+50,-1.1038756336971929e+46,1.9155602609063736e+50,-2.329891902123897e+41,-4.155439726503789e+41,0.670258999611489,0.33578162364730174,176.56047688983358,110.73742571152471,4.452936155987622,0.24603937827116273,220.81765388678235,34.84868319914601,1.1105475356700123,1.8363070015496696,123.98517797240085,67.49571706089495,325.5466219936358,1.0467491994066014,43.148133393156044,90.66050326521749,10.783720848485995,142.50158492032855,214.75468360382035,49.337401401707524,7.953357004687295,2.0785857566815675,52.963818812089556,0.7670309827509771,41.27030605144745,1.3135040994912521,182.17192206741447,216.3476138952519,1.8808294073285239,208.96551201612516,0.3850119573869698,516.2579230330813,1.166357153739128,76.63748329583917,189.5871367199424,345.29085747248354,17.228114313243864,31.19464418742253,74.60515652565009,4.878796110733079,12.843718708847288,38.956761333886355,0.44484010501302473,55.18462057779154,49.50258781937226,2.100497096944257,70.87637142628542,1.1388515285400584,195.4264846786118,50.35322007190198,282.9669311152493,107.57111723402886,77.14246949695462,0.48539778915311743,146.82943363992067,0.6949224745026032,1.8801157137478406,16.3510008854852,0.2571543794586735,0.14615059478604855,0.49974383013606116,2.07558387906821,1.0005266374634247,0.5007705306770835,0.49974383013606116,0.9994876602721223,2.4987191506803055,0.9994876602721223,5.497182131496673,0.951674897311352,3.9982481331793234,1.9785655061294598,100.8227616845326,31.34781370355603,1.484797177788997,4.49769447122455,38.17847728931966,0.2994026071980747,23631.27298439257,797.5194021244079,4499.372723876982,528.11244764945,151.77811011010363,6.086893205524449,66.70349561907649,0.9397335729974469,18.169799215322854,28.20997959970712,109.77377806810657,34.852331434218435,0.8411468378252084,0.7422167205656612,19.047509336895594,50.530051694314125,28.31067089176867,114.53739149977042,14.586670649222713,0.26978082691453015,1.134286441760342,36.54937164991122,12.733107928427637,18.839014160632697,27.28318338127326,110.01019330290168,7.307907643925296,1.2341402578050071,79.66896265331383,20.382823053956145,7.395192835504997,12.030869984757029,3.4426797187150875,0.5996925961632735,0.19989753205442445,2.9986382373762934,4.901803963336404,3.9469636011773357,1.6747435834314912,1.7006520487028367,3.2713714149677244,1.3863770364842867,380.65753814334096,0.4759093034671276,1.667045018696684,0.33377867921228116
2020-03-07 14:00:00,0.11929529244583045,35.84351289821955,104.14267092779879,35.84351289821955,104.14267092779878,35.84351289821955,104.1426709277988,35.84351289821954,104.14267092779882,35.843512898219544,104.14267092779879,35.843512898219544,104.14267092779882,35.84351289821955,104.14267092779878,35.843512898219544,104.1426709277988,35.84351289821955,104.14267092779879,0.0,35.843512898219544,104.1426709277988,35.843512898219544,104.14267092779879,35.843512898219544,104.14267092779879,35.84351289821954,104.1426709277988,35.843512898219544,104.1426709277988,35.84351289821954,104.1426709277988,35.84351289821956,104.14267092779882,35.84351289821955,104.14267092779879,35.84351289821954,104.14267092779879,35.84351289821954,104.1426709277988,0.0,35.843512898219544,104.14267092779879,35.84351289821955,104.14267092779879,0.0,35.843512898219544,104.1426709277988,0.0,35.84351289821955,104.14267092779879,0.03917014576437847,35.84351289821955,104.1426709277988,0.0,35.84351289821955,104.14267092779878,0.0,37.071471198992406,-95.66445733645297,0.7602051203788367,-0.019174583139774493,-0.000679222668804505,37.071471198992406,-95.66445733645297,0.9994939692758101,0.0,0.0,37.071471198992406,-95.66445733645297,0.0,-0.0013567534613995041,37.07147119899243,-95.66445733645297,1.8710880963014462,-0.002155168699291485,-0.0014941914519355781,37.07147119899242,-95.66445733645297,0.9960176522383309,0.0,-0.00047101772174962253,56.101962310243955,-106.29295626645559,0.0,-0.002240688325339038,-25.261608378076595,133.70744167105127,4.983629613532676,0.06303953359154851,-25.261608378076588,133.7074416710513,0.0,51.13979958832959,10.446237206729332,0.0,0.0,56.101962310243955,-106.2929562664556,-0.0001942934705171269,0.16326152690925272,-25.2616083780766,133.70744167105133,0.0,-25.26160837807659,133.70744167105127,0.0,37.07147119899241,-95.66445733645295,2.000027443437372,0.0,37.071471198992406,-95.66445733645294,0.9994939692758101,0.0,0.0010900974712907503,37.071471198992406,-95.66445733645294,1.012788510363676,0.0020544924464714377,37.071471198992406,-95.66445733645297,0.9994939692758101,0.0,37.071471198992406,-95.66445733645295,1.5335410719210592,0.0,0.0,37.071471198992406,-95.66445733645297,0.9994939692758101,0.0,0.0,37.07147119899241,-95.66445733645295,0.0,37.071471198992406,-95.66445733645297,1.9989879385516203,0.0,0.0,56.10196231024396,-106.29295626645558,0.9994939692758101,0.0,56.10196231024396,-106.2929562664556,0.0,37.071471198992406,-95.66445733645295,0.9994939692758101,0.0,0.0009307085058716958,0.0,0.0,60.96913212582441,0.0,0.0,0.0,0.0,37.071471198992406,-95.66445733645294,0.0,37.071471198992406,-95.66445733645297,0.9994939692758101,0.0,0.0,37.071471198992406,-95.66445733645297,0.9994939692758101,0.0,0.0,0.0,0.0,0.0,0.0,37.071471198992406,-95.66445733645297,1.0006230359894064,0.0,0.0,37.071471198992406,-95.66445733645297,10.99443366203391,0.0,0.0,37.071471198992406,-95.66445733645297,4.99746984637905,0.0,0.0,37.071471198992406,-95.66445733645297,1.9989879385516203,0.0,0.0,37.071471198992406,-95.66445733645297,0.0,0.0,37.071471198992406,-95.66445733645297,0.0,0.0,37.071471198992406,-95.66445733645297,0.0,0.0,37.07147119899241,-95.66445733645295,36.00627146686501,0.0,0.0,-4.827601340540466e+38,-1.5634316036791286e+39,5.366630877717749e+38,-1.8747000683059808e+39,2.4090086228571464e+36,1.5385058600394743e+37,2.583301409841026e+37,-4.004314494093369e+38,-4.275776705316145e+37,-6.935471100266326e+38,-2.2562622276946608e+30,-8.864417136864612e+29,-6.539642697533337,0.1612948493030609,23.001575308023266,-1.639325260599663e+48,4.132421422013741e+50,-1.1325355635531335e+46,1.9674117895403857e+50,-2.3946493653690784e+41,-4.2681413418472674e+41,0.6701121069365212,0.33576676247560183,176.4833173084659,111.29735930876495,4.345328285549111,0.2476038868450222,220.76023440769785,35.344480058947696,1.109738835486994,1.8433432076692473,125.43723943868474,67.57291006508069,325.7645769394556,1.0492294664726545,42.988432075932465,90.80894850397591,10.78504599889461,142.5265203307834,214.32681874828305,48.77698548671083,7.96620829792642,2.077646397387452,52.9025674825999,0.7676626748422978,41.25443295992526,1.3075557886050144,181.07747801496615,215.74767118548135,1.8788951846905895,208.90940984170135,0.3843392605654755,517.0601712966167,1.166664969279805,76.93188646026367,190.94976450723115,345.609041238881,17.4994001599764,31.241068219283925,74.71002962418616,4.865733452479607,12.817590038940306,38.96334180114714,0.4452796402845378,55.220868986251446,49.43587134976924,2.1079949132490494,71.75557703859103,1.1358312159373087,194.62790804089929,50.243100303065866,283.0106551012365,107.5663317720533,77.16249472097937,0.4852262880983124,147.10769252084975,0.6983698412623038,1.8880047393376678,16.54256986269067,0.2549993064096082,0.14559157556721983,0.49974698463790507,2.0745911971921394,1.000533474161561,0.5007742308611408,0.49974698463790507,0.9994939692758101,2.498734923189525,0.9994939692758101,5.497216831016955,0.9383390240162814,3.998272688254554,1.978272702582673,100.82342078324912,31.34801157840743,1.484420997767279,4.497722861741145,38.17871828094326,0.3128964269017525,23587.88484566995,795.4174105973202,4462.710975679542,527.6692581769685,150.94960077844627,6.107397441970612,66.70466757896705,0.9397618379902406,18.15739925874587,28.225181579653434,109.76337899558163,34.66764669535041,0.8387089329208044,0.7425783979121308,19.079793514476915,50.51596568240723,28.303269078481716,114.54850987069477,14.63653206131733,0.2709777928520582,1.1543659681217955,36.530989406766075,12.704970033487193,18.87378540825257,27.28500542790132,110.00971371005377,7.307012791198681,1.2310787950491053,79.6698067474041,20.383603395270004,7.371957640296786,12.030945926468085,3.4427014497277892,0.5996963815654861,0.19989879385516196,2.9809464402178687,4.9033664741207215,3.9663217197809297,1.674127638279784,1.7001756569133322,3.1908396699737143,1.3820786919356722,380.6431415885518,0.47561725130495147,1.6670332682422284,0.33376964948320936
2020-03-07 15:00:00,0.11963936858808925,35.84373582305369,104.14331863182571,35.843735823053684,104.1433186318257,35.843735823053684,104.14331863182572,35.84373582305367,104.14331863182572,35.843735823053684,104.1433186318257,35.843735823053684,104.14331863182574,35.84373582305369,104.1433186318257,35.84373582305368,104.14331863182572,35.843735823053684,104.14331863182571,0.0,35.84373582305368,104.14331863182572,35.84373582305368,104.14331863182571,35.843735823053684,104.14331863182571,35.84373582305367,104.14331863182572,35.84373582305368,104.14331863182572,35.84373582305368,104.14331863182572,35.84373582305369,104.14331863182574,35.843735823053684,104.14331863182571,35.84373582305367,104.14331863182571,35.84373582305367,104.14331863182571,0.0,35.84373582305368,104.14331863182571,35.843735823053684,104.14331863182571,0.0,35.843735823053684,104.14331863182572,0.0,35.843735823053684,104.14331863182571,0.038886788002934075,35.843735823053684,104.14331863182572,0.0,35.843735823053684,104.14331863182568,0.0,37.07170176097978,-95.6650523111516,0.7541873125962812,-0.019652633751257698,-0.0006956439116482527,37.07170176097978,-95.6650523111516,0.9995001855199587,0.0,0.0,37.07170176097978,-95.6650523111516,0.0,-0.0013894225697275026,37.0717017609798,-95.6650523111516,1.867827043218119,-0.00221145204366871,-0.001531458167913946,37.07170176097979,-95.6650523111516,0.9959504134193824,0.0,-0.00048003885175623706,56.102311230303165,-106.29361734394855,0.0,-0.002269271504237197,-25.261765489905272,133.7082732499577,4.995646264676787,0.06652171747530773,-25.261765489905265,133.7082732499577,0.0,51.14011764675688,10.446302175966673,0.0,0.0,56.102311230303165,-106.29361734394857,-0.00019360001746338267,0.16199024460131212,-25.261765489905276,133.70827324995773,0.0,-25.26176548990527,133.7082732499577,0.0,37.071701760979785,-95.66505231115158,2.000040394367679,0.0,37.07170176097978,-95.66505231115157,0.9995001855199587,0.0,0.0010905059048609816,37.07170176097978,-95.66505231115158,1.0128018132151453,0.002055565924657057,37.07170176097978,-95.6650523111516,0.9995001855199587,0.0,37.07170176097978,-95.66505231115158,1.540983376192035,0.0,0.0,37.07170176097978,-95.6650523111516,0.9995001855199587,0.0,0.0,37.071701760979785,-95.66505231115158,0.0,37.07170176097978,-95.6650523111516,1.9990003710399173,0.0,0.0,56.10231123030317,-106.29361734394854,0.9995001855199587,0.0,56.10231123030317,-106.29361734394855,0.0,37.07170176097978,-95.66505231115158,0.9995001855199587,0.0,0.0009313078850761167,0.0,0.0,60.96951131671748,0.0,0.0,0.0,0.0,37.07170176097978,-95.66505231115157,0.0,37.07170176097978,-95.6650523111516,0.9995001855199587,0.0,0.0,37.07170176097978,-95.6650523111516,0.9995001855199587,0.0,0.0,0.0,0.0,0.0,0.0,37.07170176097978,-95.6650523111516,1.0006295722090959,0.0,0.0,37.07170176097978,-95.6650523111516,10.994502040719544,0.0,0.0,37.07170176097978,-95.6650523111516,4.997500927599793,0.0,0.0,37.07170176097978,-95.6650523111516,1.9990003710399173,0.0,0.0,37.07170176097978,-95.6650523111516,0.0,0.0,37.07170176097978,-95.6650523111516,0.0,0.0,37.07170176097978,-95.6650523111516,0.0,0.0,37.071701760979785,-95.6650523111516,36.00650522844357,0.0,0.0,-4.960263493757464e+38,-1.6063945967518824e+39,5.5135034363891015e+38,-1.926006372400132e+39,2.4704816954849664e+36,1.5777654465660875e+37,2.6519785364539075e+37,-4.110769285803317e+38,-4.395230512019201e+37,-7.129229680590602e+38,-2.317829850757764e+30,-9.106304399017791e+29,-6.53969599229526,0.16071733803851662,23.00309903034128,-1.684373806151243e+48,4.245516457164965e+50,-1.1614356016398752e+46,2.0197154766189386e+50,-2.4599932193261475e+41,-4.3818580493295204e+41,0.6699920055663886,0.3357557247159561,176.37045418069255,111.77301529832783,4.2352606859414195,0.24898371272620878,220.7517937229853,35.77486365952447,1.109315102160465,1.8510203379497951,127.02165321116118,67.58424353146525,325.91172728659836,1.0508987716736413,42.75259981829748,90.96687107944824,10.786654839333476,142.5673296595521,213.8863306933654,48.200052391538456,7.973772466650769,2.0752997281092944,52.7501107985764,0.7680802588356717,41.244819894098235,1.301073440196604,179.88150048008575,215.11287327357735,1.878428055100836,208.88038728747455,0.38389201913122717,517.9352906911956,1.1666588785425425,77.1377795819216,192.53847166996547,345.8784798235773,17.788083226913255,31.317802016329747,74.80256043256576,4.852285884347856,12.795993874181434,38.96679860342223,0.4455038430530189,55.24613747435433,49.43006350920383,2.115714067651105,72.65970291787494,1.1326962022397367,193.79963297348536,50.186451165775765,283.01054772093835,107.56263934582925,77.19501743152959,0.4850849674523525,147.34828253693752,0.701349666954354,1.896399169028054,16.71219921990606,0.25328578869500135,0.14477725075897543,0.49975009275997934,2.0740476492366393,1.0005402088477193,0.500777875722308,0.49975009275997934,0.9995001855199587,2.4987504637998965,0.9995001855199587,5.497251020359772,0.9254499979524589,3.9982968811724207,1.977991106204808,100.82407001364308,31.34820654395954,1.4840413582582808,4.497750834839815,38.17895572933356,0.32745925427705086,23538.82377240758,793.0370664780637,4421.056829934293,527.3751574291232,150.40123655214896,6.131306709171353,66.70599821701472,0.9397949184149774,18.147521663555864,28.240692816152226,109.75273709337313,34.47949618122665,0.8363083066872734,0.7431684840984071,19.12973306072238,50.50436916243121,28.29493447649273,114.56089582425403,14.692502556919727,0.2723214621980444,1.1767942961535687,36.51551319383066,12.68124144919891,18.896721497615303,27.286532653713788,110.00942070129761,7.306270438150108,1.2285166700813468,79.67078656774777,20.384668171424188,7.360197170673791,12.031020751629134,3.4427228612354126,0.5997001113119753,0.1999000371039917,2.963843593579448,4.9089704281912185,3.9872093070133694,1.673618933681605,1.6998055639898235,3.1152754158949594,1.3779968955152582,380.6322057087915,0.4753864513779227,1.6670262915472012,0.33376305301362136
2020-03-07 16:00:00,0.12012245239578595,35.843955373430255,104.14395653142793,35.84395537343026,104.14395653142792,35.843955373430255,104.14395653142793,35.84395537343025,104.14395653142795,35.84395537343025,104.14395653142792,35.843955373430255,104.14395653142795,35.84395537343026,104.1439565314279,35.843955373430255,104.14395653142793,35.84395537343026,104.14395653142793,0.0,35.843955373430255,104.14395653142793,35.84395537343025,104.14395653142792,35.84395537343025,104.1439565314279,35.84395537343025,104.14395653142793,35.843955373430255,104.14395653142793,35.84395537343025,104.14395653142793,35.84395537343026,104.14395653142795,35.84395537343026,104.14395653142792,35.84395537343025,104.14395653142793,35.84395537343025,104.14395653142793,0.0,35.843955373430255,104.14395653142792,35.843955373430255,104.14395653142792,0.0,35.84395537343026,104.14395653142793,0.0,35.84395537343026,104.14395653142792,0.03879926911200679,35.84395537343026,104.14395653142793,0.0,35.84395537343026,104.1439565314279,0.0,37.07192883290448,-95.66563827959985,0.7481205169850487,-0.020134524100888784,-0.0007121925725298364,37.07192883290448,-95.66563827959985,0.999506307667583,0.0,0.0,37.071928832904476,-95.66563827959985,0.0,-0.0014223434809542204,37.0719288329045,-95.66563827959985,1.8645387880711146,-0.0022682094843292228,-0.0015690240600311836,37.07192883290449,-95.66563827959985,0.9958828169339847,0.0,-0.0004890664681060641,56.102654868690024,-106.29426841457997,0.0,-0.002295887441856881,-25.261920223500944,133.70909224108874,5.014465861189601,0.07048092459882606,-25.261920223500937,133.70909224108877,0.0,51.14043089067048,10.446366161751744,0.0,0.0,56.102654868690024,-106.29426841458,-0.00019272384423890524,0.16152833507680764,-25.261920223500947,133.70909224108877,0.0,-25.261920223500944,133.70909224108874,0.0,37.07192883290448,-95.66563827959983,2.000053147774375,0.0,37.07192883290448,-95.66563827959982,0.999506307667583,0.0,0.0010909055247705756,37.07192883290448,-95.66563827959983,1.0128149054132936,0.002056621326847448,37.07192883290448,-95.66563827959985,0.999506307667583,0.0,37.07192883290448,-95.66563827959983,1.548986575385859,0.0,0.0,37.07192883290448,-95.66563827959985,0.999506307667583,0.0,0.0,37.07192883290448,-95.66563827959983,0.0,37.07192883290448,-95.66563827959985,1.999012615335166,0.0,0.0,56.10265486869003,-106.29426841457997,0.999506307667583,0.0,56.10265486869003,-106.29426841457999,0.0,37.07192883290448,-95.66563827959983,0.999506307667583,0.0,0.0009319039750803506,0.0,0.0,60.96988476772256,0.0,0.0,0.0,0.0,37.07192883290448,-95.66563827959982,0.0,37.07192883290448,-95.66563827959985,0.999506307667583,0.0,0.0,37.07192883290448,-95.66563827959985,0.999506307667583,0.0,0.0,0.0,0.0,0.0,0.0,37.07192883290448,-95.66563827959985,1.0006360068390427,0.0,0.0,37.07192883290448,-95.66563827959985,10.994569384343412,0.0,0.0,37.07192883290448,-95.66563827959985,4.997531538337914,0.0,0.0,37.07192883290448,-95.66563827959985,1.999012615335166,0.0,0.0,37.07192883290448,-95.66563827959985,0.0,0.0,37.07192883290448,-95.66563827959985,0.0,0.0,37.07192883290448,-95.66563827959985,0.0,0.0,37.07192883290448,-95.66563827959985,36.006735427061244,0.0,0.0,-5.0940986564995825e+38,-1.649737472096091e+39,5.661669887404735e+38,-1.9777646658563044e+39,2.5324609045743133e+36,1.6173482755687752e+37,2.7212446196862765e+37,-4.218137005257195e+38,-4.515756036628204e+37,-7.324726627784143e+38,-2.3799475206780617e+30,-9.350352688700019e+29,-6.53974837985918,0.16014633427003178,23.004335102348875,-1.7298206745985727e+48,4.359607817303651e+50,-1.1905735872114352e+46,2.0724677060907328e+50,-2.525920857092269e+41,-4.496585640458405e+41,0.66989392061259,0.3357477320982229,176.22276738227964,112.16555820021225,4.125876607811674,0.2501717539444189,220.78711404312804,36.132654316719304,1.109295794240117,1.8592646967318271,128.7232106843165,67.53711806685197,325.994791249733,1.0518340893587093,42.442600653746624,91.13265961640442,10.78862023951428,142.62429068755324,213.44647606781808,47.62439669326782,7.977960139432737,2.0716010349807203,52.51003754639539,0.7682761266444159,41.24207443764122,1.2943421080135582,178.636693049206,214.48613223700877,1.879273329824138,208.87981364553661,0.38367338199738393,518.874898554827,1.1663728834841731,77.2639508880371,194.3274337498575,346.0997637392061,18.091208299449445,31.425385099950066,74.88227445498565,4.838857810007768,12.77830657915731,38.96824190232222,0.4455893263029381,55.260085552555395,49.47864100755009,2.1234423662740243,73.56412201104277,1.1296007723495822,192.98308629629634,50.18599676502042,282.97135538645665,107.55983861836069,77.23856284600785,0.4849696647663638,147.54718117054804,0.7038120149418337,1.9052131322394545,16.859005948893984,0.2519298502347684,0.1437139161429543,0.4997531538337915,2.0739713563733546,1.0005468401067907,0.5007814644972154,0.4997531538337915,0.999506307667583,2.498765769168957,0.999506307667583,5.497284692171706,0.9131724704206795,3.998320706754401,1.977724571943147,100.82470924004733,31.3483985582793,1.4836582858721747,4.497778384504124,38.17918958342033,0.3429755166431789,23485.756268292724,790.460728598311,4375.921176715935,527.232227701984,150.1370052607186,6.158231971427028,66.7075297779739,0.9398340719888286,18.13970619711878,28.256123466305958,109.74213917177468,34.29282884597456,0.8340340262297472,0.7439600336347446,19.195222484583063,50.49491863829425,28.285819992800384,114.57433834465034,14.753576813111557,0.2737876915197779,1.2011974931364404,36.50257109143351,12.661358426278884,18.907402045814088,27.287806562874657,110.00928565399462,7.305658684565409,1.2263825079646868,79.67191816031934,20.386049864941775,7.360946039812715,12.031094444146834,3.4427439486327853,0.5997037846005498,0.19990126153351656,2.9475482283043637,4.91878531451076,4.009461326440281,1.6731983548651792,1.699520337122432,3.0455770416589756,1.3741950687577384,380.62406409206443,0.47520523112765695,1.6670230633353598,0.3337583778338886
2020-03-07 17:00:00,0.12074743286365851,35.844171502703475,104.14458449107693,35.84417150270348,104.14458449107693,35.844171502703475,104.14458449107694,35.84417150270347,104.14458449107694,35.84417150270347,104.14458449107693,35.844171502703475,104.14458449107696,35.84417150270348,104.14458449107691,35.844171502703475,104.14458449107694,35.844171502703475,104.14458449107694,0.0,35.844171502703475,104.14458449107694,35.84417150270347,104.14458449107693,35.84417150270347,104.14458449107691,35.84417150270347,104.14458449107694,35.844171502703475,104.14458449107694,35.84417150270346,104.14458449107694,35.84417150270348,104.14458449107696,35.84417150270348,104.14458449107693,35.84417150270346,104.14458449107693,35.84417150270346,104.14458449107693,0.0,35.844171502703475,104.14458449107693,35.84417150270347,104.14458449107693,0.0,35.844171502703475,104.14458449107694,0.0,35.84417150270348,104.14458449107693,0.0389129079583036,35.84417150270348,104.14458449107694,0.0,35.84417150270348,104.14458449107691,0.0,37.07215236652269,-95.66621511730256,0.7420052229763368,-0.02062021450468443,-0.0007288672060411713,37.07215236652269,-95.66621511730256,0.999512334417968,0.0,0.0,37.07215236652269,-95.66621511730256,0.0,-0.0014555131076485206,37.07215236652271,-95.66621511730256,1.8612235957601868,-0.002325436623778279,-0.0016068859076595887,37.0721523665227,-95.66621511730254,0.9958149418917172,0.0,-0.0004980849369719959,56.10299315239494,-106.29490934002307,0.0,-0.0023199205525174654,-25.26207254598883,133.70989847044115,5.039827029736236,0.07487363059716791,-25.26207254598882,133.70989847044117,0.0,51.140739253518426,10.446429150490092,0.0,0.0,56.10299315239494,-106.29490934002308,-0.0001916216687176211,0.16189280292686375,-25.26207254598883,133.70989847044117,0.0,-25.262072545988826,133.70989847044115,0.0,37.072152366522694,-95.66621511730254,2.000065700980813,0.0,37.07215236652269,-95.66621511730251,0.999512334417968,0.0,0.0010912963045764928,37.07215236652269,-95.66621511730253,1.0128277843829487,0.0020576584694073736,37.07215236652269,-95.66621511730256,0.999512334417968,0.0,37.07215236652269,-95.66621511730254,1.5569474265368886,0.0,0.0,37.07215236652269,-95.66621511730256,0.999512334417968,0.0,0.0,37.072152366522694,-95.66621511730253,0.0,37.07215236652269,-95.66621511730256,1.999024668835936,0.0,0.0,56.10299315239494,-106.29490934002305,0.999512334417968,0.0,56.10299315239494,-106.29490934002307,0.0,37.07215236652269,-95.66621511730254,0.999512334417968,0.0,0.0009324965206629551,0.0,0.0,60.97025239949606,0.0,0.0,0.0,0.0,37.07215236652269,-95.66621511730251,0.0,37.07215236652269,-95.66621511730256,0.999512334417968,0.0,0.0,37.07215236652269,-95.66621511730256,0.999512334417968,0.0,0.0,0.0,0.0,0.0,0.0,37.07215236652269,-95.66621511730256,1.0006423385710161,0.0,0.0,37.07215236652269,-95.66621511730256,10.994635678597648,0.0,0.0,37.07215236652269,-95.66621511730256,4.99756167208984,0.0,0.0,37.07215236652269,-95.66621511730256,1.999024668835936,0.0,0.0,37.07215236652269,-95.66621511730256,0.0,0.0,37.07215236652269,-95.66621511730256,0.0,0.0,37.07215236652269,-95.66621511730256,0.0,0.0,37.072152366522694,-95.66621511730256,36.00696201435153,0.0,0.0,-5.229097843564549e+38,-1.6934573198299663e+39,5.811120204553839e+38,-2.0299714462650215e+39,2.5949414682662368e+36,1.657251293128192e+37,2.791094705284234e+37,-4.326409972982993e+38,-4.637345444306932e+37,-7.521949233446823e+38,-2.442612849336175e+30,-9.596552623453117e+29,-6.539799851325146,0.15961994858347764,23.005336858796714,-1.7756628148054588e+48,4.474687782031174e+50,-1.2199472721956077e+46,2.1256647048545326e+50,-2.5924297440735273e+41,-4.6123197712264616e+41,0.6698138210930301,0.3357421525412194,176.0425116549813,112.4807666279196,4.020317039134387,0.2511650463996273,220.8588922296145,36.412343575877614,1.1096779706804931,1.867978988002222,130.521825301687,67.44295316563787,326.02439200595336,1.0521571330391073,42.0632912355569,91.30420717686242,10.791033530398051,142.69773917966702,213.02118353496587,47.06870278994256,7.9804594213981055,2.0666498494982015,52.188802077673536,0.7682579410232874,41.24638320412066,1.2876810221516328,177.4019750942249,213.91015935329088,1.8812144579142447,208.90748184424817,0.3836797031561643,519.8679278984577,1.1658601436946554,77.3241219901173,196.28505819225623,346.2761602088741,18.404911235755748,31.564466968593546,74.94897361148348,4.825874133909126,12.763977265994775,38.96865713730254,0.44560409609567037,55.26317340719341,49.57249665621083,2.1309667283415346,74.44409051261732,1.1267063248650608,192.22159334093286,50.241336315571395,282.900498864181,107.55776087457605,77.29094518908514,0.4848767027222303,147.70133037798777,0.7057189221526305,1.914334348138668,16.982592527775054,0.250862085695947,0.14241770270698215,0.499756167208984,2.074356951980711,1.0005533665628439,0.500784996443688,0.499756167208984,0.999512334417968,2.49878083604492,0.999512334417968,5.497317839298824,0.9016330006299249,3.9983441599630485,1.9774780281521518,100.82533833056893,31.348587580571238,1.4832718088193648,4.497805504880857,38.17941979351882,0.35928278706924677,23430.67084524042,787.7865481321576,4329.099251398705,527.238057203984,150.152433856566,6.18769743012701,66.70931523783754,0.9398808755265078,18.13356723515109,28.27108699978577,109.73186960579952,34.11255649325118,0.83197437535882,0.7449131101554932,19.273159850817795,50.48731064690162,28.276101135741605,114.5885952667471,14.81860089092789,0.2753487699544449,1.2271443044365349,36.49181887406125,12.644799196540875,18.906251084385683,27.288864400828075,110.00928286067708,7.305157875147351,1.2246122524629903,79.67322643400313,20.387798641665015,7.374475235363388,12.031166988364433,3.4427647074396672,0.5997074006507809,0.19990246688359362,2.932228526436705,4.932747345436125,4.032845353613446,1.6728497652411198,1.6993025718959311,2.9824552307455425,1.3707259884610583,380.61816587603613,0.47506394310075617,1.667022759217693,0.3337552123998625
2020-03-07 18:00:00,0.12151727729744105,35.84438416552544,104.14520237901525,35.84438416552544,104.14520237901522,35.84438416552543,104.14520237901525,35.84438416552543,104.14520237901525,35.84438416552543,104.14520237901522,35.84438416552544,104.14520237901526,35.84438416552545,104.14520237901522,35.84438416552544,104.14520237901525,35.84438416552544,104.14520237901523,0.0,35.84438416552543,104.14520237901525,35.84438416552543,104.14520237901525,35.84438416552543,104.14520237901522,35.844384165525426,104.14520237901525,35.84438416552543,104.14520237901525,35.844384165525426,104.14520237901525,35.84438416552545,104.14520237901526,35.84438416552544,104.14520237901522,35.84438416552543,104.14520237901523,35.84438416552543,104.14520237901523,0.0,35.84438416552544,104.14520237901523,35.84438416552544,104.14520237901523,0.0,35.84438416552543,104.14520237901525,0.0,35.84438416552544,104.14520237901525,0.039220668377702994,35.84438416552544,104.14520237901525,0.0,35.84438416552544,104.14520237901522,0.0,37.072372314932935,-95.66678270322853,0.7358419422778653,-0.021109663484557117,-0.000745666301907269,37.072372314932935,-95.66678270322853,0.999518264506591,0.0,0.0,37.072372314932935,-95.66678270322853,0.0,-0.0014889281648255773,37.072372314932956,-95.66678270322853,1.8578817463406683,-0.0023831288214966745,-0.0016450403042926748,37.07237231493295,-95.66678270322853,0.9957468904596485,0.0,-0.0005070740375884633,56.10332601043975,-106.29553998579986,0.0,-0.0023405862239781056,-25.262222425408858,133.71069176885317,5.071120658347932,0.07963187653129841,-25.262222425408854,133.7106917688532,0.0,51.141042670600505,10.446491128965516,0.0,0.0,56.10332601043975,-106.29553998579988,-0.00019023748605191443,0.16305196130365168,-25.26222242540886,133.71069176885322,0.0,-25.262222425408854,133.71069176885317,0.0,37.072372314932935,-95.66678270322853,2.0000780513856276,0.0,37.072372314932935,-95.6667827032285,0.999518264506591,0.0,0.0010916782199968484,37.072372314932935,-95.66678270322852,1.0128404476256212,0.002058677174800714,37.072372314932935,-95.66678270322853,0.999518264506591,0.0,37.072372314932935,-95.66678270322852,1.5642125752939968,0.0,0.0,37.072372314932935,-95.66678270322853,0.999518264506591,0.0,0.0,37.07237231493294,-95.66678270322852,0.0,37.072372314932935,-95.66678270322853,1.999036529013182,0.0,0.0,56.10332601043976,-106.29553998579985,0.999518264506591,0.0,56.10332601043976,-106.29553998579986,0.0,37.072372314932935,-95.66678270322853,0.999518264506591,0.0,0.0009330852705989609,0.0,0.0,60.97061413490206,0.0,0.0,0.0,0.0,37.072372314932935,-95.6667827032285,0.0,37.072372314932935,-95.66678270322853,0.999518264506591,0.0,0.0,37.072372314932935,-95.66678270322853,0.999518264506591,0.0,0.0,0.0,0.0,0.0,0.0,37.072372314932935,-95.66678270322853,1.0006485661346212,0.0,0.0,37.072372314932935,-95.66678270322853,10.9947009095725,0.0,0.0,37.072372314932935,-95.66678270322853,4.997591322532955,0.0,0.0,37.072372314932935,-95.66678270322853,1.999036529013182,0.0,0.0,37.072372314932935,-95.66678270322853,0.0,0.0,37.072372314932935,-95.66678270322853,0.0,0.0,37.072372314932935,-95.66678270322853,0.0,0.0,37.07237231493294,-95.66678270322853,36.00718494330695,0.0,0.0,-5.3652516689135206e+38,-1.73755110025978e+39,5.9618439176239e+38,-2.0826230561159765e+39,2.657918416792194e+36,1.6974713253170716e+37,2.8615236303543805e+37,-4.435580186101559e+38,-4.7599905401974575e+37,-7.720884205210043e+38,-2.5058235423978273e+30,-9.844895189282077e+29,-6.539850398095244,0.15917353301903908,23.0061486682714,-1.8218970395223037e+48,4.590748289058443e+50,-1.249554320179138e+46,2.1793025409118453e+50,-2.6595174452133676e+41,-4.729055949938896e+41,0.6697483296702494,0.33573847536674184,175.83313348270997,112.7281293164487,3.92161482943156,0.2519637945710179,220.95814355961636,36.61023630725947,1.1104362638646372,1.8770410487666318,132.39227122683525,67.31633641864013,326.01403285370054,1.052022613756598,41.62203363111755,91.47891677852144,10.794008298768274,142.78802001143478,212.62436830793453,46.55162884257756,7.982565573755432,2.0605833293025078,51.79529560255642,0.768047875968347,41.25749919666871,1.2814280163532943,176.23957137610006,213.42454894868987,1.8839850008158534,208.96160655460588,0.3839007117433312,520.9004833379003,1.165188973084494,77.3356339774706,198.3738184662322,346.4130941570435,18.724429089556242,31.73571368162322,75.00267148834799,4.81375935013679,12.752528212375413,38.96880667656108,0.44560076468396864,55.256620127358325,49.70044246721773,2.1380813317558323,75.27569893447782,1.1241730847464444,191.55815905841183,50.34894107472796,282.80751442397224,107.55626572937831,77.34940798631067,0.4848028916974401,147.80871285239186,0.7070453458565198,1.9236244197391787,17.082929874707244,0.25002548906106487,0.1409132666498112,0.4997591322532955,2.0751754382148064,1.0005597868790357,0.500788470840696,0.4997591322532955,0.999518264506591,2.4987956612664775,0.999518264506591,5.49735045478625,0.8909213644395311,3.998367235901686,1.9772577558040507,100.82595715708035,31.348773571175013,1.4828819570563894,4.49783219027966,38.17964631132671,0.3761698294132396,23375.76356009303,785.1228338913255,4282.5682122753515,527.3858525349688,150.43479741155127,6.219138031279835,66.71142050769082,0.9399372904805754,18.12878394469693,28.285212639754093,109.72220117488469,33.943394422286474,0.8302139392061163,0.7459773497835818,19.35964553287163,50.48128196980402,28.26597332329692,114.60339698451749,14.886289937290393,0.276973844043786,1.2541531065650775,36.48294313434465,12.631088708671912,18.89449507583097,27.289739166002413,110.00938951982975,7.304750593239432,1.223149145579339,79.67474616349571,20.389984365747324,7.400269135976311,12.03123836906082,3.4427851333004793,0.5997109587039546,0.1999036529013182,2.9180040987995577,4.950551636560631,4.057058802996657,1.6725596451748344,1.6991382092206688,2.926446283225299,1.36763212170087,380.6140585302965,0.47495466316012475,1.6670247194022416,0.3337532274478255
2020-03-07 19:00:00,0.1224345040510898,35.84459331784326,104.14581006724801,35.84459331784326,104.14581006724796,35.844593317843255,104.145810067248,35.844593317843255,104.145810067248,35.844593317843255,104.14581006724796,35.84459331784326,104.14581006724801,35.84459331784327,104.145810067248,35.84459331784326,104.145810067248,35.84459331784326,104.145810067248,0.0,35.844593317843255,104.145810067248,35.844593317843255,104.145810067248,35.844593317843255,104.14581006724798,35.84459331784325,104.145810067248,35.844593317843255,104.145810067248,35.844593317843255,104.145810067248,35.84459331784327,104.14581006724801,35.84459331784326,104.14581006724798,35.844593317843255,104.14581006724798,35.844593317843255,104.14581006724798,0.0,35.84459331784326,104.14581006724801,35.84459331784326,104.14581006724798,0.0,35.84459331784326,104.145810067248,0.0,35.84459331784326,104.145810067248,0.039703416526105345,35.84459331784326,104.145810067248,0.0,35.84459331784326,104.14581006724798,0.0,37.07258863257312,-95.66734091980295,0.7296312104436709,-0.02160282763409982,-0.0007625882793064788,37.07258863257312,-95.66734091980295,0.9995240967050397,0.0,0.0,37.07258863257312,-95.66734091980295,0.0,-0.0015225851349174244,37.072588632573144,-95.66734091980295,1.8545135369286045,-0.002441281166739251,-0.0016834836310284165,37.07258863257314,-95.66734091980295,0.9956787946763567,0.0,-0.0005160075996246058,56.10365337387327,-106.29616022127271,0.0,-0.002356887810947436,-25.262369830713666,133.71147197199386,5.107402372478833,0.08466390720158617,-25.262369830713663,133.7114719719939,0.0,51.14134107906419,10.44655208433924,0.0,0.0,56.10365337387327,-106.29616022127274,-0.00018849899240197011,0.16492642789337522,-25.26236983071367,133.7114719719939,0.0,-25.262369830713666,133.71147197199386,0.0,37.07258863257313,-95.66734091980294,2.0000901964625597,0.0,37.07258863257312,-95.66734091980292,0.9995240967050397,0.0,0.0010920512488971027,37.07258863257312,-95.66734091980294,1.012852892719304,0.0020596772715706733,37.07258863257312,-95.66734091980295,0.9995240967050397,0.0,37.07258863257313,-95.66734091980294,1.57011640228591,0.0,0.0,37.07258863257312,-95.66734091980295,0.9995240967050397,0.0,0.0,37.07258863257313,-95.66734091980294,0.0,37.07258863257312,-95.66734091980295,1.9990481934100794,0.0,0.0,56.10365337387327,-106.29616022127271,0.9995240967050397,0.0,56.10365337387327,-106.29616022127273,0.0,37.07258863257312,-95.66734091980295,0.9995240967050397,0.0,0.0009336699776620588,0.0,0.0,60.970969899007436,0.0,0.0,0.0,0.0,37.07258863257312,-95.66734091980292,0.0,37.07258863257312,-95.66734091980295,0.9995240967050397,0.0,0.0,37.07258863257312,-95.66734091980295,0.9995240967050397,0.0,0.0,0.0,0.0,0.0,0.0,37.07258863257312,-95.66734091980295,1.0006546882972063,0.0,0.0,37.07258863257312,-95.66734091980295,10.994765063755437,0.0,0.0,37.07258863257312,-95.66734091980295,4.997620483525198,0.0,0.0,37.07258863257312,-95.66734091980295,1.9990481934100794,0.0,0.0,37.07258863257312,-95.66734091980295,0.0,0.0,37.07258863257312,-95.66734091980295,0.0,0.0,37.07258863257312,-95.66734091980295,0.0,0.0,37.07258863257313,-95.66734091980295,36.00740416827593,0.0,0.0,-5.502550341005886e+38,-1.7820156423688616e+39,6.113830107240331e+38,-2.1357156809951272e+39,2.721386590271727e+36,1.7380050767938243e+37,2.932526020909424e+37,-4.545639314522154e+38,-4.883682765234847e+37,-7.921517659947791e+38,-2.56957742554724e+30,-1.0095371843721476e+30,-6.539900011872591,0.15883729458136028,23.006807195514828,-1.8685200238018326e+48,4.707780930231641e+50,-1.2793923053724347e+46,2.233377121497495e+50,-2.7271816528349325e+41,-4.84678952357742e+41,0.6696946365913252,0.335736290015373,175.5990293832842,112.91966020907844,3.8325899361338602,0.25257019892834587,221.07471601106062,36.724548766332774,1.1115241771752344,1.8863038958175598,134.3041933141314,67.17395598667218,325.97886292714503,1.0516040988401392,41.12818501781432,91.65373559938192,10.797684839204278,142.89542585893338,212.26926531833726,46.0909152440843,7.985047012456042,2.0535679339598114,51.3403070011298,0.7676808094624448,41.27475083996602,1.2759235923607546,175.21203450440225,213.06310464329235,1.8872838749174379,209.0389155098747,0.38431989245900877,521.9558464132784,1.1644378092338203,77.31786735552078,200.5503672309657,346.5174668646429,19.04416284617509,31.93969069585353,75.04351500805397,4.802917200301543,12.743553583661758,38.96915228355114,0.4456112000727332,55.242306522795964,49.84985029042875,2.1445964875131134,76.03690863582014,1.1221521536338606,191.0333388443207,50.50233582960287,282.70335157489353,107.55523714005722,77.4107994987854,0.48474552102388296,147.86840215503744,0.7077797860279239,1.932920656777757,17.16021646514784,0.2493735131763815,0.1392320602961056,0.49976204835251986,2.076375138581721,1.0005660997575194,0.5007918869883055,0.49976204835251986,0.9995240967050397,2.498810241762599,0.9995240967050397,5.497382531877719,0.881093370107511,3.9983899298140884,1.9770717325882678,100.82656559521051,31.34895649156285,1.4824887624774652,4.49785843517268,38.179869089921056,0.3933770566386465,23323.312577858982,782.5818783472687,4238.374939625332,527.6646902929666,150.96359073937919,6.251901169893043,66.7139270196626,0.9400057398449279,18.125091163277425,28.29815755931152,109.71338608246592,33.78970456911645,0.8288306485149457,0.7470951665723753,19.450230724949144,50.476608911879424,28.255647547339684,114.61845242495292,14.95525669251234,0.2786296020622251,1.2817030982799673,36.475662596251134,12.619800618955724,18.874063006986045,27.290459759030647,110.00958563216096,7.304421582044115,1.2219434706907646,79.67652334020947,20.39269930916264,7.43704178143823,12.031308571449554,3.4428052219840253,0.5997144580230239,0.19990481934100796,2.904949758276817,4.971656606260759,4.081729611850809,1.6723167475246483,1.6990159487680363,2.877930581185514,1.364946365784505,380.6113724701059,0.47487092079818777,1.6670284181404056,0.3337521607176831
2020-03-07 20:00:00,0.12350056156014655,35.84479891689617,104.14640743153453,35.84479891689616,104.1464074315345,35.84479891689615,104.14640743153451,35.84479891689616,104.14640743153453,35.84479891689616,104.1464074315345,35.84479891689617,104.14640743153454,35.844798916896174,104.14640743153451,35.84479891689617,104.14640743153453,35.84479891689616,104.14640743153451,0.0,35.84479891689615,104.14640743153453,35.84479891689616,104.14640743153453,35.84479891689616,104.14640743153451,35.84479891689615,104.14640743153451,35.84479891689615,104.14640743153453,35.84479891689615,104.14640743153451,35.844798916896174,104.14640743153454,35.84479891689616,104.1464074315345,35.84479891689615,104.14640743153451,35.84479891689615,104.1464074315345,0.0,35.84479891689617,104.14640743153453,35.84479891689616,104.14640743153451,0.0,35.84479891689616,104.14640743153451,0.0,35.84479891689616,104.14640743153453,0.040330785897379415,35.84479891689617,104.14640743153453,0.0,35.84479891689617,104.14640743153451,0.0,37.07280127521754,-95.66788965289953,0.723373588925142,-0.022099661442762097,-0.0007796314793814124,37.07280127521754,-95.66788965289953,0.9995298298209326,0.0,0.0,37.07280127521754,-95.66788965289953,0.0,-0.0015564802211656195,37.072801275217564,-95.66788965289953,1.8511192842226283,-0.0024998884426468,-0.0017222120213656253,37.07280127521756,-95.66788965289952,0.9956108251775349,0.0,-0.0005248517582406888,56.10397517576668,-106.29676991963571,0.0,-0.0023675639626219575,-25.26251473176653,133.71223892035215,5.147421634974767,0.0898560841517177,-25.262514731766526,133.71223892035218,0.0,51.14163441790045,10.446612004149058,0.0,0.0,56.10397517576668,-106.29676991963574,-0.00018631308290867343,0.16739254427910896,-25.26251473176653,133.7122389203522,0.0,-25.26251473176653,133.71223892035215,0.0,37.07280127521756,-95.66788965289952,2.0001021337602847,0.0,37.07280127521754,-95.66788965289949,0.9995298298209326,0.0,0.001092415371276365,37.07280127521754,-95.66788965289952,1.0128651173182674,0.002060658594319963,37.07280127521754,-95.66788965289953,0.9995298298209326,0.0,37.07280127521756,-95.6678896528995,1.5740200062451883,0.0,0.0,37.07280127521754,-95.66788965289953,0.9995298298209326,0.0,0.0,37.07280127521755,-95.6678896528995,0.0,37.07280127521754,-95.66788965289953,1.9990596596418653,0.0,0.0,56.10397517576668,-106.29676991963571,0.9995298298209326,0.0,56.10397517576668,-106.29676991963572,0.0,37.07280127521754,-95.66788965289952,0.9995298298209326,0.0,0.0009342503986288554,0.0,0.0,60.97131961907692,0.0,0.0,0.0,0.0,37.07280127521754,-95.6678896528995,0.0,37.07280127521754,-95.66788965289953,0.9995298298209326,0.0,0.0,37.07280127521754,-95.66788965289953,0.9995298298209326,0.0,0.0,0.0,0.0,0.0,0.0,37.07280127521754,-95.66788965289953,1.0006607038637698,0.0,0.0,37.07280127521754,-95.66788965289953,10.994828128030262,0.0,0.0,37.07280127521754,-95.66788965289953,4.997649149104664,0.0,0.0,37.07280127521754,-95.66788965289953,1.9990596596418653,0.0,0.0,37.07280127521754,-95.66788965289953,0.0,0.0,37.07280127521754,-95.66788965289953,0.0,0.0,37.07280127521754,-95.66788965289953,0.0,0.0,37.07280127521756,-95.66788965289953,36.00761964495965,0.0,0.0,-5.640983658138327e+38,-1.8268476423083653e+39,6.267067399704308e+38,-2.1892453477814428e+39,2.7853406364584764e+36,1.7788491293629773e+37,3.0040962893845626e+37,-4.656578697092556e+38,-5.008413191984043e+37,-8.123835117023432e+38,-2.6338724708134655e+30,-1.0347974619266674e+30,-6.539948684660312,0.15863427522452217,23.007342549599073,-1.9155283034164293e+48,4.825776947557701e+50,-1.30945871154979e+46,2.2878841911882766e+50,-2.795420214582433e+41,-4.965515662961362e+41,0.6696504197528218,0.335735267958013,175.34526782030892,113.0685397962627,3.7557509382708973,0.2529872369012636,221.19788826594296,36.755467550941134,1.1128766536125434,1.8955973374585249,136.222440343818,67.0333990458951,325.93433600175,1.051078645805362,40.592511014726796,91.82522101773995,10.802235305939432,143.02012499276427,211.96781511509946,45.702562895243055,7.988058781807746,2.0457900830063456,50.835917680279614,0.7672016099368444,41.297072338916756,1.2714955188079502,174.3793675486962,212.85157652391175,1.890793067832824,209.13483027367255,0.3849150811538668,523.0146589088293,1.1636895470091895,77.29052707011249,202.76600300972797,346.5968739395684,19.357798547868324,32.17672489233201,75.07170299682413,4.793711939997071,12.736717109105975,38.96980481424007,0.44564305472208543,55.22262998943066,50.007396655018006,2.150347687222652,76.70860881969661,1.1207782969599982,190.68330581309118,50.69245751469676,282.5995820545577,107.55457977927504,77.47177421770331,0.48470234326657474,147.88058988549747,0.707924622653937,1.9420395951978693,17.214732596025975,0.24886836170219392,0.13741034276426545,0.4997649149104663,2.077883726284828,1.0005723039393506,0.5007952442076266,0.4997649149104663,0.9995298298209326,2.498824574552332,0.9995298298209326,5.497414064015131,0.872174742522962,3.9984122370841617,1.9769300543540274,100.82716352433575,31.349136304337033,1.482092259166801,4.497884234194199,38.18008808375522,0.41059985794666864,23275.550268514777,780.2736619199031,4198.521590407693,528.0599109893334,151.71126871167894,6.28525371213689,66.71693471961439,0.9400891971542141,18.12227110278607,28.309618225124428,109.70564760328502,33.65534886480381,0.8278929119264352,0.7482054340985026,19.540202880522166,50.47310600402465,28.2453443171015,114.63345739301566,15.024051307893894,0.2802812299454606,1.309249902506239,36.46972802481827,12.610557154438187,18.847436376357273,27.29105122765885,110.00985383084236,7.304157615365097,1.2209521311066496,79.67861688070691,20.396061575088467,7.482791962349802,12.031377581177898,3.4428249693832127,0.5997178978925598,0.19990596596418658,2.8931007109588482,4.995300817638821,4.106421035553745,1.6721117776628651,1.6989267504759022,2.8371538980983666,1.3626930511737427,380.60980751290214,0.4748074617496684,1.6670334382216305,0.33375180420034894
2020-03-07 21:00:00,0.12471513344807753,35.8450009212125,104.14699435137976,35.8450009212125,104.14699435137972,35.845000921212495,104.14699435137975,35.8450009212125,104.14699435137975,35.845000921212495,104.14699435137972,35.845000921212495,104.14699435137976,35.8450009212125,104.14699435137975,35.845000921212495,104.14699435137975,35.845000921212495,104.14699435137975,0.0,35.845000921212495,104.14699435137975,35.8450009212125,104.14699435137975,35.8450009212125,104.14699435137973,35.84500092121249,104.14699435137975,35.845000921212495,104.14699435137975,35.845000921212495,104.14699435137975,35.84500092121252,104.14699435137976,35.845000921212495,104.14699435137972,35.845000921212495,104.14699435137973,35.845000921212495,104.14699435137973,0.0,35.8450009212125,104.14699435137976,35.8450009212125,104.14699435137973,0.0,35.8450009212125,104.14699435137975,0.0,35.8450009212125,104.14699435137975,0.04106261907162487,35.8450009212125,104.14699435137975,0.0,35.8450009212125,104.14699435137973,0.0,37.07301019997379,-95.66842879183262,0.7170696677687296,-0.022600117064112246,-0.0007967941553193927,37.07301019997379,-95.66842879183262,0.9995354626978362,0.0,0.0,37.07301019997379,-95.66842879183262,0.0,-0.0015906092856172935,37.073010199973815,-95.66842879183262,1.8476993278482068,-0.0025589450787746604,-0.0017612213144184707,37.0730101999738,-95.66842879183261,0.995543202325237,0.0,-0.000533562728419399,56.10429135120891,-106.29736895790585,0.0,-0.002371024540026953,-25.262657099339275,133.712992459226,5.189667263228406,0.09507612900551256,-25.262657099339275,133.71299245922603,0.0,51.141922627939536,10.44667087630847,0.0,0.0,56.10429135120891,-106.29736895790587,-0.00018356021186597673,0.17028810026210778,-25.26265709933928,133.71299245922606,0.0,-25.26265709933928,133.712992459226,0.0,37.073010199973794,-95.6684287918326,2.0001138609022324,0.0,37.07301019997379,-95.66842879183258,0.9995354626978362,0.0,0.0010927705692537343,37.07301019997379,-95.6684287918326,1.0128771191528552,0.002061620983690844,37.07301019997379,-95.66842879183262,0.9995354626978362,0.0,37.073010199973794,-95.6684287918326,1.5753487138255944,0.0,0.0,37.07301019997379,-95.66842879183262,0.9995354626978362,0.0,0.0,37.073010199973794,-95.6684287918326,0.0,37.07301019997379,-95.66842879183262,1.9990709253956724,0.0,0.0,56.10429135120891,-106.29736895790585,0.9995354626978362,0.0,56.10429135120891,-106.29736895790586,0.0,37.07301019997379,-95.66842879183261,0.9995354626978362,0.0,0.0009348262942845062,0.0,0.0,60.97166322456803,0.0,0.0,0.0,0.0,37.07301019997379,-95.66842879183258,0.0,37.07301019997379,-95.66842879183262,0.9995354626978362,0.0,0.0,37.07301019997379,-95.66842879183262,0.9995354626978362,0.0,0.0,0.0,0.0,0.0,0.0,37.07301019997379,-95.66842879183262,1.000666611676864,0.0,0.0,37.07301019997379,-95.66842879183262,10.9948900896762,0.0,0.0,37.07301019997379,-95.66842879183262,4.997677313489181,0.0,0.0,37.07301019997379,-95.66842879183262,1.9990709253956724,0.0,0.0,37.07301019997379,-95.66842879183262,0.0,0.0,37.07301019997379,-95.66842879183262,0.0,0.0,37.07301019997379,-95.66842879183262,0.0,0.0,37.073010199973794,-95.66842879183262,36.0078313304089,0.0,0.0,-5.780541003769369e+38,-1.8720436618828924e+39,6.421543961806238e+38,-2.2432079228350627e+39,2.849775008400325e+36,1.819999940480852e+37,3.076228632100072e+37,-4.7683893376659906e+38,-5.134172520488954e+37,-8.327821491557595e+38,-2.6987068224202724e+30,-1.060269622493224e+30,-6.539996408760523,0.15857881846542018,23.007779309966885,-1.9629182732703945e+48,4.944727229210055e+50,-1.339750930949481e+46,2.3428193299703792e+50,-2.8642311608561784e+41,-5.085229346943085e+41,0.6696137720088366,0.3357351474667187,175.07729791283697,113.18770846232516,3.693207162904211,0.2532175627254652,221.31701695305887,36.70517247431034,1.1144137996937684,1.9047313212798724,138.10775686537028,66.91190665614457,325.8948730899427,1.0506114796774095,40.02657144904045,91.98963948839356,10.807869589362857,143.1620804758079,211.73012764395762,45.40011478733507,7.9911105868853936,2.037446518023189,50.294877239578774,0.7666617301186943,41.32305427825815,1.2684446823790938,173.79638115716477,212.8059440898968,1.8941968075867746,209.24372830985337,0.3856592782185354,524.0553036337211,1.163025664208883,77.2719344094787,204.96754368240735,346.6587949223304,19.658488644135666,32.44675018255761,75.08741269327761,4.786451981055979,12.731749260583065,38.970505217022186,0.4456784543874855,55.20032271431972,50.15986887368207,2.1552041517629434,77.275615452169,1.1201637710819603,190.5381956897085,50.908174855182445,282.5075797862562,107.55421579386588,77.52900905993906,0.48467155517186894,147.8465920780912,0.7074961951441068,1.9507822665779413,17.246709760830043,0.24847950525699053,0.13548709619080826,0.4997677313489181,2.0796112771524933,1.0005783982043952,0.5007985418407638,0.4997677313489181,0.9995354626978362,2.4988386567445904,0.9995354626978362,5.4974450448381,0.8641656604164512,3.99843415323562,1.9768454478549824,100.82775082757061,31.349312973227313,1.481692483731769,4.497909582140265,38.18030324865568,0.42749510542596053,23234.540545226926,778.2998140602862,4164.855749654478,528.5536570169294,152.6442585981699,6.318395137916974,66.72056548091268,0.9401912880058257,18.120145935861167,28.31934038051053,109.69917273219272,33.54355931034983,0.8274569531326286,0.7492474356637764,19.624891975432718,50.47062443101561,28.23528598183308,114.64810514961458,15.091211816187228,0.2818936230328966,1.3362452969012348,36.46492109787931,12.603027402536345,18.817460890088046,27.29153507251218,110.01017916936301,7.303947336211542,1.2201381238414273,79.68110069945836,20.400219249002475,7.534895330045033,12.031445384325812,3.442844371514769,0.599721277618702,0.1999070925395673,2.882458617896023,5.020532011045858,4.130641000935188,1.6719371024684788,1.698863414852858,2.80424936384957,1.3608890659899537,380.6091211124832,0.47476004176313574,1.6670394498484529,0.3337519935753083
2020-03-07 22:00:00,0.12607539742098076,35.8451992906068,104.14757071002552,35.84519929060681,104.14757071002549,35.8451992906068,104.1475707100255,35.8451992906068,104.1475707100255,35.8451992906068,104.14757071002549,35.8451992906068,104.1475707100255,35.84519929060681,104.1475707100255,35.8451992906068,104.1475707100255,35.8451992906068,104.1475707100255,0.0,35.8451992906068,104.1475707100255,35.8451992906068,104.1475707100255,35.8451992906068,104.14757071002549,35.8451992906068,104.1475707100255,35.8451992906068,104.1475707100255,35.8451992906068,104.1475707100255,35.845199290606814,104.1475707100255,35.8451992906068,104.14757071002548,35.8451992906068,104.14757071002549,35.8451992906068,104.14757071002549,0.0,35.8451992906068,104.1475707100255,35.84519929060681,104.14757071002549,0.0,35.8451992906068,104.1475707100255,0.0,35.84519929060681,104.1475707100255,0.04185093150751062,35.84519929060681,104.14757071002549,0.0,35.84519929060681,104.14757071002549,0.0,37.07321536527967,-95.66895822934931,0.7107200691789242,-0.023104144009285732,-0.0008140744591802994,37.07321536527967,-95.66895822934931,0.9995409942151808,0.0,0.0,37.07321536527967,-95.66895822934931,0.0,-0.0016249677667063214,37.0732153652797,-95.66895822934931,1.8442540347949015,-0.002618445088226437,-0.0018005069927365044,37.07321536527969,-95.6689582293493,0.995476210343851,0.0,-0.0005420839779543621,56.104601837302006,-106.2979572169142,0.0,-0.0023652732086361095,-25.26279690511019,133.71373243871108,5.232428407524686,0.10017767813777184,-25.26279690511019,133.7137324387111,0.0,51.14220565184676,10.44672868910582,0.0,0.0,56.104601837302006,-106.29795721691423,-0.00018008736393397432,0.17342014883603163,-25.262796905110193,133.71373243871113,0.0,-25.262796905110193,133.71373243871108,0.0,37.07321536527968,-95.6689582293493,2.0001253755864155,0.0,37.07321536527967,-95.66895822934927,0.9995409942151808,0.0,0.001093116827054744,37.07321536527967,-95.6689582293493,1.012888896029277,0.002062564286345151,37.07321536527967,-95.66895822934931,0.9995409942151808,0.0,37.07321536527968,-95.6689582293493,1.5736255016959517,0.0,0.0,37.07321536527967,-95.66895822934931,0.9995409942151808,0.0,0.0,37.07321536527968,-95.6689582293493,0.0,37.07321536527967,-95.66895822934931,1.9990819884303617,0.0,0.0,56.104601837302006,-106.2979572169142,0.9995409942151808,0.0,56.104601837302006,-106.2979572169142,0.0,37.07321536527967,-95.6689582293493,0.9995409942151808,0.0,0.0009353974294292362,0.0,0.0,60.972000647126066,0.0,0.0,0.0,0.0,37.07321536527967,-95.66895822934929,0.0,37.07321536527967,-95.66895822934931,0.9995409942151808,0.0,0.0,37.07321536527967,-95.66895822934931,0.9995409942151808,0.0,0.0,0.0,0.0,0.0,0.0,37.07321536527967,-95.66895822934931,1.0006724106165006,0.0,0.0,37.07321536527967,-95.66895822934931,10.994950936366994,0.0,0.0,37.07321536527967,-95.66895822934931,4.997704971075905,0.0,0.0,37.07321536527967,-95.66895822934931,1.9990819884303617,0.0,0.0,37.07321536527967,-95.66895822934931,0.0,0.0,37.07321536527967,-95.66895822934931,0.0,0.0,37.07321536527967,-95.66895822934931,0.0,0.0,37.07321536527968,-95.6689582293493,36.00803918302085,0.0,0.0,-5.921211341836148e+38,-1.9176001270340147e+39,6.57724749561872e+38,-2.2975991101786077e+39,2.914683961988339e+36,1.8614538416900957e+37,3.1489170266589695e+37,-4.881061901067137e+38,-5.2609510741500835e+37,-8.533461087740727e+38,-2.7640788215509374e+30,-1.0859530143548792e+30,-6.540043176773306,0.1586756095347463,23.008137429586018,-2.0106861858097836e+48,5.06462230551971e+50,-1.3702662631213707e+46,2.398177951257493e+50,-2.9336127310964434e+41,-5.205925345894806e+41,0.6695831362217883,0.3357357209018698,174.80066665776891,113.28854327720292,3.6465948253148053,0.2532626767870703,221.42219241749044,36.577822554170886,1.1160455835159224,1.9135010720683956,139.9178448217951,66.82517536575168,325.87263770879974,1.050341961200082,39.44212428398847,92.1430965081534,10.814841914264006,143.32096398748973,211.56404061582938,45.1940632713836,7.99309186213401,2.0287350465620806,49.730003863096925,0.7661153720992175,41.35101254383573,1.2670327104171746,173.51038315238685,212.93134265354303,1.8972009800308363,209.35927360838556,0.3865216759158611,525.0544888152692,1.1625205657538376,77.2774653761074,207.09862929371002,346.70983010459855,19.93909036303615,32.74914284915521,75.09074425982314,4.781376419298912,12.728444381125652,38.97063826022699,0.44567494542936364,55.17824719029178,50.294981654595794,2.159076156032589,77.72752738253384,1.1203934004783003,190.62078565762954,51.1369438125373,282.4377313444223,107.55408195182287,77.57942101355817,0.48465177826084227,147.7688349063991,0.706524624857096,1.958941124406455,17.256233277122057,0.24818240720214918,0.13350200285150854,0.4997704971075904,2.081454256290345,1.0005843813712334,0.5008017792507633,0.4997704971075904,0.9995409942151808,2.4988524855379524,0.9995409942151808,5.497475468183497,0.857045580563102,3.998455673931658,1.9768338901186455,100.8283273917587,31.349486463088287,1.4812894757432615,4.497934473968316,38.18051454181888,0.4436909375844003,23202.067921067803,776.7481495079052,4138.970947671439,529.1255521181027,153.7242396236359,6.350477142750222,66.72496693756494,0.9403164040533042,18.11857127016734,28.327127280428474,109.69410611971158,33.45682980975051,0.8275644559126575,0.7501648409892688,19.69997877065098,50.469050430087485,28.22568773369585,114.66209880740206,15.155323275894713,0.28343280609994587,1.3621602738386887,36.46105255508599,12.596924505074455,18.787134454929863,27.291929585710246,110.0105488859166,7.303781078001547,1.219469956652301,79.68406614631729,20.40535527849388,7.590230170540892,12.031511967404962,3.442863424518957,0.5997245965291089,0.19990819884303626,2.8729980458193483,5.046247504948615,4.153856158025959,1.6717864903010813,1.698820232629237,2.779258134895103,1.35954497124385,380.60911825546987,0.47472524950868333,1.6670461932656553,0.33375259952523717
2020-03-07 23:00:00,0.12757527462225363,35.845393986176745,104.14813639444179,35.845393986176745,104.14813639444179,35.845393986176745,104.1481363944418,35.845393986176745,104.1481363944418,35.84539398617674,104.14813639444178,35.84539398617674,104.1481363944418,35.845393986176745,104.1481363944418,35.84539398617674,104.1481363944418,35.84539398617674,104.1481363944418,0.0,35.845393986176745,104.1481363944418,35.845393986176745,104.1481363944418,35.845393986176745,104.14813639444179,35.845393986176745,104.14813639444179,35.845393986176745,104.1481363944418,35.845393986176745,104.14813639444179,35.84539398617676,104.1481363944418,35.84539398617674,104.14813639444178,35.84539398617674,104.14813639444179,35.84539398617674,104.14813639444179,0.0,35.845393986176745,104.1481363944418,35.845393986176745,104.14813639444179,0.0,35.845393986176745,104.14813639444179,0.0,35.845393986176745,104.1481363944418,0.04264231563005809,35.84539398617675,104.14813639444179,0.0,35.84539398617675,104.14813639444179,0.0,37.07341673090012,-95.66947786162135,0.704325452237681,-0.023611688740446724,-0.0008314704243777768,37.07341673090012,-95.66947786162135,0.9995464232881782,0.0,0.0,37.07341673090012,-95.66947786162135,0.0,-0.0016595505698302482,37.07341673090014,-95.66947786162135,1.8407838053033307,-0.0026783819843680112,-0.0018400640997073697,37.073416730900135,-95.66947786162133,0.9954102151965893,0.0,-0.0005503426523406282,56.104906573156384,-106.29853458129699,0.0,-0.002347814658742703,-25.262934121661893,133.71445871368965,5.273869089175779,0.10500603476189743,-25.262934121661893,133.71445871368968,0.0,51.142483434118155,10.446785431203407,0.0,0.0,56.10490657315639,-106.298534581297,-0.00017569934220130774,0.17657458863777964,-25.262934121661896,133.71445871368968,0.0,-25.262934121661896,133.71445871368965,0.0,37.073416730900135,-95.66947786162132,2.0001366755852437,0.0,37.07341673090012,-95.6694778616213,0.9995464232881782,0.0,0.0010934541309978833,37.07341673090012,-95.66947786162132,1.0129004458294009,0.0020634883549442325,37.07341673090012,-95.66947786162135,0.9995464232881782,0.0,37.07341673090013,-95.66947786162132,1.568497950955848,0.0,0.0,37.07341673090012,-95.66947786162135,0.9995464232881782,0.0,0.0,37.073416730900135,-95.66947786162132,0.0,37.07341673090012,-95.66947786162135,1.9990928465763564,0.0,0.0,56.104906573156384,-106.29853458129698,0.9995464232881782,0.0,56.10490657315639,-106.29853458129699,0.0,37.07341673090012,-95.66947786162132,0.9995464232881782,0.0,0.0009359635728853838,0.0,0.0,60.972331820578894,0.0,0.0,0.0,0.0,37.07341673090012,-95.6694778616213,0.0,37.07341673090012,-95.66947786162135,0.9995464232881782,0.0,0.0,37.07341673090012,-95.66947786162135,0.9995464232881782,0.0,0.0,0.0,0.0,0.0,0.0,37.07341673090012,-95.66947786162135,1.000678099600053,0.0,0.0,37.07341673090012,-95.66947786162135,10.995010656169963,0.0,0.0,37.07341673090012,-95.66947786162135,4.997732116440892,0.0,0.0,37.07341673090012,-95.66947786162135,1.9990928465763564,0.0,0.0,37.07341673090012,-95.66947786162135,0.0,0.0,37.07341673090012,-95.66947786162135,0.0,0.0,37.07341673090012,-95.66947786162135,0.0,0.0,37.073416730900135,-95.66947786162133,36.00824316253584,0.0,0.0,-6.0629832120492235e+38,-1.9635133263163315e+39,6.734165233246521e+38,-2.3524144496629398e+39,2.980061553342729e+36,1.9032070369504276e+37,3.222155229246819e+37,-4.994586708906779e+38,-5.388738795628594e+37,-8.740737592189903e+38,-2.829987029375672e+30,-1.1118470722232487e+30,-6.540088981595691,0.1589193417360946,23.00843301955773,-2.0588281494245296e+48,5.185452344932266e+50,-1.4010019136980145e+46,2.4539552998344665e+50,-3.0035633982231788e+41,-5.3275982047028685e+41,0.6695572480991389,0.33573682418268824,174.5207629629387,113.37974209166991,3.6170196876805845,0.2531224789613319,221.50485849886178,36.379499895600425,1.1176772590961235,1.9216939251188712,141.60877538617365,66.78628890439191,325.8765218383455,1.0503719689329984,38.85058624055785,92.28169278267391,10.823458117043119,143.49606853872996,211.47478227596292,45.09139634005293,7.992351567483609,2.0198462384541336,49.15364640311399,0.7656155121258208,41.37907269649312,1.2674716967961863,173.55926427203468,213.22169255532586,1.899551477787294,209.47479842267546,0.3874688841424524,525.9880253296072,1.162236539381281,77.31826133195511,209.1014375809032,346.7550557737799,20.192452138448353,33.082554767951436,75.08169094524571,4.778644747095222,12.72665811420617,38.96927766587053,0.4455686094082595,55.1591843530414,50.402148681584585,2.161920430970528,78.05935802075459,1.1215210339711086,190.94554189704516,51.365564287195696,282.39873178409584,107.55412716376289,77.62037181311265,0.4846420414020749,147.65081727933477,0.7050533507441255,1.9663083667078998,17.243191893038436,0.2479574407443746,0.13149361407556637,0.4997732116440891,2.0833002980156072,1.0005902522970649,0.5008049558215615,0.4997732116440891,0.9995464232881782,2.498866058220446,0.9995464232881782,5.497505328084982,0.8507780482033406,3.9984767949746205,1.9769153508294819,100.82889310746334,31.349656739896762,1.4808832783178496,4.497958904796803,38.180721921808015,0.458799644202444,23179.54335265141,775.6880292598154,4122.122084872824,529.7535120919609,154.90967036631585,6.3806294495196125,66.73031671183251,0.9404698287310687,18.117430479224762,28.332845906415574,109.69054549448592,33.3968334083254,0.8282406080695512,0.7509094459250608,19.761784556471547,50.46830385285311,28.216747796568175,114.67516484703549,15.215082264911382,0.284867481851267,1.3865101048106139,36.45795988667562,12.592002154600639,18.759387420498943,27.292250200615907,110.01095215885648,7.3036506797792,1.218921045558338,79.687624798067,20.411693060670533,7.645331700665626,12.031577317357707,3.4428821246592807,0.5997278539729073,0.19990928465763572,2.864672911526818,5.071244472359588,4.175510378948611,1.6716548821354908,1.6987926945785257,2.762147145717157,1.3586659938587748,380.6096428747634,0.4747003560752126,1.667053464571897,0.33375352064185937
2020-03-08 00:00:00,0.12920471537774786,35.84558497030011,104.14869129531796,35.845584970300116,104.14869129531796,35.84558497030011,104.14869129531797,35.84558497030011,104.14869129531797,35.84558497030011,104.14869129531795,35.84558497030011,104.14869129531797,35.845584970300116,104.14869129531797,35.84558497030011,104.14869129531799,35.84558497030011,104.14869129531797,0.0,35.845584970300116,104.14869129531797,35.84558497030011,104.14869129531797,35.845584970300116,104.14869129531796,35.845584970300116,104.14869129531797,35.84558497030011,104.14869129531797,35.84558497030011,104.14869129531797,35.84558497030012,104.14869129531797,35.84558497030011,104.14869129531795,35.84558497030011,104.14869129531796,35.84558497030011,104.14869129531796,0.0,35.845584970300116,104.14869129531797,35.845584970300116,104.14869129531796,0.0,35.84558497030011,104.14869129531797,0.0,35.845584970300116,104.14869129531797,0.043380673961704516,35.845584970300116,104.14869129531796,0.0,35.845584970300116,104.14869129531796,0.0,37.07361425792402,-95.66998758823696,0.6978865191647454,-0.024122694131018974,-0.0008489799423685614,37.07361425792402,-95.66998758823696,0.999551748867735,0.0,0.0,37.07361425792402,-95.66998758823696,0.0,-0.001694351922307838,37.07361425792404,-95.66998758823696,1.8372890806694624,-0.0027387486705359315,-0.0018798871299558206,37.073614257924035,-95.66998758823695,0.995345687088063,0.0,-0.000558245074454216,56.10520549988606,-106.29910093948655,0.0,-0.0023155443368601675,-25.263068722479193,133.71517114381913,5.312113307682491,0.10940489565180872,-25.26306872247919,133.71517114381913,0.0,51.14275592107615,10.446841091636607,0.0,0.0,56.10520549988607,-106.29910093948656,-0.0001701480328453308,0.17952707229346598,-25.263068722479193,133.71517114381916,0.0,-25.263068722479197,133.71517114381913,0.0,37.07361425792403,-95.66998758823694,2.0001477587453476,0.0,37.07361425792402,-95.66998758823692,0.999551748867735,0.0,0.001093782469481234,37.07361425792402,-95.66998758823695,1.012911766510544,0.002064393048128924,37.07361425792402,-95.66998758823696,0.999551748867735,0.0,37.07361425792402,-95.66998758823694,1.559756834817169,0.0,0.0,37.07361425792402,-95.66998758823696,0.999551748867735,0.0,0.0,37.07361425792403,-95.66998758823694,0.0,37.07361425792402,-95.66998758823696,1.99910349773547,0.0,0.0,56.10520549988606,-106.29910093948655,0.999551748867735,0.0,56.10520549988607,-106.29910093948655,0.0,37.07361425792402,-95.66998758823694,0.999551748867735,0.0,0.0009365244975047312,0.0,0.0,60.972656680931856,0.0,0.0,0.0,0.0,37.07361425792402,-95.66998758823692,0.0,37.07361425792402,-95.66998758823696,0.999551748867735,0.0,0.0,37.07361425792402,-95.66998758823696,0.999551748867735,0.0,0.0,0.0,0.0,0.0,0.0,37.07361425792402,-95.66998758823696,1.0006836775821608,0.0,0.0,37.07361425792402,-95.66998758823696,10.995069237545087,0.0,0.0,37.07361425792402,-95.66998758823696,4.997758744338675,0.0,0.0,37.07361425792402,-95.66998758823696,1.99910349773547,0.0,0.0,37.07361425792402,-95.66998758823696,0.0,0.0,37.07361425792402,-95.66998758823696,0.0,0.0,37.07361425792402,-95.66998758823696,0.0,0.0,37.073614257924035,-95.66998758823694,36.008443230034096,0.0,0.0,-6.205844725162727e+38,-2.009779409365751e+39,6.892283931525774e+38,-2.4076493151155715e+39,3.045901635976635e+36,1.945255600827123e+37,3.2959367718027834e+37,-5.1089537351965005e+38,-5.517525242792146e+37,-8.94963406737261e+38,-2.8964302476878174e+30,-1.1379513253461876e+30,-6.5401338164206235,0.159295027400622,23.00867902287491,-2.10734012684232e+48,5.307207149926018e+50,-1.4319549930613101e+46,2.5101464497026563e+50,-3.0740818905381413e+41,-5.450242225462672e+41,0.6695350865382003,0.33573832812895776,174.24260209568382,113.46651907159827,3.6050180237585145,0.25279526793124113,221.55835137911654,36.1181027313837,1.1192152056317706,1.9290975906003571,143.13669640284414,66.80485109482595,325.91142230994905,1.0507576088142054,38.262578757822205,92.40169849485645,10.834083504665225,143.68622541837937,211.46474358171287,45.09528997654293,7.9868257936726055,2.0109564961185393,48.57723547370265,0.7652100732580795,41.40526589406907,1.26991620773511,173.97001536833085,213.6600521254756,1.9010501519993215,209.58371420703975,0.38846632247388413,526.8317667025879,1.162219657426345,77.40031438927036,210.91875118445614,346.79755775906006,20.411733237484984,33.444754717472705,75.060139039184,4.778329903502687,12.726305395316333,38.965258686963274,0.44527907150794727,55.145629680887886,50.473153063613346,2.1637430549699057,78.27187389564537,1.1235674439216021,191.5180532224794,51.580994667228765,282.39701254152334,107.55431035455926,77.64984511198433,0.48464176710308526,147.4970458769917,0.7031383228418938,1.9726852233584578,17.20728170368435,0.2477889772157464,0.1294978082761462,0.4997758744338675,2.085033581275888,1.0005960098776114,0.5008080709579322,0.4997758744338675,0.999551748867735,2.4988793721693376,0.999551748867735,5.497534618772543,0.8453152643648726,3.998497512305672,1.977114674670688,100.82944786895811,31.349823770749115,1.4804739388869779,4.497982869904809,38.18092534854978,0.4724331649107554,23167.93056543764,775.1667286703992,4115.159110287504,530.4146654801082,156.1575238456737,6.407990911902417,66.73682697980078,0.9406578730296302,18.11662983418357,28.3364309836804,109.68853870338032,33.36436745981646,0.8294926276302772,0.75144440964181,19.807521672977607,50.46833703408183,28.208637488343285,114.68706680572787,15.269362203137502,0.2861705993321698,1.408879617590737,36.45550477286972,12.588050712676619,18.73687100292381,27.29250983655449,110.01137986385449,7.303549303924261,1.218469120486783,79.69191157666269,20.419502682545605,7.696567792189652,12.031641421556076,3.442900468322198,0.5997310493206413,0.19991034977354705,2.857422619200585,5.094277859661133,4.1950470048952715,1.671538192749377,1.6987772529067426,2.7528227006883377,1.3582528075430673,380.61057062030335,0.4746831882582154,1.6670611042030155,0.33375467766764016
2020-03-08 01:00:00,0.13094907577848652,35.84577220663172,104.14923530705374,35.84577220663173,104.14923530705374,35.84577220663172,104.14923530705376,35.84577220663172,104.14923530705376,35.845772206631715,104.14923530705374,35.845772206631715,104.14923530705376,35.84577220663172,104.14923530705376,35.845772206631715,104.14923530705377,35.845772206631715,104.14923530705376,0.0,35.84577220663172,104.14923530705376,35.84577220663172,104.14923530705376,35.84577220663172,104.14923530705374,35.84577220663172,104.14923530705376,35.84577220663172,104.14923530705377,35.84577220663172,104.14923530705376,35.84577220663173,104.14923530705376,35.845772206631715,104.14923530705373,35.84577220663172,104.14923530705374,35.845772206631715,104.14923530705374,0.0,35.84577220663172,104.14923530705376,35.84577220663172,104.14923530705374,0.0,35.84577220663172,104.14923530705374,0.0,35.84577220663172,104.14923530705376,0.0440101406778875,35.84577220663173,104.14923530705374,0.0,35.84577220663173,104.14923530705376,0.0,37.07380790876105,-95.6704873121928,0.6914040236275607,-0.024637098748716557,-0.0008666007316389425,37.07380790876105,-95.6704873121928,0.9995569699403682,0.0,0.0,37.07380790876105,-95.6704873121928,0.0,-0.001729365181478447,37.07380790876107,-95.6704873121928,1.8337703535784664,-0.0027995372941150287,-0.0019199698841177379,37.07380790876106,-95.67048731219279,0.9952832286522415,0.0,-0.0005656711071659951,56.105498560603884,-106.29965618370225,0.0,-0.0022646186004231517,-25.26320068194691,133.71586959352072,5.345336603087495,0.11322371800780451,-25.26320068194691,133.71586959352072,0.0,51.1430230608652,10.44689565981298,0.0,0.0,56.105498560603884,-106.29965618370227,-0.00016311925860600833,0.18205468140447972,-25.263200681946913,133.71586959352075,0.0,-25.263200681946913,133.71586959352072,0.0,37.073807908761054,-95.67048731219279,2.0001586229873913,0.0,37.07380790876105,-95.67048731219276,0.9995569699403682,0.0,0.0010941018329691525,37.07380790876105,-95.67048731219279,1.012922856105263,0.0020652782304993967,37.07380790876105,-95.6704873121928,0.9995569699403682,0.0,37.07380790876105,-95.67048731219278,1.5473451354479564,0.0,0.0,37.07380790876105,-95.6704873121928,0.9995569699403682,0.0,0.0,37.073807908761054,-95.67048731219278,0.0,37.07380790876105,-95.6704873121928,1.9991139398807365,0.0,0.0,56.105498560603884,-106.29965618370224,0.9995569699403682,0.0,56.105498560603884,-106.29965618370224,0.0,37.07380790876105,-95.67048731219278,0.9995569699403682,0.0,0.0009370799801759295,0.0,0.0,60.972975166362474,0.0,0.0,0.0,0.0,37.07380790876105,-95.67048731219276,0.0,37.07380790876105,-95.6704873121928,0.9995569699403682,0.0,0.0,37.07380790876105,-95.6704873121928,0.9995569699403682,0.0,0.0,0.0,0.0,0.0,0.0,37.07380790876105,-95.6704873121928,1.000689143554631,0.0,0.0,37.07380790876105,-95.6704873121928,10.995126669344053,0.0,0.0,37.07380790876105,-95.6704873121928,4.997784849701842,0.0,0.0,37.07380790876105,-95.6704873121928,1.9991139398807365,0.0,0.0,37.07380790876105,-95.6704873121928,0.0,0.0,37.07380790876105,-95.6704873121928,0.0,0.0,37.07380790876105,-95.6704873121928,0.0,0.0,37.07380790876106,-95.67048731219278,36.008639347932466,0.0,0.0,-6.349783558186775e+38,-2.0563943853490862e+39,7.051589866623223e+38,-2.4632989124539098e+39,3.112197857639546e+36,1.9875954764751603e+37,3.370254959000515e+37,-5.22415260166898e+38,-5.647299584695521e+37,-9.160132945087104e+38,-2.963407536499429e+30,-1.1642654044206274e+30,-6.540177674735943,0.15977893761477713,23.008885787018283,-2.1562179335029515e+48,5.42987615285368e+50,-1.4631225148584498e+46,2.5667463017807064e+50,-3.1451672103995412e+41,-5.573851449991389e+41,0.6695158309897855,0.33574013138902087,173.97065891445843,113.55018617861923,3.61053718979751,0.2522781870854354,221.57831620744292,35.803177580518195,1.1205728176704968,1.9355094114895415,144.45974505812498,66.8863752856701,325.9778635966308,1.0515048924587962,37.687576900347,92.49973470799246,10.84715112689715,143.88973170224662,211.53336210992333,45.20495015620861,7.974202183273409,2.0022227535801838,48.0109400582157,0.7649385120516836,41.42763142634385,1.2744576315999248,174.75769082484376,214.21967691134037,1.9015671463333959,209.67992613767385,0.3894797260788964,527.5626621204311,1.1624968840095227,77.52399957405746,212.4962702082029,346.8381861380904,20.590736473725215,33.83248987579264,75.02589765853907,4.780414732789255,12.727359185151183,38.957271833820236,0.4447159684112497,55.13961148449119,50.502665077568125,2.1645994345786734,78.37159335058394,1.126519682345765,192.3348548877653,51.77117345420133,282.4363376059152,107.55459865453724,77.66658280746718,0.4846507627127893,147.31293734414993,0.7008467880393597,1.9778916236343353,17.148064243397435,0.24766462499832276,0.1275465979554838,0.4997784849701841,2.0865405433841464,1.0006016530470219,0.5008111240854339,0.4997784849701841,0.9995569699403682,2.498892424850921,0.9995569699403682,5.4975633346720265,0.8406022510057591,3.9985178220044535,1.9774626203411327,100.8299915742175,31.349987523858573,1.4800615102122445,4.498006364731659,38.18112478333109,0.4842203948195071,23167.69535723801,775.206936569404,4118.481257642588,531.0863495642769,157.42516483852975,6.431744309606743,66.74474927699585,0.9408880184095252,18.11609436653936,28.337886687978347,109.6880824517748,33.359328477341926,0.831308851594539,0.7517467454845784,19.83548577114507,50.46913406573231,28.201491974586737,114.69761801017991,15.31727412699659,0.28732081314592595,1.4289465613389678,36.45357043720274,12.584893197690802,18.72176860675304,27.292719227056725,110.01182434004043,7.30347126233621,1.2180956585499443,79.69708814330727,20.42910771278013,7.740327083227539,12.031704267800734,3.4429184520168237,0.5997341819642212,0.1999113939880737,2.8511776828138005,5.1141229723166965,4.211933684268865,1.671433140008379,1.698771126357585,2.7511390792444965,1.3583020376966484,380.6118028243146,0.47467202278434517,1.6670689876384774,0.33375600884905454
2020-03-08 02:00:00,0.13278864597802004,35.84595566010034,104.14976832775031,35.84595566010034,104.14976832775031,35.84595566010034,104.14976832775032,35.84595566010033,104.14976832775032,35.84595566010033,104.1497683277503,35.84595566010033,104.14976832775032,35.84595566010034,104.14976832775032,35.84595566010033,104.14976832775034,35.84595566010033,104.14976832775032,0.0,35.84595566010034,104.14976832775032,35.84595566010034,104.14976832775032,35.84595566010034,104.14976832775031,35.84595566010034,104.14976832775032,35.84595566010034,104.14976832775032,35.84595566010033,104.14976832775031,35.84595566010034,104.14976832775032,35.84595566010033,104.14976832775031,35.84595566010033,104.14976832775031,35.84595566010033,104.14976832775031,0.0,35.84595566010034,104.14976832775031,35.84595566010034,104.14976832775031,0.0,35.84595566010034,104.14976832775031,0.0,35.84595566010034,104.14976832775032,0.044478025816165265,35.845955660100344,104.14976832775031,0.0,35.845955660100344,104.14976832775031,0.0,37.073997647138455,-95.67097693988556,0.6848787817684787,-0.025154835903630768,-0.0008843302964781571,37.073997647138455,-95.67097693988556,0.999562085528119,0.0,0.0,37.073997647138455,-95.67097693988556,0.0,-0.0017645825813472835,37.07399764713848,-95.67097693988556,1.830228181765614,-0.0028607390537533778,-0.001960305276756946,37.07399764713847,-95.67097693988556,0.9952236100803096,0.0,-0.0005724671279884706,56.10578570041663,-106.3002002099413,0.0,-0.0021903033786025983,-25.263329975347723,133.71655393196778,5.371858961622535,0.1163252924210458,-25.263329975347723,133.71655393196778,0.0,51.14328480344732,10.446949125511363,0.0,0.0,56.105785700416625,-106.3002002099413,-0.00015421678671400122,0.18394770822323472,-25.263329975347723,133.7165539319678,0.0,-25.263329975347727,133.71655393196778,0.0,37.07399764713847,-95.67097693988555,2.000169266305892,0.0,37.073997647138455,-95.67097693988553,0.999562085528119,0.0,0.0010944122139790909,37.073997647138455,-95.67097693988556,1.012933712721142,0.002066143772595074,37.073997647138455,-95.67097693988556,0.999562085528119,0.0,37.073997647138455,-95.67097693988555,1.5313571221864395,0.0,0.0,37.073997647138455,-95.67097693988556,0.999562085528119,0.0,0.0,37.07399764713847,-95.67097693988555,0.0,37.073997647138455,-95.67097693988556,1.999124171056238,0.0,0.0,56.105785700416625,-106.3002002099413,0.999562085528119,0.0,56.105785700416625,-106.3002002099413,0.0,37.073997647138455,-95.67097693988555,0.999562085528119,0.0,0.0009376298018318927,0.0,0.0,60.973287217215265,0.0,0.0,0.0,0.0,37.073997647138455,-95.67097693988553,0.0,37.073997647138455,-95.67097693988556,0.999562085528119,0.0,0.0,37.073997647138455,-95.67097693988556,0.999562085528119,0.0,0.0,0.0,0.0,0.0,0.0,37.073997647138455,-95.67097693988556,1.0006944965463402,0.0,0.0,37.073997647138455,-95.67097693988556,10.995182940809311,0.0,0.0,37.073997647138455,-95.67097693988556,4.997810427640594,0.0,0.0,37.073997647138455,-95.67097693988556,1.999124171056238,0.0,0.0,37.073997647138455,-95.67097693988556,0.0,0.0,37.073997647138455,-95.67097693988556,0.0,0.0,37.073997647138455,-95.67097693988556,0.0,0.0,37.07399764713847,-95.67097693988555,36.00883147998107,0.0,0.0,-6.494786949537356e+38,-2.1033541213932453e+39,7.21206882851786e+38,-2.5193582777578606e+39,3.178943656727565e+36,2.0302224733466592e+37,3.445102864978825e+37,-5.3401725727105615e+38,-5.778050597620515e+37,-9.37221602003905e+38,-3.0309182280076743e+30,-1.1907890470797608e+30,-6.540220550323353,0.160340120572568,23.009061546040137,-2.2054572359112704e+48,5.553448411692839e+50,-1.4945013943143834e+46,2.6237495814147323e+50,-3.216818649045012e+41,-5.69841964224099e+41,0.669498825226007,0.33574215469944324,173.70875313434126,113.62815853277257,3.6329368144706735,0.25156805615256206,221.56296810329485,35.4456821247579,1.1216760495899287,1.9407460231893852,145.54004351047243,67.03196758719155,326.07199565592833,1.0525697124447666,37.13366803745898,92.57294887077641,10.863170203529492,144.1042954035036,211.67711901928504,45.41560684021413,7.952106987174231,1.9937788955524471,47.463435551065025,0.7648290468849414,41.444320045034495,1.2811208663082099,175.92482006917174,214.86572908175427,1.9010486262823605,209.7582233070085,0.3904766916819973,528.1598551286368,1.163074561591265,77.68409067691809,213.78502337269126,346.87555297673174,20.724230102585633,34.24138103461847,74.9787543014531,4.784791891767975,12.729850047421296,38.943969633978526,0.4437863156004795,55.14254361920017,50.48856545880451,2.164591217801677,78.37042706198787,1.1303318679960421,193.38363594781646,51.925792638746614,282.5175922468502,107.55496587659167,77.67016973972858,0.4846692172206863,147.10468315834206,0.6982556124622721,1.9817755494299154,17.065071156998023,0.247574599159085,0.12566730893986894,0.4997810427640595,2.087715622318232,1.0006071807777726,0.5008141146503571,0.4997810427640595,0.999562085528119,2.498905213820297,0.999562085528119,5.497591470404656,0.83658051859388,3.99853772028875,1.9779970716038762,100.83052412490737,31.35014796855255,1.4796460517233996,4.498029384876537,38.18132018879583,0.4938252057109145,23178.779409194787,775.8054620249061,4132.0133008327075,531.7471328516025,158.6722772419453,6.45115262723591,66.75437939393653,0.9411690623898359,18.115764384842873,28.337285969009397,109.68912279774736,33.380717970365176,0.8336584669963053,0.7518088685437637,19.845174414951245,50.470710532822885,28.195402583388027,114.7066921541605,15.358217196950637,0.2883036961571485,1.4465008041682046,36.45205903503187,12.582381326004317,18.7156426302922,27.292887224044758,110.01227916958685,7.3034118550218015,1.217785357763604,79.70334648625736,20.440892380636768,7.77320876449504,12.031765844319956,3.4429360723746316,0.5997372513168717,0.19991241710562382,2.845864709943516,5.129639107884354,4.225688236361158,1.6713370997898727,1.6987721420166975,2.756901754223067,1.3588064543800733,380.61326150298186,0.4746654987022914,1.6670770179429433,0.33375746620741215
2020-03-08 03:00:00,0.1346983938715627,35.846135296905544,104.1502902592012,35.84613529690555,104.1502902592012,35.846135296905544,104.1502902592012,35.846135296905544,104.15029025920121,35.846135296905544,104.15029025920118,35.84613529690554,104.1502902592012,35.846135296905544,104.15029025920121,35.84613529690554,104.15029025920121,35.846135296905544,104.15029025920121,0.0,35.846135296905544,104.1502902592012,35.846135296905544,104.1502902592012,35.846135296905544,104.1502902592012,35.846135296905544,104.1502902592012,35.846135296905544,104.15029025920121,35.846135296905544,104.1502902592012,35.84613529690555,104.1502902592012,35.84613529690554,104.1502902592012,35.846135296905544,104.1502902592012,35.84613529690554,104.1502902592012,0.0,35.846135296905544,104.1502902592012,35.846135296905544,104.1502902592012,0.0,35.846135296905544,104.1502902592012,0.0,35.846135296905544,104.1502902592012,0.044737600378638526,35.84613529690555,104.15029025920118,0.0,35.84613529690555,104.1502902592012,0.0,37.07418343809789,-95.67145638110375,0.6783116868273247,-0.025675832385478214,-0.0009021658722401377,37.07418343809789,-95.67145638110375,0.9995670946884648,0.0,0.0,37.07418343809789,-95.67145638110375,0.0,-0.0017999948988676531,37.074183438097904,-95.67145638110375,1.8266632060413723,-0.0029223439451035588,-0.0020008850828195437,37.0741834380979,-95.67145638110375,0.9951678126577201,0.0,-0.0005784373219042266,56.1060668664202,-106.30073291796951,0.0,-0.002086799786999785,-25.26345657885995,133.71722403307433,5.390233264037521,0.11859301737857547,-25.26345657885995,133.7172240330743,0.0,51.14354110059775,10.447001478880956,0.0,0.0,56.10606686642019,-106.30073291796951,-0.00014294301485279041,0.1850208200719135,-25.26345657885995,133.71722403307433,0.0,-25.263456578859955,133.71722403307433,0.0,37.074183438097904,-95.67145638110375,2.000179686769035,0.0,37.07418343809789,-95.67145638110372,0.9995670946884648,0.0,0.0010947136070684708,37.07418343809789,-95.67145638110372,1.0129443345405802,0.0020669895508744545,37.07418343809789,-95.67145638110375,0.9995670946884648,0.0,37.07418343809789,-95.67145638110374,1.5120279983535427,0.0,0.0,37.07418343809789,-95.67145638110375,0.9995670946884648,0.0,0.0,37.07418343809789,-95.67145638110374,0.0,37.07418343809789,-95.67145638110375,1.9991341893769297,0.0,0.0,56.10606686642019,-106.3007329179695,0.9995670946884648,0.0,56.10606686642019,-106.3007329179695,0.0,37.07418343809789,-95.67145638110374,0.9995670946884648,0.0,0.0009381737474570867,0.0,0.0,60.973592775996366,0.0,0.0,0.0,0.0,37.07418343809789,-95.67145638110372,0.0,37.07418343809789,-95.67145638110375,0.9995670946884648,0.0,0.0,37.07418343809789,-95.67145638110375,0.9995670946884648,0.0,0.0,0.0,0.0,0.0,0.0,37.07418343809789,-95.67145638110375,1.0006997356231355,0.0,0.0,37.07418343809789,-95.67145638110375,10.995238041573115,0.0,0.0,37.07418343809789,-95.67145638110375,4.997835473442325,0.0,0.0,37.07418343809789,-95.67145638110375,1.9991341893769297,0.0,0.0,37.07418343809789,-95.67145638110375,0.0,0.0,37.07418343809789,-95.67145638110375,0.0,0.0,37.07418343809789,-95.67145638110375,0.0,0.0,37.0741834380979,-95.67145638110374,36.009019591259985,0.0,0.0,-6.6408416940692884e+38,-2.150654340976624e+39,7.373706115287113e+38,-2.5758222752735348e+39,3.246132258081861e+36,2.0731322645074737e+37,3.52047332971645e+37,-5.4570025497413454e+38,-5.9097666611680515e+37,-9.585864443502977e+38,-3.0989619363966854e+30,-1.2175221017440529e+30,-6.5402624372573985,0.16094241406914228,23.00921282299275,-2.2550535499505077e+48,5.677912605646322e+50,-1.526088446256458e+46,2.681150835617222e+50,-3.2890357969948383e+41,-5.823940270579218e+41,0.6694835468372272,0.3357443362527858,173.45998539672647,113.69438143700168,3.671011435568316,0.25066247505806094,221.5131757968329,35.05767495901812,1.1224682143719842,1.9446527117903503,146.34563224600464,67.23832200890052,326.18596641576437,1.0538621098938379,36.60741767592653,92.61917054685195,10.882734338850119,144.32700566768452,211.88965033424506,45.71866225704021,7.918298605925184,1.9857338449105426,46.94177988713028,0.7648967057239004,41.45369170977922,1.2898633007120266,177.4612621078709,215.55754224361695,1.8995192616160381,209.81461644104087,0.3914281706430356,528.6057480540696,1.1639383603615672,77.8702592345122,214.74370172369834,346.90627194982983,20.80823344630458,34.665865681257756,74.91854858601025,4.791267244582864,12.73386660182346,38.92407718667808,0.4424021365135144,55.15512224812072,50.43204703367766,2.16386025133001,78.28497336375389,1.134927341695812,194.64381368256142,52.03696701177858,282.6387759492,107.55539124492961,77.6610597831746,0.4846977038577196,146.87907511704327,0.6954491149579363,1.9842213345785982,16.957941465665215,0.24751120310783298,0.12388212304762926,0.4997835473442324,2.0884666825405978,1.0006125920805693,0.5008170421196697,0.4997835473442324,0.9995670946884648,2.4989177367211624,0.9995670946884648,5.497619020786558,0.8331911946085857,3.998557203514147,1.9787644328086174,100.83104542637533,31.3503050752699,1.4792276312784058,4.498051926098094,38.18151152894149,0.5009638861273845,23200.599372493092,776.9331881278492,4155.204623507538,532.3778025835512,159.8627254521259,6.465594167941035,66.76606214792338,0.9415112604561291,18.11559256695579,28.33476744047531,109.69155743652881,33.426680288819284,0.8364919622099013,0.7516390723816331,19.837322022497705,50.47311372805169,28.19041150577039,114.71423058341486,15.39191351774203,0.2891125755323897,1.4614572291040706,36.45088916269328,12.580391735990137,18.719326584653487,27.293021073437743,110.01273897289401,7.303367223384622,1.2175256587011847,79.71091258044501,20.45530889834257,7.792202255954438,12.031826139768564,3.4429533261491563,0.5997402568130793,0.19991341893769302,2.8414106943443693,5.139830188925008,4.235903680512841,1.6712479838443732,1.6987786076539895,2.769865252011685,1.359754845931418,380.61488524637537,0.4746625453427577,1.6670851198114982,0.33375901256151663
2020-03-08 04:00:00,0.13664798537235218,35.846311084514646,104.1508010068832,35.84631108451465,104.1508010068832,35.84631108451465,104.1508010068832,35.846311084514646,104.15080100688321,35.846311084514646,104.15080100688319,35.84631108451464,104.1508010068832,35.846311084514646,104.15080100688321,35.84631108451464,104.15080100688323,35.846311084514646,104.15080100688323,0.0,35.84631108451465,104.1508010068832,35.846311084514646,104.15080100688321,35.846311084514646,104.1508010068832,35.84631108451465,104.15080100688321,35.846311084514646,104.15080100688323,35.846311084514646,104.1508010068832,35.84631108451465,104.15080100688321,35.84631108451464,104.15080100688321,35.846311084514646,104.1508010068832,35.84631108451464,104.1508010068832,0.0,35.84631108451465,104.1508010068832,35.84631108451465,104.1508010068832,0.0,35.846311084514646,104.1508010068832,0.0,35.846311084514646,104.1508010068832,0.044750538565362166,35.84631108451465,104.1508010068832,0.0,35.84631108451465,104.15080100688321,0.0,37.07436524799209,-95.67192554901928,0.6717037285058698,-0.026200006790867314,-0.0009201043527837446,37.07436524799209,-95.67192554901928,0.9995719965142337,0.0,0.0,37.0743652479921,-95.67192554901928,0.0,-0.0018355910154745705,37.074365247992105,-95.67192554901928,1.823076174022832,-0.0029843404261862966,-0.0020416996037234125,37.074365247992105,-95.67192554901926,0.9951170824094376,0.0,-0.0005833329525826193,56.10634200769467,-106.30125421131203,0.0,-0.0019470457659037932,-25.26358046955536,133.7178797754832,5.399323272159153,0.11993734507550846,-25.26358046955536,133.71787977548317,0.0,51.14379190590037,10.447052710440426,0.0,0.0,56.106342007694664,-106.30125421131203,-0.0001286758261483537,0.18512287448010617,-25.26358046955536,133.7178797754832,0.0,-25.263580469555365,133.7178797754832,0.0,37.074365247992105,-95.67192554901926,2.0001898825184843,0.0,37.07436524799209,-95.67192554901924,0.9995719965142337,0.0,0.001095006008821712,37.07436524799209,-95.67192554901925,1.0129547198205813,0.0020678154476950414,37.07436524799209,-95.67192554901928,0.9995719965142337,0.0,37.07436524799209,-95.67192554901925,1.4897154242798705,0.0,0.0,37.07436524799209,-95.67192554901928,0.9995719965142337,0.0,0.0,37.07436524799209,-95.67192554901925,0.0,37.07436524799209,-95.67192554901928,1.9991439930284673,0.0,0.0,56.106342007694664,-106.30125421131203,0.9995719965142337,0.0,56.106342007694664,-106.30125421131203,0.0,37.07436524799209,-95.67192554901925,0.9995719965142337,0.0,0.0009387116060946476,0.0,0.0,60.97389178736827,0.0,0.0,0.0,0.0,37.07436524799209,-95.67192554901925,0.0,37.07436524799209,-95.67192554901928,0.9995719965142337,0.0,0.0,37.07436524799209,-95.67192554901928,0.9995719965142337,0.0,0.0,0.0,0.0,0.0,0.0,37.07436524799209,-95.67192554901928,1.0007048598877355,0.0,0.0,37.07436524799209,-95.67192554901928,10.995291961656573,0.0,0.0,37.07436524799209,-95.67192554901928,4.9978599825711685,0.0,0.0,37.07436524799209,-95.67192554901928,1.9991439930284673,0.0,0.0,37.07436524799209,-95.67192554901928,0.0,0.0,37.07436524799209,-95.67192554901928,0.0,0.0,37.07436524799209,-95.67192554901928,0.0,0.0,37.0743652479921,-95.67192554901925,36.00920364817593,0.0,0.0,-6.7879341379649316e+38,-2.1982906222738456e+39,7.536486527141807e+38,-2.6326855953296787e+39,3.3137566679565e+36,2.1163203834235796e+37,3.596358954930739e+37,-5.574631064858269e+38,-6.04243575443109e+37,-9.801058717114254e+38,-3.167538563052204e+30,-1.2444645296698466e+30,-6.540303329904437,0.16154683424009367,23.009344763242044,-2.3050022391466283e+48,5.803257030548991e+50,-1.5578803827487824e+46,2.738944429943682e+50,-3.3618185495862652e+41,-5.950406489842771e+41,0.6694695817703816,0.33574662798006927,173.22671939818775,113.74013663998248,3.7230351879284624,0.24956105012050098,221.43236044029197,34.65193509789642,1.1229136691001087,1.9471117225731118,146.852186554951,67.49802591063937,326.30863940780887,1.055254496416381,36.11383241913787,92.63703416290159,10.906529026918326,144.55433513040927,212.1619737657266,46.10199567514458,7.8708509711173384,1.97817115490304,46.451387157001534,0.7651423145785382,41.45440130078668,1.3005760275707694,179.3444941751778,216.2513092225367,1.897079241855344,209.84659727247626,0.3923098033042246,528.8869470259987,1.1650546814756473,78.06801845299947,215.34072647711642,346.9254156582563,20.84024202733503,35.09920255461997,74.84525416133854,4.79956678201792,12.739556811260847,38.896496993403524,0.44048769670166743,55.177273301012164,50.33748530501644,2.1625799506931633,78.1355114512719,1.1402020866502844,196.08744763995364,52.099748116299814,282.7951983007466,107.55585834214168,77.64054100860858,0.4847371882308036,146.64329303809063,0.6925164314704748,1.9851562064874009,16.826573047518995,0.24746840522039126,0.12220795024620192,0.49978599825711684,2.0887197714461143,1.0006178860042496,0.5008199059809644,0.49978599825711684,0.9995719965142337,2.4989299912855842,0.9995719965142337,5.4976459808282865,0.8303776139426424,3.9985762681736854,1.979821216361989,100.83155538764117,31.350458815558163,1.4788063274736192,4.498073984314053,38.18169876911587,0.5054206199614559,23232.07135808217,778.5362806565514,4187.051325910786,532.9622472606181,160.96621761478724,6.474593666687551,66.78019574257287,0.9419264557083824,18.11554155169271,28.330529810536174,109.6952397941346,33.494573175784616,0.8397423683273986,0.7512608924953063,19.813847779237832,50.476423323050675,28.186509556747147,114.7202453559923,15.4184228320589,0.28974888552346023,1.473860584720283,36.44999354333944,12.578822479910784,18.732869229955394,27.293126659977446,110.01319921966432,7.3033342192652935,1.2173063175027008,79.72004994817478,20.47288458536842,7.794844832627735,12.031885143226893,3.442970210215693,0.5997431979085406,0.1999143993028468,2.837746620451882,5.143898249963843,4.24227045054521,1.6711641378418163,1.698789209273747,2.7897261062484184,1.3611315943707791,380.6166258613752,0.474662323476851,1.6670932348386074,0.3337606191621868
2020-03-08 05:00:00,0.1386021333921658,35.846482991659485,104.15130047994727,35.846482991659485,104.15130047994727,35.846482991659485,104.15130047994728,35.84648299165948,104.15130047994728,35.84648299165948,104.15130047994727,35.84648299165947,104.15130047994728,35.846482991659485,104.15130047994728,35.84648299165948,104.1513004799473,35.84648299165948,104.1513004799473,0.0,35.846482991659485,104.15130047994727,35.84648299165948,104.15130047994728,35.846482991659485,104.15130047994727,35.846482991659485,104.15130047994728,35.846482991659485,104.1513004799473,35.84648299165948,104.15130047994728,35.846482991659485,104.15130047994728,35.84648299165948,104.15130047994728,35.84648299165948,104.15130047994728,35.84648299165948,104.15130047994727,0.0,35.846482991659485,104.1513004799473,35.846482991659485,104.15130047994727,0.0,35.846482991659485,104.15130047994727,0.0,35.846482991659485,104.15130047994728,0.04448884886243201,35.846482991659485,104.15130047994727,0.0,35.846482991659485,104.15130047994728,0.0,37.07454304448171,-95.67238436017904,0.6650560185714713,-0.02672726731115116,-0.00093814219446655,37.07454304448171,-95.67238436017904,0.999576790133515,0.0,0.0,37.07454304448171,-95.67238436017904,0.0,-0.0018713573425208352,37.074543044481715,-95.67238436017904,1.8194679713039568,-0.0030467149779702385,-0.0020827372286857104,37.074543044481715,-95.67238436017904,0.995072995789328,0.0,-0.0005868392248053605,56.1066110752994,-106.301763997244,0.0,-0.0017624937618420378,-25.263701625396937,133.71852104255447,5.398365556292376,0.12030089864145392,-25.263701625396937,133.71852104255444,0.0,51.144037174743296,10.447102811076977,0.0,0.0,56.10661107529939,-106.301763997244,-0.00011064108772892989,0.18414471479008232,-25.263701625396937,133.71852104255447,0.0,-25.26370162539694,133.71852104255447,0.0,37.074543044481715,-95.67238436017904,2.0001998517691986,0.0,37.07454304448171,-95.67238436017901,0.999576790133515,0.0,0.0010952894178373127,37.07454304448171,-95.67238436017901,1.0129648668925388,0.0020686213512931964,37.07454304448171,-95.67238436017904,0.999576790133515,0.0,37.07454304448171,-95.67238436017902,1.46487484874419,0.0,0.0,37.07454304448171,-95.67238436017904,0.999576790133515,0.0,0.0,37.07454304448171,-95.67238436017902,0.0,37.07454304448171,-95.67238436017904,1.99915358026703,0.0,0.0,56.10661107529939,-106.301763997244,0.999576790133515,0.0,56.10661107529939,-106.301763997244,0.0,37.07454304448171,-95.67238436017902,0.999576790133515,0.0,0.0009392431708532779,0.0,0.0,60.97418419814442,0.0,0.0,0.0,0.0,37.07454304448171,-95.67238436017901,0.0,37.07454304448171,-95.67238436017904,0.999576790133515,0.0,0.0,37.07454304448171,-95.67238436017904,0.999576790133515,0.0,0.0,0.0,0.0,0.0,0.0,37.07454304448171,-95.67238436017904,1.000709868479631,0.0,0.0,37.07454304448171,-95.67238436017904,10.995344691468668,0.0,0.0,37.07454304448171,-95.67238436017904,4.997883950667575,0.0,0.0,37.07454304448171,-95.67238436017904,1.99915358026703,0.0,0.0,37.07454304448171,-95.67238436017904,0.0,0.0,37.07454304448171,-95.67238436017904,0.0,0.0,37.07454304448171,-95.67238436017904,0.0,0.0,37.07454304448171,-95.67238436017902,36.00938361845882,0.0,0.0,-6.936050173384833e+38,-2.246258396423427e+39,7.70039436007505e+38,-2.6899427521189958e+39,3.381809667829439e+36,2.1597822200082503e+37,3.672752099311071e+37,-5.6930462734460075e+38,-6.176045452237886e+37,-1.0017778686775424e+39,-3.2366482968540996e+30,-1.2716164050643852e+30,-6.540343222921612,0.16211419222041404,23.009461408547594,-2.35529851285189e+48,5.929469593977091e+50,-1.5898738101824812e+46,2.7971245448622504e+50,-3.4351671072841475e+41,-6.07781112290695e+41,0.6694566032412089,0.335748992582726,173.0106029270336,113.75514872397062,3.7868287328172046,0.24826657771394217,221.3262173637626,34.24152179101068,1.123000089968071,1.9480488065831159,147.044369009217,67.80015443674776,326.4265996595502,1.0565931786441285,35.656404955156475,92.62605784052501,10.935337805434115,144.7821804968271,212.48283130363407,46.550425469245134,7.808311239011564,1.9711498662291456,45.99608316786557,0.7655524879126463,41.44546639232232,1.3130872086046483,181.54032167247428,216.9030260025762,1.8938960551470678,209.85329865412245,0.3931029857153237,528.9950065928907,1.166373412856254,78.26003832143759,215.55587112047505,346.92714545469,20.819372154628496,35.53354925717535,74.75905777740087,4.809347072497331,12.747129989093326,38.860399186674826,0.43798573034829463,55.208154078703004,50.21208763764164,2.1609446679099924,77.94476071588196,1.1460292611954879,197.68045253830053,52.11244135719076,282.9798636941766,107.55635424338746,77.610642578364,0.484789041238493,146.40466045953167,0.6895484821402247,1.9845544873376346,16.67126816733419,0.2474414951846175,0.12065657913941302,0.4997883950667575,2.0884228805262905,1.0006230616356833,0.5008227057424042,0.4997883950667575,0.999576790133515,2.4989419753337874,0.999576790133515,5.497672345734334,0.8280874030837814,3.998594910897523,1.9812358220281112,100.83205392138731,31.35060916207085,1.478382232668793,4.498095555600819,38.181881876013676,0.5070596901412836,23271.660316063975,780.5386277779621,4226.14100720653,533.4881621644233,161.95963482279714,6.477846696425937,66.79723534191109,0.9424281851507628,18.115581958452914,28.324823867835917,109.69998491844191,33.58107114100534,0.8433273409854751,0.7507114051580461,19.777720263902957,50.48075243417575,28.1836374286848,114.72481748117474,15.438134248140239,0.2902219688125633,1.4838811817334254,36.44931692208788,12.577589833100099,18.755534114575728,27.29320872075876,110.01365605464913,7.303310289861343,1.217119030659235,79.73106289245243,20.49422833768811,7.779346245556822,12.031942844199722,3.4429867215709953,0.5997460740801093,0.19991535802670307,2.8348104232314775,5.141285944773769,4.244593910353346,1.6710842569309279,1.6988029293197056,2.8161117672954474,1.3629160016494453,380.6184456467321,0.4746641775544542,1.667101317776694,0.3337622638215894
2020-03-08 06:00:00,0.14052131093735232,35.84665098833328,104.15178859120931,35.84665098833329,104.15178859120931,35.84665098833329,104.15178859120931,35.84665098833328,104.15178859120932,35.84665098833327,104.1517885912093,35.84665098833327,104.15178859120931,35.84665098833328,104.15178859120932,35.84665098833328,104.15178859120934,35.84665098833328,104.15178859120932,0.0,35.84665098833329,104.15178859120931,35.84665098833328,104.15178859120931,35.84665098833328,104.15178859120931,35.84665098833329,104.15178859120932,35.84665098833328,104.15178859120932,35.84665098833328,104.15178859120932,35.84665098833328,104.15178859120931,35.84665098833327,104.15178859120931,35.84665098833328,104.15178859120931,35.84665098833327,104.15178859120931,0.0,35.84665098833329,104.15178859120932,35.84665098833328,104.15178859120931,0.0,35.84665098833328,104.15178859120931,0.0,35.84665098833328,104.15178859120931,0.04393615973062209,35.84665098833329,104.1517885912093,0.0,35.84665098833329,104.15178859120931,0.0,37.07471679653196,-95.67283273449655,0.6583698246436498,-0.02725750881280986,-0.0009562752893871769,37.07471679653196,-95.67283273449655,0.9995814747095718,0.0,0.0,37.07471679653196,-95.67283273449655,0.0,-0.0019072770705012496,37.074716796531966,-95.67283273449655,1.815839662290328,-0.003109451528816795,-0.002123983859943751,37.074716796531966,-95.67283273449655,0.9950375395815223,0.0,-0.0005885593045492077,56.10687402226803,-106.30226218678116,0.0,-0.0015228658279628215,-25.263820025236665,133.7191477223536,5.387010822707149,0.11966185053229078,-25.263820025236665,133.71914772235357,0.0,51.14427686431429,10.447151772045435,0.0,0.0,56.10687402226803,-106.30226218678116,-8.788027572872786e-05,0.1820244117332167,-25.263820025236665,133.7191477223536,0.0,-25.263820025236665,133.7191477223536,0.0,37.074716796531966,-95.67283273449655,2.0002095928092443,0.0,37.07471679653196,-95.67283273449652,0.9995814747095718,0.0,0.0010955638347150678,37.07471679653196,-95.67283273449652,1.0129747741620236,0.002069407155764076,37.07471679653196,-95.67283273449655,0.9995814747095718,0.0,37.07471679653196,-95.67283273449654,1.4380309603573953,0.0,0.0,37.07471679653196,-95.67283273449655,0.9995814747095718,0.0,0.0,37.07471679653196,-95.67283273449654,0.0,37.07471679653196,-95.67283273449655,1.9991629494191436,0.0,0.0,56.10687402226803,-106.30226218678116,0.9995814747095718,0.0,56.10687402226803,-106.30226218678116,0.0,37.07471679653196,-95.67283273449655,0.9995814747095718,0.0,0.0009397682389139196,0.0,0.0,60.9744699572839,0.0,0.0,0.0,0.0,37.07471679653196,-95.67283273449652,0.0,37.07471679653196,-95.67283273449655,0.9995814747095718,0.0,0.0,37.07471679653196,-95.67283273449655,0.9995814747095718,0.0,0.0,0.0,0.0,0.0,0.0,37.07471679653196,-95.67283273449655,1.0007147605749849,0.0,0.0,37.07471679653196,-95.67283273449655,10.995396221805294,0.0,0.0,37.07471679653196,-95.67283273449655,4.997907373547859,0.0,0.0,37.07471679653196,-95.67283273449655,1.9991629494191436,0.0,0.0,37.07471679653196,-95.67283273449655,0.0,0.0,37.07471679653196,-95.67283273449655,0.0,0.0,37.07471679653196,-95.67283273449655,0.0,0.0,37.07471679653196,-95.67283273449654,36.00955947115847,0.0,0.0,-7.085175232798447e+38,-2.294552945691576e+39,7.865413398989348e+38,-2.7475880812972775e+39,3.450283806637939e+36,2.2035130156635717e+37,3.749644872853829e+37,-5.812235945396497e+38,-6.310582921486617e+37,-1.0236003536711432e+39,-3.306291609348709e+30,-1.298977913189076e+30,-6.540382111255836,0.16260776610765418,23.00956592092857,-2.405937424319633e+48,6.056537809956113e+50,-1.6220652256255498e+46,2.855685171439621e+50,-3.509081970556868e+41,-6.206146641406381e+41,0.669444354394824,0.3357514011745052,172.81261934442514,113.7288827600318,3.8598478826331757,0.24678602868296023,221.20228291658668,33.83929245890246,1.12273914385668,1.9474374154217045,146.91669608911656,68.13111327886135,326.52536708577236,1.057712260089131,35.2372232137244,92.58667107022796,10.970046258092308,145.00594546041148,212.83914513141582,47.046325533273645,7.72981895221807,1.9647063482246616,45.57822476084666,0.7661006208936761,41.42631237524722,1.327167481427423,184.0039897017629,217.47149756298597,1.8901916855781793,209.83554183480908,0.3937955693670872,528.9269068439683,1.1678318463417885,78.42772706317875,215.38128848471183,346.90545157718765,20.746411680795354,35.96012079406491,74.66042504487028,4.820209170046382,12.75685933427859,38.81528981361906,0.43486215238930614,55.246209148946214,50.065348653707915,2.1591577920856935,77.73649208449073,1.1522646323397128,199.38405329053342,52.076699333104045,283.1840181495787,107.55686880920393,77.57399074055368,0.4848550555010368,146.17037810457902,0.6866346623647283,1.9824390689197735,16.492853929406976,0.24742680668526673,0.11923504524310402,0.4997907373547859,2.08754844949733,1.000628118099672,0.500825440932668,0.4997907373547859,0.9995814747095718,2.4989536867739295,0.9995814747095718,5.497698110902647,0.8262741099892935,3.9986131284525834,1.9830904971063363,100.83254094394893,31.350756088564648,1.4779554569375994,4.498116636193075,38.182060817673204,0.505833320071016,23317.453030798148,782.8454491226837,4270.719154912128,533.9475121548874,162.82790223652984,6.475235120790548,66.81769539408619,0.943031748796415,18.115690769672202,28.317942112921827,109.70557710084289,33.68230070973105,0.8471520981712712,0.7500385962287776,19.73274924948596,50.48624897830125,28.181690556776246,114.72809016947755,15.451734211385865,0.29054830745031707,1.491801140799473,36.44881418514016,12.576625442671794,18.78585450900882,27.2932710280924,110.01410613562193,7.303293378013014,1.2169571098979055,79.744299108923,20.520035853883932,7.7446715833468245,12.031999232615222,3.4430028573329694,0.5997488848257435,0.19991629494191446,2.832549372356867,5.1317049866313305,4.242805610908422,1.6710073163074108,1.6988189816896502,2.848566717913676,1.365081442313657,380.62031519414245,0.47466759716246604,1.6671093335903189,0.3337639294403734
2020-03-08 07:00:00,0.14236283933193955,35.846815045787494,104.15226525714093,35.8468150457875,104.15226525714093,35.8468150457875,104.15226525714093,35.846815045787494,104.15226525714094,35.846815045787494,104.15226525714091,35.84681504578749,104.15226525714093,35.846815045787494,104.15226525714094,35.846815045787494,104.15226525714095,35.846815045787494,104.15226525714095,0.0,35.8468150457875,104.15226525714093,35.846815045787494,104.15226525714094,35.846815045787494,104.15226525714093,35.8468150457875,104.15226525714094,35.8468150457875,104.15226525714094,35.846815045787494,104.15226525714094,35.8468150457875,104.15226525714093,35.846815045787494,104.15226525714093,35.846815045787494,104.15226525714093,35.846815045787494,104.15226525714093,0.0,35.8468150457875,104.15226525714095,35.8468150457875,104.15226525714093,0.0,35.846815045787494,104.15226525714093,0.0,35.8468150457875,104.15226525714093,0.043088276068320046,35.8468150457875,104.15226525714091,0.0,35.8468150457875,104.15226525714094,0.0,37.07488647440941,-95.67327059524348,0.6516466146819813,-0.027790608992652288,-0.0009744987984140439,37.07488647440941,-95.67327059524348,0.9995860494407534,0.0,0.0,37.07488647440941,-95.67327059524348,0.0,-0.0019433291909372666,37.07488647440942,-95.67327059524348,1.8121925435475683,-0.0031725307026543997,-0.0021654221617458877,37.07488647440942,-95.67327059524348,0.9950132073906209,0.0,-0.0005879950213721376,56.107130803603596,-106.3027486946705,0.0,-0.0012158893600983378,-25.263935648813288,133.71975970763955,5.36534173402734,0.11803529413847982,-25.263935648813288,133.71975970763955,0.0,51.14451093359633,10.447199584967322,0.0,0.0,56.10713080360359,-106.3027486946705,-5.921275361366746e-05,0.178749617650454,-25.263935648813288,133.71975970763953,0.0,-25.263935648813288,133.71975970763955,0.0,37.07488647440942,-95.67327059524348,2.0002191039996045,0.0,37.07488647440941,-95.67327059524345,0.9995860494407534,0.0,0.0010958292620433987,37.07488647440941,-95.67327059524345,1.0129844401085697,0.0020701727610416016,37.07488647440941,-95.67327059524348,0.9995860494407534,0.0,37.07488647440941,-95.67327059524347,1.4097476777196354,0.0,0.0,37.07488647440941,-95.67327059524348,0.9995860494407534,0.0,0.0,37.07488647440942,-95.67327059524347,0.0,37.07488647440941,-95.67327059524348,1.9991720988815067,0.0,0.0,56.10713080360359,-106.3027486946705,0.9995860494407534,0.0,56.10713080360359,-106.3027486946705,0.0,37.07488647440941,-95.67327059524348,0.9995860494407534,0.0,0.0009402866115361696,0.0,0.0,60.97474901588596,0.0,0.0,0.0,0.0,37.07488647440941,-95.67327059524347,0.0,37.07488647440941,-95.67327059524348,0.9995860494407534,0.0,0.0,37.07488647440941,-95.67327059524348,0.9995860494407534,0.0,0.0,0.0,0.0,0.0,0.0,37.07488647440941,-95.67327059524348,1.0007195353865332,0.0,0.0,37.07488647440941,-95.67327059524348,10.99544654384829,0.0,0.0,37.07488647440941,-95.67327059524348,4.997930247203766,0.0,0.0,37.07488647440941,-95.67327059524348,1.9991720988815067,0.0,0.0,37.07488647440941,-95.67327059524348,0.0,0.0,37.07488647440941,-95.67327059524348,0.0,0.0,37.07488647440941,-95.67327059524348,0.0,0.0,37.07488647440941,-95.67327059524347,36.009731176641125,0.0,0.0,-7.23529428284787e+38,-2.343169401485211e+39,8.03152691008428e+38,-2.8056157373243473e+39,3.519171390857307e+36,2.2475078569438726e+37,3.8270291299714626e+37,-5.932187454426913e+38,-6.446034917570474e+37,-1.0455711783670362e+39,-3.3764692447049253e+30,-1.3265493464134725e+30,-6.540419990142769,0.16299584130919972,23.009660764375194,-2.45691386862061e+48,6.184448793099137e+50,-1.6544510121584038e+46,2.9146201060926786e+50,-3.583563929216683e+41,-6.335405145040861e+41,0.6694326341437515,0.3357538314166434,172.63316070116522,113.65190464851756,3.939292239920715,0.2451312062267411,221.06938037488484,33.4574022635815,1.1221654915437025,1.9453001531993876,146.47383817598603,68.47567093754081,326.5907182336721,1.0584487844132728,34.857125106510075,92.52018866332834,11.011642903546637,145.22066724153174,213.2165795636126,47.57038638211003,7.635177817361748,1.9588568336819996,45.198864065955696,0.7667488219361518,41.39679198664244,1.3425372437254548,186.68166475314263,217.92119513537463,1.8862262338578921,209.79576632871084,0.394382117577033,528.6852185564387,1.1693594806982193,78.55295001871872,214.8218436896399,346.8549301165222,20.623772227136314,36.36943148730956,74.55014438242178,4.831715756550289,12.76908471756564,38.76105211105022,0.4311089068286777,55.28927733695995,49.90835427029623,2.157419394274675,77.53408610835776,1.158752633158287,201.15640777615602,51.997382317131716,283.3978198009568,107.55739411147631,77.53362516673835,0.48493746347971683,145.9472480036029,0.6838594178701224,1.978880024448517,16.292762161627667,0.24742149484862386,0.11794615403377937,0.4997930247203767,2.086094448858231,1.0006330545588509,0.5008281111008974,0.4997930247203767,0.9995860494407534,2.498965123601883,0.9995860494407534,5.497723271924145,0.8248984420303188,3.99863091774221,1.985483451816467,100.83301637530442,31.35089956989665,1.4775261332122627,4.4981372224833915,38.18223556347293,0.5017844329306439,23367.252488907896,785.3479642969575,4318.775166324919,534.3367012413723,163.56430684805946,6.466832102168571,66.84215014575803,0.943754224964945,18.11585001785996,28.310206242161644,109.71177907503603,33.79400495655449,0.8511131773734004,0.749298005379287,19.68332070113798,50.49309716801298,28.180527374154224,114.73025739726734,15.460152179398817,0.2907502184273745,1.497991792155224,36.44844870426559,12.57587381786877,18.821740328247778,27.293316543023103,110.0145464800918,7.3032818369234525,1.2168152041299451,79.76015131112463,20.551092887383867,7.690576892335273,12.032054298823887,3.4430186147403723,0.5997516296644523,0.19991720988815076,2.830921962226537,5.115148564940496,4.2369672561385725,1.6709325145054326,1.6988367603438357,2.886537396209237,1.3675944421698463,380.6222116235238,0.4746721860936281,1.6671172551464648,0.33376560285285567
2020-03-08 08:00:00,0.14408233147360683,35.846975136528656,104.1527303978603,35.846975136528656,104.15273039786031,35.84697513652866,104.15273039786031,35.84697513652864,104.15273039786031,35.84697513652864,104.1527303978603,35.84697513652864,104.15273039786031,35.846975136528656,104.15273039786031,35.846975136528656,104.15273039786032,35.84697513652864,104.15273039786032,0.0,35.84697513652865,104.1527303978603,35.84697513652864,104.15273039786031,35.846975136528656,104.1527303978603,35.846975136528656,104.15273039786031,35.846975136528656,104.15273039786032,35.846975136528656,104.15273039786032,35.84697513652865,104.15273039786031,35.84697513652865,104.15273039786031,35.84697513652865,104.15273039786031,35.84697513652865,104.15273039786031,0.0,35.84697513652866,104.15273039786032,35.84697513652865,104.1527303978603,0.0,35.846975136528656,104.1527303978603,0.0,35.846975136528656,104.1527303978603,0.0419529841220157,35.846975136528656,104.1527303978603,0.0,35.846975136528656,104.15273039786031,0.0,37.07505204967869,-95.67369786904113,0.6448881154239263,-0.028326423326970773,-0.0009928069317933531,37.07505204967869,-95.67369786904113,0.9995905135604051,0.0,0.0,37.07505204967869,-95.67369786904113,0.0,-0.001979487226061734,37.075052049678696,-95.67369786904113,1.8085282132943483,-0.0032359288397338926,-0.0022070305819801087,37.075052049678696,-95.67369786904113,0.9950031152588494,0.0,-0.0005845237455072254,56.10738137627352,-106.30322343938083,0.0,-0.0008270190875127176,-25.264048476750087,133.7203568958531,5.333866342000386,0.1154725190917716,-25.26404847675009,133.72035689585312,0.0,51.14473934336303,10.447246241829928,0.0,0.0,56.107381376273516,-106.30322343938083,-2.3192323677432083e-05,0.1743569452469272,-25.26404847675009,133.7203568958531,0.0,-25.26404847675009,133.7203568958531,0.0,37.075052049678696,-95.67369786904113,2.0002283837739947,0.0,37.07505204967869,-95.67369786904109,0.9995905135604051,0.0,0.0010960857043868324,37.07505204967869,-95.6736978690411,1.0129938632854625,0.0020709180728785683,37.07505204967869,-95.67369786904113,0.9995905135604051,0.0,37.07505204967869,-95.67369786904112,1.3805989486103256,0.0,0.0,37.07505204967869,-95.67369786904113,0.9995905135604051,0.0,0.0,37.075052049678696,-95.6736978690411,0.0,37.07505204967869,-95.67369786904113,1.9991810271208101,0.0,0.0,56.107381376273516,-106.30322343938082,0.9995905135604051,0.0,56.107381376273516,-106.30322343938082,0.0,37.07505204967869,-95.67369786904112,0.9995905135604051,0.0,0.0009407980940644542,0.0,0.0,60.97502132718472,0.0,0.0,0.0,0.0,37.07505204967869,-95.6736978690411,0.0,37.07505204967869,-95.67369786904113,0.9995905135604051,0.0,0.0,37.07505204967869,-95.67369786904113,0.9995905135604051,0.0,0.0,0.0,0.0,0.0,0.0,37.07505204967869,-95.67369786904113,1.0007241921634844,0.0,0.0,37.07505204967869,-95.67369786904113,10.99549564916446,0.0,0.0,37.07505204967869,-95.67369786904113,4.9979525678020265,0.0,0.0,37.07505204967869,-95.67369786904113,1.9991810271208101,0.0,0.0,37.07505204967869,-95.67369786904113,0.0,0.0,37.07505204967869,-95.67369786904113,0.0,0.0,37.07505204967869,-95.67369786904113,0.0,0.0,37.07505204967869,-95.67369786904112,36.009898706586185,0.0,0.0,-7.386391817554207e+38,-2.392102742151569e+39,8.19871763221791e+38,-2.864019690446117e+39,3.5884644716420414e+36,2.2917616673437033e+37,3.9048964609373414e+37,-6.0528877648185806e+38,-6.582387780891657e+37,-1.0676881271269387e+39,-3.447182204463246e+30,-1.3543310982234602e+30,-6.540456855105802,0.1632539317930476,23.009747851482718,-2.5082225803359472e+48,6.313189251954901e+50,-1.6870274328288197e+46,2.973922944073077e+50,-3.658614046233261e+41,-6.465578338678968e+41,0.6694212856733704,0.33575626604959524,172.47211410360825,113.51716823794335,4.02223064189686,0.24331899542932492,220.93698704536502,33.106812263287,1.1213341945571753,1.9417073463437684,145.7303241338132,68.8181057673117,326.6100062975125,1.058657858871782,34.51588115860333,92.42873344994469,11.061215855924297,145.4211844092464,213.60019467212817,48.10250159378544,7.524876085012939,1.953600371865929,44.857939849979765,0.7674506638386782,41.357178462938876,1.3588755694328964,189.51223806435047,218.22475367967456,1.8822792071051215,209.7378474464276,0.39486367738879047,528.2779405233608,1.1708833616367835,78.61974263995896,213.89471764275706,346.77151916245657,20.455347403431666,36.751615799203385,74.42934368559007,4.843411081035182,12.7842153492376,38.69795847082408,0.42674479244521385,55.33474330713214,49.75298704417101,2.155914230759205,77.35913288767867,1.1653327042179944,202.95430602028102,51.882195925276285,283.61108434719125,107.55792397021636,77.49278954568817,0.4850389548499979,145.7414030391756,0.6812988871078177,1.9739904888944173,16.073058826040917,0.24742335855660685,0.11678909877621664,0.49979525678020253,2.084083996006951,1.0006378702135894,0.5008307158166418,0.49979525678020253,0.9995905135604051,2.4989762839010132,0.9995905135604051,5.49774782458223,0.8239291768438051,3.9986482758058197,1.9885310850215556,100.83348013906571,31.351039582021624,1.4770944239630495,4.498157311021825,38.182406084128175,0.4950440742741988,23418.69017225336,787.9289508216764,4368.144897156218,534.6564217190061,164.1702105901641,6.452896133645156,66.87123169920545,0.9446144125029794,18.11604572608732,28.301952851418854,109.71834252131737,33.911732506230464,0.8551029071654448,0.7485488999435166,19.634094843069462,50.50151894522619,28.179980404829205,114.73154854262467,15.464487624097996,0.29085410088529784,1.5028836929639384,36.44819089871452,12.575290150024891,18.860630309544046,27.29334754116067,110.01497431633375,7.303274358141273,1.2166890646406436,79.77905743050403,20.58827564755945,7.617596071223293,12.032108033597472,3.443033991152507,0.5997543081362434,0.19991810271208113,2.8298993908053816,5.091887172967142,4.227267012844598,1.6708592273703728,1.6988557988420971,2.9293578171917845,1.3704138025144994,380.62411717406906,0.4746776376513742,1.6671250614107709,0.33376727392518274
2020-03-08 09:00:00,0.14563543452829428,35.84713123431513,104.1531839371229,35.84713123431513,104.15318393712292,35.847131234315135,104.15318393712292,35.847131234315114,104.15318393712292,35.847131234315114,104.1531839371229,35.847131234315114,104.15318393712292,35.84713123431513,104.15318393712292,35.84713123431513,104.15318393712293,35.847131234315114,104.15318393712293,0.0,35.84713123431512,104.15318393712289,35.847131234315114,104.1531839371229,35.84713123431513,104.15318393712289,35.847131234315135,104.1531839371229,35.84713123431513,104.15318393712292,35.84713123431513,104.15318393712292,35.847131234315114,104.1531839371229,35.84713123431512,104.1531839371229,35.84713123431512,104.1531839371229,35.84713123431513,104.15318393712292,0.0,35.847131234315135,104.15318393712293,35.847131234315114,104.1531839371229,0.0,35.84713123431513,104.1531839371229,0.0,35.84713123431513,104.1531839371229,0.04054914735746143,35.84713123431513,104.15318393712289,0.0,35.84713123431513,104.15318393712292,0.0,37.075213495199165,-95.674114485852,0.6380963889493465,-0.02886477845358315,-0.0010111926616448233,37.075213495199165,-95.674114485852,0.9995948663367817,0.0,0.0,37.075213495199165,-95.674114485852,0.0,-0.0020157175844093406,37.075213495199165,-95.674114485852,1.804848661646922,-0.003299616725065513,-0.002248782081565287,37.075213495199165,-95.674114485852,0.9950111390283607,0.0,-0.0005773709160618833,56.10762569920465,-106.30368634309336,0.0,-0.00033915396154185484,-25.264158490552635,133.72093918910485,5.293488405092228,0.11205829145211954,-25.264158490552635,133.72093918910485,0.0,51.1449620561741,10.4472917349854,0.0,0.0,56.10762569920465,-106.30368634309337,2.194217079683463e-05,0.16892854108940375,-25.264158490552635,133.72093918910483,0.0,-25.264158490552635,133.72093918910485,0.0,37.07521349519917,-95.674114485852,2.000237430638671,0.0,37.075213495199165,-95.67411448585199,0.9995948663367817,0.0,0.001096333168273532,37.075213495199165,-95.67411448585199,1.0130030423195258,0.0020716430028266865,37.075213495199165,-95.674114485852,0.9995948663367817,0.0,37.07521349519916,-95.674114485852,1.3511422745837538,0.0,0.0,37.075213495199165,-95.674114485852,0.9995948663367817,0.0,0.0,37.07521349519917,-95.67411448585199,0.0,37.075213495199165,-95.674114485852,1.9991897326735635,0.0,0.0,56.10762569920465,-106.30368634309335,0.9995948663367817,0.0,56.10762569920465,-106.30368634309335,0.0,37.075213495199165,-95.674114485852,0.9995948663367817,0.0,0.0009413024959339447,0.0,0.0,60.975286846543696,0.0,0.0,0.0,0.0,37.075213495199165,-95.674114485852,0.0,37.075213495199165,-95.674114485852,0.9995948663367817,0.0,0.0,37.075213495199165,-95.674114485852,0.9995948663367817,0.0,0.0,0.0,0.0,0.0,0.0,37.075213495199165,-95.674114485852,1.0007287301914203,0.0,0.0,37.075213495199165,-95.674114485852,10.995543529704603,0.0,0.0,37.075213495199165,-95.674114485852,4.99797433168391,0.0,0.0,37.075213495199165,-95.674114485852,1.9991897326735635,0.0,0.0,37.075213495199165,-95.674114485852,0.0,0.0,37.075213495199165,-95.674114485852,0.0,0.0,37.075213495199165,-95.674114485852,0.0,0.0,37.075213495199165,-95.674114485852,36.01006203398269,0.0,0.0,-7.538451850566956e+38,-2.441347790468236e+39,8.366967766812063e+38,-2.922793723168529e+39,3.6581548279627357e+36,2.3362691965282106e+37,3.9832381810617305e+37,-6.1743234146391094e+38,-6.719627433424733e+37,-1.0899489164420214e+39,-3.518431727143401e+30,-1.382323655209371e+30,-6.5404927019550465,0.16336651063845295,23.009828661130456,-2.559858130925416e+48,6.442745481234601e+50,-1.7197906227240286e+46,3.03358707122387e+50,-3.734233636090628e+41,-6.5966575061583455e+41,0.669410187166986,0.3357586917418226,172.32895390776596,113.32109966094426,4.105738386109045,0.24137117648212908,220.81456865638705,32.796834061591866,1.1203167269716228,1.9367728627813452,144.70967765101042,69.14338105448908,326.5733675054166,1.0582264759192537,34.21238937831528,92.3151148775107,11.11994401442884,145.60233952182068,213.97516853632638,48.62274824953437,7.400056596655535,1.948921956779425,44.55448021785908,0.7681545750160346,41.30813380859376,1.3758304115807494,192.42938116706284,218.36491618514438,1.8786298404693398,209.66681565490023,0.39524706971472295,527.7180240213332,1.172333554625247,78.6158717296315,212.62831449428336,346.65312010299374,20.24629014451385,37.096815708345446,74.29947784984756,4.854842992362089,12.802731858516218,38.626653692462334,0.4218143070880192,55.379724081254125,49.611090505679606,2.1548008600572492,77.23016206161913,1.1718455312509972,204.73484152723773,51.74113405855352,283.81404904059525,107.55845358180702,77.45471163843793,0.48516269003212353,145.55805718342182,0.679017800538899,1.9679201891149867,15.83641965873476,0.24743069927678632,0.11576012004368198,0.49979743316839087,2.081563586671253,1.0006425643018897,0.5008332546698042,0.49979743316839087,0.9995948663367817,2.498987165841955,0.9995948663367817,5.497771764852302,0.8233438070104097,3.9986651998185576,1.9923702512458568,100.8339321624685,31.35117610198917,1.4766605298428945,4.49817689851552,38.18257235168769,0.4858237439976958,23469.351437703714,790.4689521932852,4416.625329818402,534.9111846755857,164.65416227169484,6.4338545974393995,66.90562489015012,0.9456326784562731,18.116267057687924,28.29351791893549,109.72501946287115,34.031043525506405,0.8590144088472008,0.7478502562096502,19.58968906930807,50.511775097718996,28.179869366665656,114.7322102283885,15.46592379765913,0.29088836550713826,1.506931458486918,36.44801700048386,12.574838440799427,18.899679570690555,27.29336571252748,110.01538693339775,7.303269911528988,1.2165753493590779,79.80149888295539,20.632547333013374,7.526981774813723,12.032160428127932,3.443048984048915,0.5997569198020694,0.19991897326735644,2.829466702778796,5.062448754490862,4.214008518154283,1.6707869709200809,1.6988757386187034,2.9762379834888515,1.3734899033992658,380.62601808484226,0.4746837150297114,1.6671327360442372,0.33376893485372766
2020-03-08 10:00:00,0.1469797802046831,35.84728331415403,104.15362580231238,35.84728331415403,104.15362580231238,35.84728331415404,104.15362580231238,35.84728331415402,104.15362580231239,35.84728331415401,104.15362580231239,35.847283314154026,104.15362580231239,35.847283314154026,104.15362580231239,35.84728331415403,104.15362580231242,35.84728331415402,104.1536258023124,0.0,35.847283314154026,104.15362580231236,35.847283314154026,104.15362580231239,35.84728331415403,104.15362580231238,35.84728331415404,104.15362580231238,35.84728331415404,104.1536258023124,35.84728331415403,104.1536258023124,35.847283314154026,104.15362580231238,35.84728331415403,104.15362580231238,35.847283314154026,104.15362580231239,35.84728331415403,104.15362580231239,0.0,35.84728331415404,104.1536258023124,35.84728331415402,104.15362580231238,0.0,35.84728331415403,104.15362580231238,0.0,35.84728331415404,104.15362580231238,0.03890519535296028,35.84728331415403,104.15362580231238,0.0,35.84728331415403,104.15362580231239,0.0,37.07537078512173,-95.67452037897142,0.6312739327150894,-0.029405463524799558,-0.0010296473462671901,37.07537078512173,-95.67452037897142,0.9995991070729582,0.0,0.0,37.07537078512173,-95.67452037897142,0.0,-0.002051977439459056,37.07537078512173,-95.67452037897142,1.801156387430498,-0.003363557942618056,-0.0022906424897111838,37.07537078512173,-95.67452037897142,0.9950420760223366,0.0,-0.000565577705639482,56.107863733278336,-106.30413733169237,0.0,0.00026763873441204566,-25.26426567260657,133.7215064941636,5.245457844643553,0.10790641632531144,-25.264265672606573,133.7215064941636,0.0,51.14517903637091,10.447336057149808,0.0,0.0,56.107863733278336,-106.30413733169239,7.832217499439704e-05,0.16258626092583428,-25.264265672606573,133.72150649416358,0.0,-25.264265672606573,133.7215064941636,0.0,37.075370785121734,-95.67452037897142,2.0002462431722474,0.0,37.07537078512173,-95.67452037897141,0.9995991070729582,0.0,0.0010965716621830872,37.07537078512173,-95.67452037897141,1.0130119759109097,0.002072347468216969,37.07537078512173,-95.67452037897142,0.9995991070729582,0.0,37.07537078512172,-95.67452037897142,1.3218963891867794,0.0,0.0,37.07537078512173,-95.67452037897142,0.9995991070729582,0.0,0.0,37.075370785121734,-95.6745203789714,0.0,37.07537078512173,-95.67452037897142,1.9991982141459164,0.0,0.0,56.107863733278336,-106.30413733169237,0.9995991070729582,0.0,56.107863733278336,-106.30413733169237,0.0,37.07537078512173,-95.67452037897141,0.9995991070729582,0.0,0.0009417996306762422,0.0,0.0,60.975545531450464,0.0,0.0,0.0,0.0,37.07537078512173,-95.67452037897142,0.0,37.07537078512173,-95.67452037897142,0.9995991070729582,0.0,0.0,37.07537078512173,-95.67452037897142,0.9995991070729582,0.0,0.0,0.0,0.0,0.0,0.0,37.07537078512173,-95.67452037897142,1.0007331487921967,0.0,0.0,37.07537078512173,-95.67452037897142,10.995590177802544,0.0,0.0,37.07537078512173,-95.67452037897142,4.997995535364791,0.0,0.0,37.07537078512173,-95.67452037897142,1.9991982141459164,0.0,0.0,37.07537078512173,-95.67452037897142,0.0,0.0,37.07537078512173,-95.67452037897142,0.0,0.0,37.07537078512173,-95.67452037897142,0.0,0.0,37.07537078512173,-95.67452037897142,36.01022113312606,0.0,0.0,-7.691457906112929e+38,-2.4908992107121e+39,8.536258965792361e+38,-2.981931426044591e+39,3.7282339443424234e+36,2.3810250061145984e+37,4.0620453168249566e+37,-6.296480494247648e+38,-6.857739375319136e+37,-1.1123511943818226e+39,-3.5902192628358345e+30,-1.4105275870837006e+30,-6.540527526786335,0.1633281112697529,23.009904332435532,-2.6118149256538854e+48,6.5731033525257005e+50,-1.7527365785040674e+46,3.0936056534186642e+50,-3.810424237819981e+41,-6.728633479361862e+41,0.6693992443631995,0.3357610981907692,172.20283361053208,113.06436911021122,4.187039315790201,0.2393138274024972,220.71092705425932,32.53473756387465,1.119195900080711,1.9306475642150076,143.44306461403718,69.43825500268576,326.47471028026644,1.057084846052692,33.94486943475177,92.18267437371144,11.189081460240134,145.75920590463178,214.32755562647944,49.11241709816278,7.262442236168848,1.9447956305713812,44.28680370359085,0.7688076421926509,41.25065576226399,1.3930296426506223,195.36376224139488,218.33576850841985,1.8755378110753504,209.58849943761408,0.3955437476560066,527.0226280630786,1.1736483172421108,78.53410970810735,211.06057050611975,346.50004134963774,20.00272908918641,37.395614221167364,74.16228887161807,4.865586074191459,12.825187208800259,38.54811278627993,0.41638473575026214,55.42127803376518,49.49365015454672,2.154202524923596,77.1615789562569,1.178138772499779,206.45694549857728,51.58577009242399,283.99809473254,107.55897922219354,77.42238796623651,0.48531230608555426,145.40129094923788,0.6770668170863554,1.9608472027566828,15.586055327186125,0.24744220942270923,0.11485316307145466,0.4997995535364791,2.0786001396880494,1.0006471360992895,0.5008357272705874,0.4997995535364791,0.9995991070729582,2.4989977676823956,0.9995991070729582,5.497795088901272,0.8231289707038141,3.998681687090949,1.997160470529193,100.83437237636271,31.351309107941034,1.476224700837527,4.498195981828314,38.1827343395303,0.47440334998516986,23516.90770552893,792.8528249932826,4462.09560498577,535.1085648950643,165.03047076788062,6.410278316308912,66.9460582181832,0.9468306883504877,18.116505637384854,28.285220828917936,109.73157399134534,34.147722445684316,0.8627468618409906,0.747256825361791,19.554367495579616,50.52416574553607,28.180015264525974,114.73248677175737,15.465634960461053,0.29088120691591085,1.5105761185640274,36.44790800521367,12.574489911821352,18.935969900594145,27.293372236944524,110.01578152378727,7.303267695937133,1.2164714620336348,79.82799633523358,20.684949663544714,7.4206069384953475,12.032211474026353,3.443063591029078,0.5997594642437751,0.19991982141459172,2.829623657988518,5.027585432395072,4.197593607031999,1.670715371543889,1.6988963042071412,3.026257247010661,1.3767643248312647,380.6279037095264,0.47469023579726516,1.6671402663154526,0.3337705796212471
2020-03-08 11:00:00,0.1480770183991594,35.84743135229805,104.15405592443133,35.84743135229807,104.15405592443133,35.847431352298074,104.15405592443132,35.84743135229805,104.15405592443132,35.847431352298045,104.15405592443133,35.84743135229805,104.15405592443132,35.84743135229806,104.15405592443133,35.84743135229806,104.15405592443135,35.84743135229805,104.15405592443133,0.0,35.84743135229806,104.1540559244313,35.84743135229805,104.15405592443132,35.84743135229806,104.15405592443132,35.84743135229807,104.15405592443133,35.84743135229807,104.15405592443133,35.84743135229806,104.15405592443133,35.84743135229805,104.15405592443133,35.84743135229806,104.15405592443133,35.84743135229805,104.15405592443133,35.84743135229805,104.15405592443135,0.0,35.847431352298074,104.15405592443133,35.84743135229805,104.15405592443132,0.0,35.84743135229806,104.15405592443132,0.0,35.84743135229807,104.15405592443132,0.03705715427561958,35.84743135229806,104.15405592443132,0.0,35.84743135229806,104.15405592443133,0.0,37.07552389488551,-95.67491548501903,0.6244238098744574,-0.02994821894220745,-0.001048160240653205,37.07552389488551,-95.67491548501903,0.9996032351067421,0.0,0.0,37.0755238948855,-95.67491548501903,0.0,-0.0020882120028182655,37.07552389488551,-95.67491548501903,1.797454548864148,-0.0034277067523432875,-0.0023325683821581525,37.07552389488551,-95.67491548501903,0.9951018333948831,0.0,-0.0005479633514524421,56.10809544132549,-106.30457633475588,0.0,0.0010163754040267287,-25.264370006175383,133.72205872244444,5.1913061348697855,0.1031539985719602,-25.264370006175383,133.72205872244447,0.0,51.145390250071934,10.447379201402228,0.0,0.0,56.10809544132549,-106.3045763347559,0.00014851032362804377,0.15548403826717094,-25.264370006175383,133.72205872244442,0.0,-25.264370006175383,133.72205872244444,0.0,37.07552389488551,-95.67491548501903,2.0002548200255044,0.0,37.07552389488551,-95.67491548501901,0.9996032351067421,0.0,0.001096801196534347,37.07552389488551,-95.67491548501901,1.0130206628328815,0.0020730313921400838,37.07552389488551,-95.67491548501903,0.9996032351067421,0.0,37.0755238948855,-95.67491548501903,1.2933239722268723,0.0,0.0,37.07552389488551,-95.67491548501903,0.9996032351067421,0.0,0.0,37.0755238948855,-95.674915485019,0.0,37.07552389488551,-95.67491548501903,1.9992064702134842,0.0,0.0,56.10809544132549,-106.30457633475586,0.9996032351067421,0.0,56.10809544132549,-106.30457633475586,0.0,37.07552389488551,-95.67491548501901,0.9996032351067421,0.0,0.000942289315924836,0.0,0.0,60.97579734151128,0.0,0.0,0.0,0.0,37.07552389488551,-95.67491548501903,0.0,37.07552389488551,-95.67491548501903,0.9996032351067421,0.0,0.0,37.07552389488551,-95.67491548501903,0.9996032351067421,0.0,0.0,0.0,0.0,0.0,0.0,37.07552389488551,-95.67491548501903,1.0007374473238446,0.0,0.0,37.07552389488551,-95.67491548501903,10.995635586174167,0.0,0.0,37.07552389488551,-95.67491548501903,4.998016175533711,0.0,0.0,37.07552389488551,-95.67491548501903,1.9992064702134842,0.0,0.0,37.07552389488551,-95.67491548501903,0.0,0.0,37.07552389488551,-95.67491548501903,0.0,0.0,37.07552389488551,-95.67491548501903,0.0,0.0,37.0755238948855,-95.67491548501903,36.01037597961464,0.0,0.0,-7.84539300805856e+38,-2.5407515051168512e+39,8.706572316746786e+38,-3.0414261924898684e+39,3.798692981265286e+36,2.426023450773565e+37,4.141308587872272e+37,-6.419344618385428e+38,-6.996708681413342e+37,-1.1348925400288529e+39,-3.662546442834458e+30,-1.438943534750199e+30,-6.540561325980227,0.16314370887511834,23.009975739398396,-2.6640871998769598e+48,6.704248302863381e+50,-1.785861144490131e+46,3.1539716228490622e+50,-3.887187582770165e+41,-6.861496600574825e+41,0.6693883846148203,0.3357634774234458,172.09267272993037,112.75227154668339,4.263644154626924,0.23717638792349371,220.63360377080872,32.325445376175715,1.1180600813114066,1.9235109748725787,141.96757202943212,69.69223350665996,326.3124018823425,1.055214264694656,33.711046215396685,92.03511063074065,11.2699337348859,145.88732412239415,214.64504012429177,49.55503623274956,7.114226224511804,1.9411874089586911,44.052708830692424,0.7693595570412305,41.18600867436931,1.4100923980155564,198.24531350659396,218.1431626409027,1.8732256026804466,209.50911849431304,0.39576831734121337,526.2121717888747,1.1747785429846183,78.37311043024957,209.23681252695263,346.31521960984514,19.731448132667865,37.639487411147655,74.01974331520034,4.875264625499898,12.852205765999402,38.46357870217902,0.4105418533511313,55.45662170860936,49.41004456556001,2.154200318385342,77.16286755277525,1.1840718922377669,208.08268096912025,51.42844954404498,284.156366216143,107.55949801106814,77.3983871581223,0.48549191047016554,145.27388484482606,0.6754804565316345,1.9529686471005514,15.325595004995257,0.247456884454992,0.11406049926380829,0.49980161755337105,2.075277143503572,1.000651584918763,0.5008381332494409,0.49980161755337105,0.9996032351067421,2.4990080877668555,0.9996032351067421,5.4978177930870835,0.8232807081902844,3.9986977350685557,2.003085948081964,100.8348007152028,31.35143857910828,1.4757872505964198,4.498214557980341,38.18289202236154,0.46111586487011935,23559.247895721077,794.9762500430767,4502.637458019992,535.2582225539135,165.31735735084172,6.3828493278286205,66.99329005931233,0.9482309961673206,18.11675501192861,28.277348877705137,109.73779362561206,34.25798467350455,0.8662106939489804,0.7468155403596276,19.531757391770814,50.539029826166434,28.180254362100033,114.73260076447795,15.464694369835936,0.2908583943303138,1.514207966398149,36.44784878924643,12.574221666231564,18.966727982667305,27.293367836115188,110.0161550113975,7.303267099372781,1.2163754223638632,79.8591023674434,20.746588202975197,7.300836564449169,12.032261163321898,3.4430778098121113,0.5997619410640455,0.1999206470213485,2.830385366347069,4.988230140083667,4.178500312059703,1.6706441422152254,1.6989172839658984,3.07836468760899,1.380169919225442,380.6297658194163,0.4746970596808496,1.667147642260328,0.3337722035767928
2020-03-08 12:00:00,0.1488947867082508,35.84757532624234,104.15447423809228,35.84757532624234,104.15447423809228,35.84757532624235,104.15447423809228,35.84757532624234,104.15447423809228,35.847575326242335,104.15447423809229,35.84757532624234,104.15447423809228,35.84757532624234,104.15447423809229,35.84757532624234,104.15447423809229,35.847575326242335,104.15447423809229,0.0,35.84757532624234,104.15447423809226,35.84757532624234,104.15447423809226,35.84757532624234,104.15447423809226,35.84757532624235,104.15447423809228,35.84757532624235,104.15447423809228,35.84757532624234,104.15447423809228,35.84757532624234,104.15447423809228,35.84757532624234,104.15447423809228,35.847575326242335,104.15447423809229,35.84757532624234,104.15447423809229,0.0,35.84757532624235,104.15447423809229,35.847575326242335,104.15447423809228,0.0,35.84757532624234,104.15447423809226,0.0,35.84757532624235,104.15447423809228,0.03504639559036471,35.84757532624235,104.15447423809228,0.0,35.84757532624235,104.15447423809229,0.0,37.07567280121464,-95.67529974393051,0.617549818524056,-0.030492721726121497,-0.00106671786074429,37.07567280121464,-95.67529974393051,0.999607249810587,0.0,0.0,37.07567280121464,-95.67529974393051,0.0,-0.0021243510323625744,37.07567280121464,-95.67529974393051,1.7937471572455825,-0.003492005361458203,-0.002374504353880834,37.07567280121464,-95.67529974393051,0.9951976450300423,0.0,-0.0005230817769497284,56.10832078812168,-106.30500328554629,0.0,0.0019333627399923392,-25.26447147539821,133.72259578999729,5.132772337977935,0.09795490049562827,-25.26447147539821,133.72259578999729,0.0,51.145595665168315,10.447421161183847,0.0,0.0,56.10832078812168,-106.30500328554632,0.00023556608912730665,0.14779914802834748,-25.26447147539821,133.72259578999729,0.0,-25.26447147539821,133.72259578999729,0.0,37.07567280121464,-95.67529974393052,2.000263159921208,0.0,37.07567280121464,-95.67529974393051,0.999607249810587,0.0,0.0010970217836735073,37.07567280121464,-95.67529974393051,1.0130291019316164,0.002073694703427052,37.07567280121464,-95.67529974393051,0.999607249810587,0.0,37.07567280121463,-95.67529974393052,1.265819748662744,0.0,0.0,37.07567280121464,-95.67529974393051,0.999607249810587,0.0,0.0,37.07567280121464,-95.6752997439305,0.0,37.07567280121464,-95.67529974393051,1.999214499621174,0.0,0.0,56.10832078812168,-106.30500328554629,0.999607249810587,0.0,56.10832078812168,-106.30500328554629,0.0,37.07567280121464,-95.67529974393051,0.999607249810587,0.0,0.0009427713734203691,0.0,0.0,60.976042238445814,0.0,0.0,0.0,0.0,37.07567280121464,-95.67529974393052,0.0,37.07567280121464,-95.67529974393051,0.999607249810587,0.0,0.0,37.07567280121464,-95.67529974393051,0.999607249810587,0.0,0.0,0.0,0.0,0.0,0.0,37.07567280121464,-95.67529974393051,1.000741625180473,0.0,0.0,37.07567280121464,-95.67529974393051,10.99567974791646,0.0,0.0,37.07567280121464,-95.67529974393051,4.9980362490529355,0.0,0.0,37.07567280121464,-95.67529974393051,1.999214499621174,0.0,0.0,37.07567280121464,-95.67529974393051,0.0,0.0,37.07567280121464,-95.67529974393051,0.0,0.0,37.07567280121464,-95.67529974393051,0.0,0.0,37.07567280121464,-95.67529974393052,36.01052655034646,0.0,0.0,-8.000239666379035e+38,-2.5908990094911668e+39,8.877888324301927e+38,-3.1012712122766813e+39,3.8695227357392074e+36,2.471258653042799e+37,4.221018383461622e+37,-6.5429008896682346e+38,-7.136519997548651e+37,-1.1575704628806502e+39,-3.735415044315349e+30,-1.4675721964269385e+30,-6.5405940962010165,0.16282835009401392,23.010043549933783,-2.7166690144465236e+48,6.836165320390008e+50,-1.8191599941240807e+46,3.214677660087662e+50,-3.9645255571197576e+41,-6.995236675569925e+41,0.6693775521700325,0.33576582325428267,171.99723537137763,112.39467700794101,4.333475333326245,0.23499048855099153,220.5883761173432,32.17133306915654,1.116997124415695,1.9155618735617133,140.3242645153792,69.89828316013576,326.0895940933645,1.0526508435639086,33.50831580056609,91.87629866353669,11.363824776790107,145.9829309940542,214.9176366284945,49.93732334276052,6.9579390416154965,1.9380579217629532,43.84964521751703,0.7697664169880206,41.115644495748825,1.426640146127691,201.00542987576958,217.8042922976208,1.8718636046607728,209.43485662983025,0.3959368514192933,525.3092643933004,1.175691093200215,78.13781003342177,207.2073456472005,346.1041961785945,19.439554559835315,37.82124220034381,73.87395409263874,4.883574036045221,12.884479736831933,38.37448669795621,0.4043847055358329,55.48333852134758,49.36741275102501,2.154829006544187,77.23810385778876,1.1895197894616092,209.57821353876164,51.2814424369966,284.28423735421967,107.56000772537976,77.38468403127962,0.4857060575166263,145.1772112119238,0.6742757567242882,1.9444910361034888,15.058941209726926,0.2474739539637023,0.11337328822603512,0.4998036249052935,2.0716902463745455,1.0006559101106216,0.5008404722570069,0.4998036249052935,0.999607249810587,2.4990181245264678,0.999607249810587,5.49783987395823,0.8238045694674778,3.9987133413316367,2.0103572315677845,100.83521711703835,31.35156449580861,1.4753485747831379,4.498232624147643,38.18304537621038,0.4463299956602001,23594.600674821708,796.7517888477172,4536.6472767801815,535.3707877810311,165.5348497522617,6.35232458366296,67.04808944969055,0.9498564728734562,18.11701022355728,28.270143326639733,109.74349951689175,34.35866286216025,0.8693323076700974,0.7465624843498617,19.524610019254048,50.556743152896416,28.180450932135066,114.73273529025275,15.463990252845251,0.2908412539118101,1.5181328532618137,36.447827373016914,12.574015572061361,18.989535519367585,27.2933528030562,110.01650385600381,7.303267667570121,1.2162857635271647,79.89539042412659,20.818610257678056,7.17038124248254,12.032309488460772,3.443091638236466,0.5997643498863523,0.19992144996211747,2.8317827069585033,4.945447112609662,4.15725801537621,1.6705730635997926,1.6989385151383534,3.1313882772770243,1.3836314495853368,380.63159805691845,0.47470407898708467,1.6671548560351843,0.33377380311229854
2020-03-08 13:00:00,0.1494084588092671,35.84771521472141,104.15488068150879,35.84771521472141,104.15488068150879,35.84771521472142,104.15488068150879,35.847715214721404,104.15488068150879,35.8477152147214,104.1548806815088,35.847715214721404,104.15488068150877,35.847715214721404,104.15488068150879,35.847715214721404,104.1548806815088,35.847715214721404,104.15488068150879,0.0,35.84771521472141,104.15488068150877,35.847715214721404,104.15488068150877,35.84771521472141,104.15488068150877,35.84771521472142,104.15488068150879,35.84771521472141,104.15488068150879,35.84771521472141,104.15488068150879,35.84771521472141,104.15488068150879,35.847715214721404,104.15488068150879,35.847715214721404,104.15488068150879,35.84771521472141,104.1548806815088,0.0,35.84771521472142,104.15488068150879,35.847715214721404,104.15488068150879,0.0,35.84771521472141,104.15488068150877,0.0,35.84771521472141,104.15488068150879,0.032917287218015734,35.84771521472141,104.15488068150877,0.0,35.84771521472141,104.1548806815088,0.0,37.07581748211513,-95.67567309894946,0.6106567107940943,-0.031038566576059856,-0.0010853031604191772,37.07581748211513,-95.67567309894946,0.9996111505915064,0.0,0.0,37.07581748211512,-95.67567309894946,0.0,-0.002160304378359394,37.07581748211512,-95.67567309894946,1.7900393249720867,-0.0035563804302761043,-0.0024163795266267385,37.07581748211512,-95.67567309894946,0.9953383180759143,0.0,-0.0004891722868806091,56.108539740382376,-106.30541812100145,0.0,0.0030483320585768248,-25.264570065287675,133.7231176174953,5.071725712071768,0.0924729170245972,-25.264570065287675,133.7231176174953,0.0,51.14579525131949,10.447461930297045,0.0,0.0,56.108539740382376,-106.30541812100147,0.00034311474691063517,0.1397230948651048,-25.264570065287675,133.7231176174953,0.0,-25.26457006528768,133.7231176174953,0.0,37.07581748211512,-95.67567309894947,2.000271261653926,0.0,37.07581748211513,-95.67567309894946,0.9996111505915064,0.0,0.001097233437862376,37.07581748211513,-95.67567309894946,1.0130372921259931,0.002074337336630207,37.07581748211513,-95.67567309894946,0.9996111505915064,0.0,37.07581748211511,-95.67567309894947,1.2397038527459519,0.0,0.0,37.07581748211513,-95.67567309894946,0.9996111505915064,0.0,0.0,37.07581748211512,-95.67567309894943,0.0,37.07581748211513,-95.67567309894946,1.9992223011830128,0.0,0.0,56.10853974038237,-106.30541812100144,0.9996111505915064,0.0,56.10853974038237,-106.30541812100144,0.0,37.07581748211513,-95.67567309894946,0.9996111505915064,0.0,0.0009432456290157428,0.0,0.0,60.97628018608189,0.0,0.0,0.0,0.0,37.07581748211513,-95.67567309894947,0.0,37.07581748211513,-95.67567309894946,0.9996111505915064,0.0,0.0,37.07581748211513,-95.67567309894946,0.9996111505915064,0.0,0.0,0.0,0.0,0.0,0.0,37.07581748211513,-95.67567309894946,1.0007456817921716,0.0,0.0,37.07581748211513,-95.67567309894946,10.995722656506572,0.0,0.0,37.07581748211513,-95.67567309894946,4.998055752957532,0.0,0.0,37.07581748211513,-95.67567309894946,1.9992223011830128,0.0,0.0,37.07581748211513,-95.67567309894946,0.0,0.0,37.07581748211513,-95.67567309894946,0.0,0.0,37.07581748211513,-95.67567309894946,0.0,0.0,37.07581748211512,-95.67567309894947,36.01067282351588,0.0,0.0,-8.155979859984578e+38,-2.6413358876570044e+39,9.05018688627189e+38,-3.161459463202478e+39,3.940713588620381e+36,2.5167244696860795e+37,4.301164731445872e+37,-6.6671338505064605e+38,-7.27715753642583e+37,-1.180382402177724e+39,-3.8088269498615685e+30,-1.4964143117443102e+30,-6.540625834395778,0.16240606141748037,23.010108272348496,-2.769554249878909e+48,6.968838925989243e+50,-1.852628605204434e+46,3.275716170465202e+50,-4.042440158919555e+41,-7.129842913971606e+41,0.6693667044423895,0.33576813086634993,171.9151984569045,112.00555354353712,4.394968262798315,0.2327886647622229,220.57887503316505,32.07214944272522,1.1160884272573333,1.9070085534093337,138.55617213950578,70.05324025892905,325.8141621084769,1.0494848105589623,33.33388959192863,91.71011567440044,11.47205353524689,146.0431628944803,215.13828824511478,50.249998214165046,6.79630460039072,1.9353647036665524,43.67486202442494,0.7699940898839396,41.041120342668734,1.442306931608572,203.57898175855968,217.34645500996794,1.871558809375459,209.3714436311089,0.3960651480331022,524.3375972539429,1.1763707190110428,77.83931885653087,205.02495914914658,345.8748498769482,19.134159662106654,37.93540498707788,73.72709457093208,4.890299031486203,12.922762110855391,38.282382541892446,0.39801996399108625,55.499563335346814,49.3701747150847,2.1560757296869912,77.38580559913368,1.1943750316781712,210.91440808179033,51.15611349526537,284.3795793743541,107.56050665249882,77.38253402539759,0.4859597019017653,145.1111920025938,0.6734517493957274,1.935621000173125,14.790110688877432,0.2474928278483089,0.11278206584936414,0.4998055752957532,2.0679426448580136,1.0006601110624207,0.5008427439640681,0.4998055752957532,0.9996111505915064,2.499027876478766,0.9996111505915064,5.497861328253286,0.8247155824246323,3.9987285035948097,2.019212291455158,100.83562152350467,31.351686839443676,1.4749091744802998,4.49825017766178,38.183194378425874,0.4304322454892877,23621.638847017824,798.1140550232283,4562.931773291526,535.4567091589909,165.70260889512113,6.319498419529636,67.11121087048085,0.9517295565497605,18.117267474159647,28.26378809490558,109.74855469106694,34.4473578972503,0.8720579391569556,0.7465205964028377,19.534619956843507,50.57771457563165,28.180507789510553,114.73301913926524,15.464156295435311,0.2908449996480027,1.5225446207569995,36.44783431154543,12.573857338301673,19.00251519626483,27.293327008892405,110.01682382402436,7.3032690800231155,1.216201454035505,79.9374394903025,20.90217422336707,7.032144374852239,12.032356442305172,3.4431050742596327,0.5997666903549039,0.19992223011830135,2.8338625234119323,4.900380358578557,4.134421732511372,1.670501969124992,1.6989598723125132,3.184054077230681,1.387066874381753,380.6333955087623,0.47471121112229614,1.6671619014202923,0.3337753754143928
2020-03-08 14:00:00,0.14960252232744828,35.84785099770613,104.15527519648661,35.84785099770614,104.15527519648661,35.847850997706146,104.15527519648661,35.84785099770613,104.15527519648661,35.847850997706125,104.15527519648663,35.84785099770613,104.1552751964866,35.84785099770613,104.15527519648661,35.84785099770613,104.15527519648661,35.84785099770613,104.15527519648661,0.0,35.84785099770614,104.1552751964866,35.84785099770613,104.1552751964866,35.84785099770613,104.1552751964866,35.84785099770614,104.15527519648661,35.84785099770614,104.15527519648661,35.84785099770613,104.15527519648661,35.84785099770614,104.15527519648661,35.84785099770613,104.15527519648661,35.847850997706125,104.15527519648661,35.84785099770614,104.15527519648663,0.0,35.847850997706146,104.15527519648661,35.84785099770613,104.15527519648661,0.0,35.84785099770613,104.1552751964866,0.0,35.84785099770614,104.15527519648661,0.030714919579548985,35.84785099770614,104.1552751964866,0.0,35.84785099770614,104.15527519648663,0.0,37.07595791687167,-95.67603549661919,0.6037504754949943,-0.03158524143682773,-0.0011038944697062472,37.07595791687167,-95.67603549661919,0.9996149368909898,0.0,0.0,37.075957916871666,-95.67603549661919,0.0,-0.002195956326127367,37.07595791687167,-95.67603549661919,1.786337581888854,-0.0036207386154706034,-0.002458103094278845,37.07595791687167,-95.67603549661919,0.9955345089909207,0.0,-0.00044410436055064215,56.10875226675816,-106.30582078172553,0.0,0.004394469083968663,-25.264665761727763,133.72362413022358,5.010090375762321,0.08687515226039678,-25.264665761727763,133.7236241302236,0.0,51.14598897994888,10.447501502904538,0.0,0.0,56.10875226675816,-106.30582078172554,0.0004754174655433284,0.13145280580162924,-25.264665761727763,133.72362413022358,0.0,-25.264665761727766,133.72362413022358,0.0,37.075957916871666,-95.6760354966192,2.0002791240898503,0.0,37.07595791687167,-95.67603549661919,0.9996149368909898,0.0,0.0010974361752668716,37.07595791687167,-95.6760354966192,1.013045232407393,0.0020749592320044967,37.07595791687167,-95.67603549661919,0.9996149368909898,0.0,37.075957916871666,-95.6760354966192,1.2152199705004971,0.0,0.0,37.07595791687167,-95.67603549661919,0.9996149368909898,0.0,0.0,37.075957916871666,-95.67603549661918,0.0,37.07595791687167,-95.67603549661919,1.9992298737819796,0.0,0.0,56.10875226675815,-106.30582078172552,0.9996149368909898,0.0,56.108752266758145,-106.30582078172553,0.0,37.07595791687167,-95.6760354966192,0.9996149368909898,0.0,0.0009437119126811003,0.0,0.0,60.97651115035037,0.0,0.0,0.0,0.0,37.07595791687167,-95.67603549661922,0.0,37.07595791687167,-95.67603549661919,0.9996149368909898,0.0,0.0,37.07595791687167,-95.67603549661919,0.9996149368909898,0.0,0.0,0.0,0.0,0.0,0.0,37.07595791687167,-95.67603549661919,1.0007496166249175,0.0,0.0,37.07595791687167,-95.67603549661919,10.995764305800888,0.0,0.0,37.07595791687167,-95.67603549661919,4.998074684454949,0.0,0.0,37.07595791687167,-95.67603549661919,1.9992298737819796,0.0,0.0,37.07595791687167,-95.67603549661919,0.0,0.0,37.07595791687167,-95.67603549661919,0.0,0.0,37.07595791687167,-95.67603549661919,0.0,0.0,37.075957916871666,-95.67603549661922,36.01081477861042,0.0,0.0,-8.312595014483566e+38,-2.6920561242479054e+39,9.223447262641086e+38,-3.2219837002545725e+39,4.0122554342109317e+36,2.562414446730893e+37,4.381737257248545e+37,-6.7920274195140116e+38,-7.41860507262833e+37,-1.2033257260963118e+39,-3.8827841013674673e+30,-1.5254706436349604e+30,-6.540656537793406,0.16190812544475175,23.01017029178256,-2.822736598803801e+48,7.1022531494021e+50,-1.886262226788352e+46,3.3370792528269135e+50,-4.120933449169406e+41,-7.265303852368745e+41,0.6693558090763118,0.3357703964889527,171.84520868329705,111.6021062757996,4.4471398149207495,0.2306030760918479,220.60634574989126,32.02506534760439,1.1154035023116555,1.8980594496589047,136.7063542888118,70.15787752821925,325.4982654100418,1.0458554786768322,33.18491462960683,91.54028471186902,11.595839696162898,146.0662159728439,215.3033146693767,50.48839065837255,6.632097720365926,1.9330641059540241,43.52553185061501,0.7700208769718542,40.96401869003665,1.4567483352001387,205.90604258382447,216.8051011054291,1.8723477305321292,209.3237732358394,0.3961670951294177,523.3208779235339,1.1768203956298218,77.4943157478768,202.7425286723253,345.6369113331547,18.822091990911655,37.978527916745044,73.58131300573349,4.895327342402367,12.967855188461748,38.188841416739784,0.39155633016268554,55.50412823267368,49.4197319684982,2.1578816513180183,77.59912641590361,1.198548661730744,212.06704349693783,51.06216395690602,284.44280753841576,107.56099347508699,77.39239491736797,0.4862581230858612,145.07432697035327,0.6729898101423,1.9265569542548773,14.523076090236055,0.2475130544476359,0.11227715176703905,0.4998074684454949,2.064140599135394,1.0006641871988617,0.5008449480614969,0.4998074684454949,0.9996149368909898,2.4990373422274743,0.9996149368909898,5.497882152900444,0.8260380745770021,3.9987432197067214,2.0299167664707114,100.8360138798136,31.351805592496408,1.4744696859182183,4.498267216009454,38.183339007674014,0.4138096655585621,23639.557822447852,799.0236000002575,4580.779805189581,535.5251718938653,165.83788801849275,6.285166473093129,67.18336270495429,0.9538713143395459,18.117523861957576,28.25840209584919,109.75286958397766,34.522540952063174,0.8743562762267508,0.7466982411284256,19.562313185869307,50.60237974551961,28.18037379317375,114.73351612660018,15.465521983838455,0.2908775408874018,1.5275058908666583,36.44786219404531,12.573735756396445,19.004477790771503,27.29328988628933,110.01710971338672,7.303271132713613,1.216121841422498,79.98581403522212,20.99840946559788,6.889074311598418,12.032402018132284,3.4431181159578528,0.599768962134594,0.199922987378198,2.8366875605047803,4.8542039518441005,4.110547391465797,1.6704307332369983,1.6989812585366995,3.2350159706147634,1.3903893119670103,380.6351543739672,0.47471839277324634,1.6671687734400416,0.3337769182745257
2020-03-08 15:00:00,0.1494714624848951,35.84798265640084,104.15565772841522,35.84798265640084,104.15565772841522,35.847982656400845,104.15565772841522,35.84798265640083,104.15565772841522,35.84798265640083,104.15565772841524,35.84798265640083,104.1556577284152,35.84798265640083,104.15565772841522,35.84798265640083,104.15565772841522,35.84798265640083,104.15565772841522,0.0,35.84798265640084,104.1556577284152,35.84798265640083,104.1556577284152,35.84798265640084,104.1556577284152,35.847982656400845,104.15565772841522,35.84798265640084,104.15565772841522,35.84798265640084,104.15565772841522,35.84798265640084,104.15565772841522,35.84798265640083,104.15565772841522,35.84798265640083,104.15565772841522,35.84798265640084,104.15565772841524,0.0,35.847982656400845,104.15565772841522,35.84798265640083,104.15565772841522,0.0,35.84798265640084,104.1556577284152,0.0,35.84798265640084,104.1556577284152,0.028483051652038606,35.84798265640084,104.15565772841522,0.0,35.84798265640084,104.15565772841524,0.0,37.07609408604468,-95.676386886775,0.596838701454395,-0.032132096089087625,-0.0011224641298626797,37.07609408604468,-95.676386886775,0.9996186081849204,0.0,0.0,37.07609408604467,-95.676386886775,0.0,-0.0022311584414373836,37.07609408604467,-95.676386886775,1.7826502771162263,-0.003684960909126525,-0.002499558664537868,37.07609408604467,-95.676386886775,0.9957990272577011,0.0,-0.00038531691238656227,56.10895833783019,-106.30621121198045,0.0,0.006008301755373466,-25.26475855147174,133.72411525806848,4.949776540498943,0.08132599779181023,-25.264758551471743,133.72411525806845,0.0,51.14617682423971,10.447539873528507,0.0,0.0,56.108958337830174,-106.30621121198048,0.0006374394022114127,0.123182694012199,-25.26475855147174,133.72411525806845,0.0,-25.264758551471747,133.72411525806848,0.0,37.07609408604467,-95.67638688677502,2.000286746166622,0.0,37.07609408604468,-95.676386886775,0.9996186081849204,0.0,0.001097630013945812,37.07609408604468,-95.67638688677502,1.0130529218395037,0.002075560335489309,37.07609408604468,-95.676386886775,0.9996186081849204,0.0,37.07609408604466,-95.67638688677502,1.1925375215887355,0.0,0.0,37.07609408604468,-95.676386886775,0.9996186081849204,0.0,0.0,37.07609408604467,-95.67638688677498,0.0,37.07609408604468,-95.676386886775,1.9992372163698409,0.0,0.0,56.10895833783017,-106.30621121198044,0.9996186081849204,0.0,56.108958337830174,-106.30621121198045,0.0,37.07609408604468,-95.67638688677502,0.9996186081849204,0.0,0.0009441700585087576,0.0,0.0,60.97673509928014,0.0,0.0,0.0,0.0,37.07609408604468,-95.67638688677503,0.0,37.07609408604468,-95.676386886775,0.9996186081849204,0.0,0.0,37.07609408604468,-95.676386886775,0.9996186081849204,0.0,0.0,0.0,0.0,0.0,0.0,37.07609408604468,-95.676386886775,1.0007534291804827,0.0,0.0,37.07609408604468,-95.676386886775,10.995804690034126,0.0,0.0,37.07609408604468,-95.676386886775,4.998093040924601,0.0,0.0,37.07609408604468,-95.676386886775,1.9992372163698409,0.0,0.0,37.07609408604468,-95.676386886775,0.0,0.0,37.07609408604468,-95.676386886775,0.0,0.0,37.07609408604468,-95.676386886775,0.0,0.0,37.07609408604467,-95.67638688677503,36.0109523964076,0.0,0.0,-8.470065972937116e+38,-2.74305351523798e+39,9.397648034754906e+38,-3.282836441354567e+39,4.084137586193377e+36,2.608321759393825e+37,4.462725129461405e+37,-6.91756480718104e+38,-7.56084593623837e+37,-1.2263977307128665e+39,-3.9572884474618815e+30,-1.554741957677427e+30,-6.540686203903698,0.16137086248130683,23.010229898667415,-2.8762095560332534e+48,7.2363914978030674e+50,-1.9200558349690733e+46,3.3987586581005335e+50,-4.200007496016557e+41,-7.40160725420789e+41,0.669344841649349,0.3357726171502164,171.78592814275694,111.20361015947695,4.489616756495317,0.22846433594569662,220.66956393207013,32.02485364438703,1.114995391634934,1.8889147260369241,134.81616156190168,70.21662150241777,325.1575719453125,1.0419423573950621,33.05856996250165,91.37024426158385,11.736258568688326,146.05144890330658,215.41267095808885,50.65279004283446,6.468013225339903,1.9311128283526826,43.398850025507606,0.7698392591299184,40.885875286148845,1.4696488628487099,207.93326375857836,216.22132452317288,1.8741939168545032,209.2955805407847,0.39625329085502026,522.2818731511289,1.1770600361123298,77.1239987898792,200.41086456893873,345.40130270901005,18.509658173246123,37.94938529995549,73.43865437176655,4.898657598307538,13.02059377473172,38.09539341136483,0.38509939357479384,55.49665757367513,49.514364269961604,2.1601464725034227,77.86638491136122,1.2019697194982317,213.01668446840523,51.006991362503086,284.47670158613,107.56146718118535,77.41389997119082,0.48660681465374706,145.06379347711402,0.6728548974935408,1.9174821479170259,14.261621427594477,0.2475342880849403,0.111848975706544,0.4998093040924602,2.0603893467099152,1.0006681379817026,0.5008470842602047,0.4998093040924602,0.9996186081849204,2.4990465204623007,0.9996186081849204,5.497902345017063,0.8278053255300786,3.9987574876497276,2.042763075094533,100.8363941347446,31.35192073852848,1.4740309180716358,4.498283736832143,38.183479243934585,0.3968343924099892,23648.12158846677,799.4691863009697,4590.004254438942,535.5831853579934,165.95381254776117,6.250093306520029,67.26516939608481,0.956300317056402,18.11777717586962,28.254036002198745,109.75640428470626,34.583595909468634,0.8762195393126979,0.7470887180865438,19.607010244434928,50.63119198346174,28.180047741447886,114.73421928921024,15.468086562835028,0.290938856912202,1.5329388011371041,36.44790523627514,12.573642082349016,18.995018525606156,27.293240387953272,110.01735501804603,7.303273726954132,1.2160466158673153,80.04103895026398,21.108366186907393,6.744030828728613,12.032446209633301,3.443130761525836,0.5997711649109523,0.19992372163698413,2.8403360813980307,4.808077340050675,4.086169679374742,1.670359262210562,1.6990025985018646,3.282895497037475,1.39350965666987,380.6368717064637,0.4747255753963939,1.6671754680731998,0.33377842994413953
2020-03-08 16:00:00,0.14902006955101388,35.84811017324045,104.15602822625966,35.84811017324046,104.15602822625966,35.84811017324046,104.15602822625966,35.84811017324045,104.15602822625966,35.84811017324044,104.15602822625968,35.84811017324044,104.15602822625965,35.84811017324044,104.15602822625966,35.84811017324045,104.15602822625966,35.84811017324044,104.15602822625966,0.0,35.84811017324046,104.15602822625965,35.84811017324045,104.15602822625965,35.84811017324045,104.15602822625965,35.84811017324046,104.15602822625966,35.84811017324046,104.15602822625966,35.84811017324045,104.15602822625966,35.84811017324046,104.15602822625966,35.84811017324044,104.15602822625966,35.84811017324044,104.15602822625966,35.84811017324045,104.15602822625968,0.0,35.84811017324046,104.15602822625966,35.84811017324044,104.15602822625965,0.0,35.84811017324045,104.15602822625965,0.0,35.84811017324045,104.15602822625965,0.026262384710048707,35.84811017324046,104.15602822625965,0.0,35.84811017324046,104.15602822625968,0.0,37.07622597146731,-95.67672722253667,0.5899310428293152,-0.03267830192453092,-0.0011409767453794926,37.07622597146731,-95.67672722253667,0.999622163983498,0.0,0.0,37.0762259714673,-95.67672722253667,0.0,-0.0022657205640409447,37.0762259714673,-95.67672722253667,1.778988087227157,-0.0037488954795118906,-0.0025405971030512467,37.0762259714673,-95.67672722253667,0.9961471625851639,0.0,-0.0003097528559962981,56.109157926105766,-106.3065893596775,0.0,0.00792940435151171,-25.264848422140197,133.72459093550677,4.892621506384299,0.07598199923152435,-25.264848422140197,133.72459093550677,0.0,51.14635875913098,10.44757703704979,0.0,0.0,56.10915792610575,-106.30658935967753,0.0008349115937479933,0.1150980067399349,-25.264848422140197,133.72459093550674,0.0,-25.2648484221402,133.72459093550677,0.0,37.0762259714673,-95.6767272225367,2.000294126893166,0.0,37.07622597146731,-95.67672722253667,0.999622163983498,0.0,0.00109781497384008,37.07622597146731,-95.67672722253668,1.0130603595581318,0.002076140598691009,37.07622597146731,-95.67672722253667,0.999622163983498,0.0,37.0762259714673,-95.67672722253668,1.1717570037138407,0.0,0.0,37.07622597146731,-95.67672722253667,0.999622163983498,0.0,0.0,37.0762259714673,-95.67672722253664,0.0,37.07622597146731,-95.67672722253667,1.999244327966996,0.0,0.0,56.109157926105745,-106.30658935967749,0.999622163983498,0.0,56.10915792610575,-106.3065893596775,0.0,37.07622597146731,-95.67672722253668,0.999622163983498,0.0,0.0009446199047181661,0.0,0.0,60.97695200299337,0.0,0.0,0.0,0.0,37.07622597146731,-95.6767272225367,0.0,37.07622597146731,-95.67672722253667,0.999622163983498,0.0,0.0,37.07622597146731,-95.67672722253667,0.999622163983498,0.0,0.0,0.0,0.0,0.0,0.0,37.07622597146731,-95.67672722253667,1.000757118996346,0.0,0.0,37.07622597146731,-95.67672722253667,10.99584380381848,0.0,0.0,37.07622597146731,-95.67672722253667,4.998110819917489,0.0,0.0,37.07622597146731,-95.67672722253667,1.999244327966996,0.0,0.0,37.07622597146731,-95.67672722253667,0.0,0.0,37.07622597146731,-95.67672722253667,0.0,0.0,37.07622597146731,-95.67672722253667,0.0,0.0,37.07622597146731,-95.6767272225367,36.01108565897197,0.0,0.0,-8.628372956934816e+38,-2.7943216553361756e+39,9.572767051154186e+38,-3.344009948436729e+39,4.1563486520711586e+36,2.6544391318924363e+37,4.544116987597628e+37,-7.043728403884959e+38,-7.703863004175472e+37,-1.2495956385991492e+39,-4.0323418830470905e+30,-1.5842289983420835e+30,-6.540714830516464,0.16083308825858222,23.01028731086537,-2.929966405344198e+48,7.371236914091058e+50,-1.9540040738473696e+46,3.460745734273606e+50,-4.27966431058658e+41,-7.538739978609398e+41,0.6693337838819386,0.3357747904878063,171.7360691829372,110.83003849111856,4.522619938512948,0.22640053443443683,220.7649115481048,32.064196477670556,1.114897191069202,1.8797592569984778,132.92378602474602,70.23694648006763,324.8102138218318,1.0379531880447765,32.9521402931568,91.2030487064495,11.894166012118694,145.99941863534778,215.46999078116795,50.74850041158914,6.30655450420606,1.9294690910449563,43.292110597999226,0.7694565844681182,40.80811856789046,1.4807276921346189,209.61487234877367,215.63898806017843,1.8769901868752308,209.2891974832802,0.3963300469040149,521.2416106725851,1.1771237044465088,76.75268191956351,198.07691745525779,345.1793608971717,18.202460344844926,37.849041956376986,73.30099508716027,4.900400647063313,13.081822186327026,38.00346007090986,0.3787472532766471,55.47760447413752,49.64932829493904,2.162735575513034,78.17190098775876,1.2045837821786545,213.74829279520935,50.99520433345431,284.48601669039704,107.5619269942632,77.44588390460036,0.48701133294477794,145.07561563414114,0.6729976527379412,1.9085593605579383,14.00922144688358,0.24755626399859726,0.11148832686457963,0.499811081991749,2.0567896089671724,1.0006719629096692,0.5008491522910944,0.499811081991749,0.999622163983498,2.4990554099587445,0.999622163983498,5.49792190190924,0.8300590127541762,3.998771305539588,2.0580680598818333,100.83676224063615,31.35203226217785,1.4735938999889608,4.498299737925741,38.18361506849814,0.3798507826603929,23647.671913625945,799.468236005422,4590.949994441856,535.634923913141,166.05813922031317,6.214985404045324,67.35712781527089,0.9590313416371922,18.1180257355307,28.250673890649292,109.75916714679903,34.63079597668818,0.8776628499256699,0.7476707362345124,19.66686674991233,50.66460978917401,28.17957836055614,114.73505035258462,15.471518561491541,0.29102098537834514,1.5386265273706425,36.44795895107614,12.573569537375567,18.97455480958297,27.29317691768397,110.01755151498553,7.303276863957504,1.215975792490814,80.10356948067711,21.232955280261297,6.599672946929042,12.032489010912474,3.4431430092764925,0.5997732983900989,0.19992443279669964,2.8449010799926855,4.763107988118371,4.06178362316649,1.6702874869948323,1.6990238333259626,3.326330295117043,1.3963397499310135,380.6385452162789,0.4747327217336206,1.6671819820325233,0.33377990902451254
2020-03-08 17:00:00,0.1482631409472892,35.84823353188791,104.15638664255285,35.84823353188791,104.15638664255285,35.848233531887914,104.15638664255283,35.8482335318879,104.15638664255283,35.84823353188789,104.15638664255285,35.8482335318879,104.15638664255283,35.8482335318879,104.15638664255283,35.8482335318879,104.15638664255283,35.8482335318879,104.15638664255285,0.0,35.84823353188791,104.15638664255282,35.8482335318879,104.15638664255283,35.84823353188789,104.15638664255283,35.84823353188791,104.15638664255285,35.8482335318879,104.15638664255285,35.8482335318879,104.15638664255285,35.84823353188791,104.15638664255285,35.8482335318879,104.15638664255285,35.8482335318879,104.15638664255285,35.84823353188791,104.15638664255286,0.0,35.848233531887914,104.15638664255285,35.8482335318879,104.15638664255283,0.0,35.8482335318879,104.15638664255283,0.0,35.84823353188791,104.15638664255283,0.024089229664003373,35.84823353188791,104.15638664255283,0.0,35.84823353188791,104.15638664255286,0.0,37.0763535562428,-95.67705646030137,0.5830398126697762,-0.03322280063435745,-0.0011593869542335378,37.0763535562428,-95.67705646030137,0.9996256038311641,0.0,0.0,37.07635355624279,-95.67705646030137,0.0,-0.002299399525092366,37.0763535562428,-95.67705646030137,1.7753646559687413,-0.0038123486585886907,-0.0025810275252674264,37.0763535562428,-95.67705646030139,0.9965970283752745,0.0,-0.00021379041679343846,56.10935100601425,-106.30695517636951,0.0,0.010199873562861422,-25.264935362219166,133.7250511015961,4.840342163491812,0.0709877708876114,-25.264935362219166,133.7250511015961,0.0,51.14653476131375,10.447612988707107,0.0,0.0,56.109351006014236,-106.30695517636954,0.001074381199071198,0.10736969865979183,-25.26493536221917,133.72505110159608,0.0,-25.26493536221917,133.7250511015961,0.0,37.07635355624279,-95.6770564603014,2.0003012653495342,0.0,37.0763535562428,-95.67705646030139,0.9996256038311641,0.0,0.0010979910767622077,37.0763535562428,-95.6770564603014,1.0130675447710256,0.0020766999788663226,37.0763535562428,-95.67705646030137,0.9996256038311641,0.0,37.07635355624279,-95.6770564603014,1.1529175855731277,0.0,0.0,37.0763535562428,-95.67705646030137,0.9996256038311641,0.0,0.0,37.07635355624279,-95.67705646030136,0.0,37.0763535562428,-95.67705646030137,1.9992512076623281,0.0,0.0,56.10935100601422,-106.30695517636951,0.9996256038311641,0.0,56.109351006014236,-106.30695517636951,0.0,37.0763535562428,-95.6770564603014,0.9996256038311641,0.0,0.0009450612936610153,0.0,0.0,60.97716183370099,0.0,0.0,0.0,0.0,37.0763535562428,-95.67705646030142,0.0,37.0763535562428,-95.67705646030137,0.9996256038311641,0.0,0.0,37.0763535562428,-95.67705646030137,0.9996256038311641,0.0,0.0,0.0,0.0,0.0,0.0,37.0763535562428,-95.67705646030137,1.0007606856456104,0.0,0.0,37.0763535562428,-95.67705646030137,10.995881642142804,0.0,0.0,37.0763535562428,-95.67705646030137,4.9981280191558195,0.0,0.0,37.0763535562428,-95.67705646030137,1.9992512076623281,0.0,0.0,37.0763535562428,-95.67705646030137,0.0,0.0,37.0763535562428,-95.67705646030137,0.0,0.0,37.0763535562428,-95.67705646030137,0.0,0.0,37.0763535562428,-95.67705646030142,36.01121454965227,0.0,0.0,-8.787495514341808e+38,-2.845853921063909e+39,9.748781355229508e+38,-3.405496202176086e+39,4.228876365821047e+36,2.7007587305691174e+37,4.625900846092545e+37,-7.170499631085497e+38,-7.847638687960766e+37,-1.2729165968375597e+39,-4.1079461788280213e+30,-1.6139324613046212e+30,-6.540742415700683,0.16033343480019271,23.01034269083079,-2.984000201734507e+48,7.506771721182316e+50,-1.9881011768571492e+46,3.523031353281993e+50,-4.3599057721900585e+41,-7.676687807779874e+41,0.669322622250223,0.33577691460455006,171.69441951838718,110.50060259524341,4.5469038700457,0.22443650790863903,220.8866083379139,32.13410916436332,1.1151198748515525,1.8707572711079425,131.06315462772153,70.22850189364341,324.4755614762488,1.034109899428383,32.86306903612099,91.04130145772282,12.070115325506064,145.91184575449824,215.4824046256251,50.78558791572521,6.149946541100737,1.9280934810436157,43.20276124233008,0.7688946438544826,40.73202288962076,1.4897429291466175,210.91331264975102,215.10169410484434,1.8805654627725492,209.30539984976966,0.3963988657502727,520.2187699409432,1.177055591035766,76.40615185377435,195.782408202063,344.98200979931175,17.905273505376215,37.68078700594828,73.1699942176775,4.900774009075142,13.152364377476246,37.9143048625042,0.3725870995750719,55.44822572850653,49.81715332859303,2.1654894066713686,78.49709384440472,1.2063509477140835,214.25069326609358,51.028319088379554,284.4769216464332,107.56237231899388,77.4864602862901,0.4874771004026776,145.10489677644173,0.6733572860110355,1.8999273377505221,13.768951473668702,0.24757877904238285,0.11118653354447502,0.49981280191558203,2.053434799882175,1.0006756615183712,0.5008511519050152,0.49981280191558203,0.9996256038311641,2.4990640095779098,0.9996256038311641,5.497940821071402,0.8328484009945823,3.9987846716251725,2.0761688101599582,100.83711815337773,31.352140149156437,1.4731599400848756,4.498315217240238,38.18374646396325,0.36316563946608144,23639.099397435144,799.0653851478012,4584.466638223238,535.6813811568754,166.15260806716984,6.180470556376816,67.459558958826,0.962073934647939,18.11826826728317,28.248239797357222,109.76120973378676,34.66521398851722,0.8787218629485567,0.7484098280848432,19.738989531601547,50.703080613766815,28.179060379485946,114.73586444938944,15.475180904341258,0.29110862504569285,1.5442256273827049,36.44801988440137,12.573512907870931,18.94430240362376,27.293097230420376,110.0176887533359,7.303280644941988,1.2159097116999746,80.17375652111433,21.372878909208637,6.458372372755933,12.032530416486232,3.443154857640675,0.5997753622986984,0.19992512076623284,2.850488983029143,4.720322692356248,4.03783061470284,1.6702153576782934,1.699044916575767,3.3640285815155013,1.3987959398527183,380.64017311647194,0.4747398031298304,1.6671883125975762,0.33378135438320605
2020-03-08 18:00:00,0.14722460569458526,35.84835271723167,104.15673293338851,35.84835271723168,104.15673293338851,35.84835271723168,104.15673293338853,35.84835271723167,104.15673293338853,35.84835271723166,104.15673293338853,35.84835271723166,104.1567329333885,35.84835271723166,104.15673293338853,35.84835271723167,104.15673293338851,35.84835271723166,104.15673293338851,0.0,35.84835271723168,104.15673293338851,35.84835271723167,104.15673293338853,35.84835271723166,104.15673293338851,35.84835271723168,104.15673293338851,35.84835271723166,104.15673293338853,35.84835271723167,104.15673293338851,35.84835271723168,104.15673293338851,35.84835271723166,104.15673293338851,35.84835271723166,104.15673293338854,35.84835271723167,104.15673293338854,0.0,35.84835271723168,104.15673293338851,35.84835271723166,104.15673293338853,0.0,35.84835271723167,104.15673293338851,0.0,35.84835271723167,104.15673293338853,0.021994593130691558,35.84835271723168,104.15673293338853,0.0,35.84835271723168,104.15673293338854,0.0,37.076476824741945,-95.67737455973727,0.5761807369527823,-0.03376423902617853,-0.0011776365954025633,37.076476824741945,-95.67737455973727,0.9996289273065349,0.0,0.0,37.07647682474194,-95.67737455973727,0.0,-0.002331885085952029,37.07647682474194,-95.67737455973727,1.771797395669788,-0.0038750736515400647,-0.0026206060116437044,37.07647682474193,-95.67737455973729,0.9971699104002374,0.0,-9.317340456928974e-05,56.1095375539032,-106.3073086172437,0.0,0.012863532005434546,-25.265019361058428,133.72549569996585,4.794499336367799,0.06647299577019124,-25.26501936105843,133.72549569996582,0.0,51.14670480922762,10.447647724096356,0.0,0.0,56.10953755390319,-106.30730861724373,0.0013632433111851828,0.1001509038327956,-25.265019361058435,133.72549569996582,0.0,-25.26501936105843,133.72549569996585,0.0,37.07647682474194,-95.67737455973732,2.0003081606867625,0.0,37.076476824741945,-95.67737455973729,0.9996289273065349,0.0,0.0010981583463865303,37.076476824741945,-95.6773745597373,1.0130744767577116,0.002077238438906918,37.076476824741945,-95.67737455973727,0.9996289273065349,0.0,37.07647682474194,-95.6773745597373,1.1360060774247198,0.0,0.0,37.076476824741945,-95.67737455973727,0.9996289273065349,0.0,0.0,37.07647682474194,-95.67737455973726,0.0,37.076476824741945,-95.67737455973727,1.9992578546130697,0.0,0.0,56.10953755390318,-106.30730861724369,0.9996289273065349,0.0,56.10953755390319,-106.3073086172437,0.0,37.076476824741945,-95.6773745597373,0.9996289273065349,0.0,0.0009454940718266187,0.0,0.0,60.977364565698615,0.0,0.0,0.0,0.0,37.076476824741945,-95.67737455973732,0.0,37.076476824741945,-95.67737455973727,0.9996289273065349,0.0,0.0,37.076476824741945,-95.67737455973727,0.9996289273065349,0.0,0.0,0.0,0.0,0.0,0.0,37.076476824741945,-95.67737455973727,1.000764128736926,0.0,0.0,37.076476824741945,-95.67737455973727,10.995918200371882,0.0,0.0,37.076476824741945,-95.67737455973727,4.998144636532674,0.0,0.0,37.076476824741945,-95.67737455973727,1.9992578546130697,0.0,0.0,37.076476824741945,-95.67737455973727,0.0,0.0,37.076476824741945,-95.67737455973727,0.0,0.0,37.076476824741945,-95.67737455973727,0.0,0.0,37.07647682474194,-95.67737455973732,36.011339053078856,0.0,0.0,-8.947412448766235e+38,-2.897643447912963e+39,9.925667088215979e+38,-3.467286868101863e+39,4.301707365285807e+36,2.7472720217238e+37,4.708063966783847e+37,-7.297858743657742e+38,-7.9921549160276585e+37,-1.2963576741517998e+39,-4.1841028977696293e+30,-1.6438529606236797e+30,-6.540768957803717,0.15990772130029093,23.010396158866097,-3.0383037474722496e+48,7.642977547313732e+50,-2.0223408621120688e+46,3.5856058138918383e+50,-4.440733539655876e+41,-7.815435219509594e+41,0.6693113469182771,0.33577898795862815,171.6598588606722,110.23232054244937,4.563655451640536,0.2225933794965933,221.02708632546913,32.224462701655305,1.1156515361681758,1.8620487522301545,129.26318575567353,70.20205517490874,324.17291280903845,1.030633589198786,32.788993466767494,90.88711981083792,12.264269249229175,145.79151267306355,215.46014161356703,50.778332078062235,6.00007561725541,1.9269495153332357,43.12843983220562,0.7681881748200609,40.65867644788696,1.4964947157574993,211.79959316220416,214.64981191280899,1.8846958323704934,209.34335394246128,0.39645643833171523,519.2292727927069,1.1769051304503475,76.10991274081468,193.5629067304689,344.8189486326963,17.62198106023292,37.449939262044886,73.04706278419064,4.9000897304969495,13.232986763072041,37.82899881614496,0.36669284297676064,55.410497413635966,50.00811837297547,2.168234557893466,78.82177839990239,1.2072437420143476,214.51602390538835,51.10465388908475,284.4563173240262,107.56280269936796,77.53314619897019,0.4880091608665072,145.14610534533713,0.6738651254273504,1.891698918298181,13.54343070741978,0.24760167687517673,0.11093558212155358,0.4998144636532674,2.0504089637095784,1.0006792333802281,0.5008530828727208,0.4998144636532674,0.9996289273065349,2.499072318266337,0.9996289273065349,5.497959100185941,0.8362292168635362,3.998797584288201,2.097416307644714,100.83746183240241,31.352244386248014,1.4727307000393957,4.498330172879407,38.18387341423389,0.3470417135340508,23623.77809686353,798.3292296010808,4571.8476416777385,535.7203683909539,166.23294537917738,6.147083998577693,67.57255680166855,0.9654308912478833,18.118503808385572,28.24660876243574,109.76261839679425,34.688572034041975,0.8794488037946206,0.7492606274772179,19.81962248767541,50.74702066654315,28.17862697771519,114.73645966263241,15.47817969188816,0.2911803067799838,1.5492884147134174,36.448085405976535,12.573468228232246,18.906192243740264,27.292998296576037,110.01775342156249,7.303285276778692,1.2158490576027798,80.25180811127939,21.528553488217682,6.322154192242324,12.032570421282362,3.4431663051669528,0.5997773563839208,0.199925785461307,2.857217722309948,4.680647937129961,4.0146891441426975,1.670142839239549,1.6990658112412473,3.394826135055685,1.4008028001698378,380.6417540056697,0.474746797474502,1.6671944574882536,0.33378276509085925
2020-03-08 19:00:00,0.14593615181684444,35.848467715383705,104.15706705841521,35.848467715383705,104.15706705841521,35.84846771538371,104.15706705841524,35.84846771538369,104.15706705841524,35.84846771538369,104.15706705841522,35.8484677153837,104.1570670584152,35.8484677153837,104.15706705841522,35.8484677153837,104.15706705841521,35.8484677153837,104.15706705841521,0.0,35.848467715383705,104.15706705841521,35.8484677153837,104.15706705841522,35.84846771538369,104.15706705841521,35.848467715383705,104.15706705841521,35.8484677153837,104.15706705841521,35.8484677153837,104.15706705841521,35.84846771538371,104.15706705841521,35.8484677153837,104.15706705841521,35.84846771538369,104.15706705841524,35.848467715383705,104.15706705841524,0.0,35.848467715383705,104.15706705841521,35.8484677153837,104.15706705841522,0.0,35.8484677153837,104.15706705841522,0.0,35.848467715383705,104.15706705841522,0.02000367169045539,35.848467715383705,104.15706705841522,0.0,35.848467715383705,104.15706705841524,0.0,37.07659576260088,-95.67768148377789,0.5693739083038523,-0.03430088657967589,-0.0011956511263978564,37.07659576260088,-95.67768148377789,0.999632134022343,0.0,0.0,37.076595762600874,-95.67768148377789,0.0,-0.0023627825097181226,37.07659576260088,-95.67768148377789,1.7683084860418514,-0.003936756465140481,-0.0026590215435052314,37.076595762600874,-95.6776814837779,0.9978906049736662,0.0,5.7056410023015314e-05,56.10971754803518,-106.30764964111542,0.0,0.015964818110685966,-25.26510040887004,133.7259246788092,4.756473104022074,0.06255044228175707,-25.26510040887004,133.72592467880918,0.0,51.146868883057785,10.44768123917,0.0,0.0,56.109717548035164,-106.30764964111543,0.001709746185364,0.09357493144163183,-25.26510040887004,133.72592467880918,0.0,-25.26510040887004,133.7259246788092,0.0,37.076595762600874,-95.67768148377792,2.0003148121267436,0.0,37.07659576260088,-95.6776814837779,0.999632134022343,0.0,0.0010983168082400662,37.07659576260088,-95.67768148377792,1.0130811548693501,0.0020777559473256126,37.07659576260088,-95.67768148377789,0.999632134022343,0.0,37.076595762600874,-95.67768148377792,1.1209665081449287,0.0,0.0,37.07659576260088,-95.67768148377789,0.999632134022343,0.0,0.0,37.076595762600874,-95.67768148377787,0.0,37.07659576260088,-95.67768148377789,1.999264268044686,0.0,0.0,56.10971754803515,-106.30764964111542,0.999632134022343,0.0,56.109717548035164,-106.30764964111543,0.0,37.07659576260088,-95.6776814837779,0.999632134022343,0.0,0.000945918089847792,0.0,0.0,60.97756017536291,0.0,0.0,0.0,0.0,37.07659576260088,-95.67768148377793,0.0,37.07659576260088,-95.67768148377789,0.999632134022343,0.0,0.0,37.07659576260088,-95.67768148377789,0.999632134022343,0.0,0.0,0.0,0.0,0.0,0.0,37.07659576260088,-95.67768148377789,1.000767447914424,0.0,0.0,37.07659576260088,-95.67768148377789,10.995953474245773,0.0,0.0,37.07659576260088,-95.67768148377789,4.998160670111715,0.0,0.0,37.07659576260088,-95.67768148377789,1.999264268044686,0.0,0.0,37.07659576260088,-95.67768148377789,0.0,0.0,37.07659576260088,-95.67768148377789,0.0,0.0,37.07659576260088,-95.67768148377789,0.0,0.0,37.076595762600874,-95.67768148377792,36.01145915516142,0.0,0.0,-9.108101724043609e+38,-2.9496830994125955e+39,1.0103399358824794e+39,-3.529373251056555e+39,4.3748268967332625e+36,2.793969582931297e+37,4.790592689665905e+37,-7.425784567549869e+38,-8.137393107862454e+37,-1.3199158567124854e+39,-4.2608132942004675e+30,-1.67399098910064e+30,-6.540794455450612,0.15958654798812524,23.010447803327114,-3.092869559660925e+48,7.779835225656488e+50,-2.0567161935114062e+46,3.6484587128045685e+50,-4.5221489442465276e+41,-7.954965087093017e+41,0.6692999509233746,0.33578100928028587,171.63136844352923,110.03872565874032,4.574359585634522,0.22088836823372698,221.17748639999505,32.32457946987438,1.1164580835842017,1.8537475474738987,127.54739836345436,70.16834904235971,323.92019445990115,1.027729644333968,32.72776486723402,90.7421284266902,12.476311575346019,145.64210402461867,215.41594092432112,50.74441607946116,5.858455406414956,1.9260039666021154,43.06699565747599,0.7673824224762593,40.5889635318639,1.5008276322147196,212.25342681058632,214.31775700860806,1.8891192194566353,209.40066571358284,0.39649516003899127,518.2860682425917,1.1767217192387003,75.88744747807084,191.44734640988446,344.6979191227604,17.355562864513658,37.16354214507473,72.9333510123381,4.89873642828872,13.3243537200137,37.74840118692917,0.3611237797256069,55.3669783035029,50.2108842890277,2.1707958690529883,79.12558080672675,1.207245409179798,214.53929424402855,51.21942704507839,284.4310992893258,107.56321778644472,77.58302722183296,0.48861188667739935,145.1934002693809,0.6744486565704519,1.8839606868320409,13.334798642629135,0.24762483663084567,0.11072818518238806,0.4998160670111715,2.047785397443584,1.000682678104401,0.5008549449848343,0.4998160670111715,0.999632134022343,2.4990803350558575,0.999632134022343,5.497976737122887,0.8402621461973243,3.9988100420430106,2.1221665671402787,100.83779324068037,31.352344961306372,1.472308286400357,4.498344603100544,38.183995904517175,0.33169438852866967,23603.468423432823,797.3474951837825,4554.74007725768,535.7468558914242,166.28951485850945,6.11526110273915,67.6959369206149,0.9690967273017771,18.118731633265316,28.24562151059435,109.76350309642405,34.703041878951495,0.8799072083103333,0.7501698840435775,19.90439210038206,50.79679074567112,28.17843916799396,114.73659057995403,15.479432916090815,0.29121004314883764,1.5532937817033516,36.44815354547448,12.573432532730607,18.862735033755015,27.292876124720834,110.01772856449018,7.30329108338657,1.215794895162806,80.33774851804338,21.700027837103182,6.1926641261155915,12.032609020639313,3.4431773505214034,0.5997792804134058,0.19992642680446862,2.8652140521924476,4.644898816771916,3.992670113715879,1.670069908320429,1.6990864874407914,3.417741561002626,1.4022967345662918,380.6432867782013,0.4747536876269323,1.667200414769345,0.33378414037350096
2020-03-08 20:00:00,0.14443547921190625,35.84857851367773,104.15738898083133,35.84857851367774,104.15738898083133,35.848578513677744,104.15738898083134,35.84857851367772,104.15738898083134,35.84857851367772,104.15738898083134,35.84857851367772,104.15738898083131,35.84857851367772,104.15738898083134,35.84857851367773,104.15738898083133,35.84857851367773,104.15738898083133,0.0,35.84857851367774,104.15738898083133,35.84857851367773,104.15738898083134,35.84857851367772,104.15738898083133,35.84857851367774,104.15738898083133,35.84857851367773,104.15738898083133,35.84857851367773,104.15738898083133,35.84857851367774,104.15738898083133,35.84857851367773,104.15738898083133,35.84857851367772,104.15738898083136,35.84857851367774,104.15738898083136,0.0,35.84857851367774,104.15738898083133,35.84857851367773,104.15738898083134,0.0,35.84857851367773,104.15738898083133,0.0,35.84857851367774,104.15738898083134,0.01813571582358709,35.84857851367774,104.15738898083134,0.0,35.84857851367774,104.15738898083134,0.0,37.076710356719424,-95.67797719861763,0.5626449867603931,-0.03483053164820016,-0.001213335113042304,37.076710356719424,-95.67797719861763,0.9996352236253907,0.0,0.0,37.07671035671942,-95.67797719861763,0.0,-0.0023915910846156185,37.07671035671942,-95.67797719861763,1.764926112206842,-0.003996998465431473,-0.002695878570650005,37.07671035671941,-95.67797719861764,0.9987877254170858,0.0,0.000242620574436591,56.109890968585034,-106.30797821042322,0.0,0.01954732946716687,-25.265178496727128,133.72633799087708,4.7274473218416375,0.05931484862690339,-25.26517849672713,133.72633799087706,0.0,51.14702696473263,10.447713530236582,0.0,0.0,56.10989096858502,-106.30797821042322,0.0021229604292225656,0.08775459363186842,-25.265178496727128,133.72633799087703,0.0,-25.26517849672713,133.72633799087708,0.0,37.07671035671942,-95.67797719861764,2.00032121896213,0.0,37.076710356719424,-95.67797719861763,0.9996352236253907,0.0,0.001098466489694369,37.076710356719424,-95.67797719861765,1.0130875785286177,0.00207825247824476,37.076710356719424,-95.67797719861763,0.9996352236253907,0.0,37.07671035671942,-95.67797719861765,1.1077096714043633,0.0,0.0,37.076710356719424,-95.67797719861763,0.9996352236253907,0.0,0.0,37.07671035671942,-95.67797719861761,0.0,37.076710356719424,-95.67797719861763,1.9992704472507814,0.0,0.0,56.10989096858501,-106.3079782104232,0.9996352236253907,0.0,56.10989096858502,-106.30797821042322,0.0,37.076710356719424,-95.67797719861764,0.9996352236253907,0.0,0.0009463332025075027,0.0,0.0,60.97774864114882,0.0,0.0,0.0,0.0,37.076710356719424,-95.67797719861767,0.0,37.076710356719424,-95.67797719861763,0.9996352236253907,0.0,0.0,37.076710356719424,-95.67797719861763,0.9996352236253907,0.0,0.0,0.0,0.0,0.0,0.0,37.076710356719424,-95.67797719861763,1.0007706428576613,0.0,0.0,37.076710356719424,-95.67797719861763,10.995987459879299,0.0,0.0,37.076710356719424,-95.67797719861763,4.9981761181269535,0.0,0.0,37.076710356719424,-95.67797719861763,1.9992704472507814,0.0,0.0,37.076710356719424,-95.67797719861763,0.0,0.0,37.076710356719424,-95.67797719861763,0.0,0.0,37.076710356719424,-95.67797719861763,0.0,0.0,37.07671035671942,-95.67797719861765,36.011574843087246,0.0,0.0,-9.2695403346859e+38,-3.0019654251739716e+39,1.0281952067859729e+39,-3.591746233929981e+39,4.4482184237436334e+36,2.8408408532585673e+37,4.873472208564422e+37,-7.554254152060915e+38,-8.283334136099665e+37,-1.3435880419887533e+39,-4.3380781897016415e+30,-1.7043468695187557e+30,-6.540818907543498,0.15939326207276402,23.01049768845474,-3.1476898262474607e+48,7.917324659267074e+50,-2.0912193968681886e+46,3.711578773813026e+50,-4.60415285793437e+41,-8.095258283655613e+41,0.6692884295622417,0.33578297750883435,171.60803481716766,109.92881109050771,4.58064262832785,0.21933484262720826,221.3282477877142,32.42386969431373,1.1174853578918666,1.8459410150735596,125.93383923610963,70.13697910666758,323.7327656459127,1.0255740366748083,32.67745657096972,90.60747687177397,12.705364229051668,145.46800350782075,215.36431313387152,50.703910857358764,5.726217218420491,1.9252269971630203,43.01649824429731,0.766529958667689,40.52355974806046,1.5026328344760473,212.2632586623718,214.13169155561502,1.8935528001901738,209.473529870402,0.3965041140927148,517.3990924330625,1.1765495237810346,75.75861645755961,189.457931424555,344.62410614160643,17.108127393542276,36.82997534748351,72.82975191068905,4.8971567569058845,13.426976292964337,37.67315386364922,0.3559242059505632,55.32063225877544,50.41324406497596,2.1730087636066613,79.38938085979069,1.2063489462396488,214.31814846598695,51.365053564589,284.40743299626615,107.56361731360401,77.63295307690845,0.48928864106314396,145.2409781844455,0.6750358331085968,1.8767739085805366,13.14472162347887,0.24764816427627878,0.11055780866777758,0.49981761181269535,2.0456258599203148,1.0006859953367397,0.5008567380518176,0.49981761181269535,0.9996352236253907,2.4990880590634768,0.9996352236253907,5.497993729939649,0.8450108941162818,3.998822043536374,2.1507690097124192,100.83811234471366,31.352441863253848,1.4718953634726955,4.498358506314259,38.18411392132166,0.3172912467669731,23580.1954584846,796.2209866732443,4535.031667933727,535.753623305176,166.3085531391852,6.085335983902819,67.82918829309523,0.9730562459258159,18.11895119692442,28.245101560421947,109.76398433880192,34.711012461144584,0.8801657926844094,0.7510800379462277,19.98859843454901,50.852668378419025,28.178672915413706,114.73598470959156,15.477753798482404,0.29116932904250714,1.5556841938015018,36.448222866709244,12.57340366508567,18.81684474108947,27.292725535343003,110.01759261731428,7.303298523277855,1.2157487274070014,80.43137689652187,21.886900496144936,6.071159837144468,12.032646210305625,3.4431879924874567,0.5997811341752344,0.19992704472507816,2.8746099940946683,4.613775373614239,3.97201629716122,1.6699965508160086,1.6991069206854101,3.432025320068505,1.4032291733497355,380.6447705555523,0.47476046021509793,1.66720618277871,0.3337854795766595
2020-03-08 21:00:00,0.14276432640654174,35.848685100668185,104.15769866738196,35.84868510066819,104.15769866738198,35.8486851006682,104.157698667382,35.84868510066818,104.157698667382,35.84868510066818,104.15769866738198,35.848685100668185,104.15769866738195,35.848685100668185,104.15769866738198,35.84868510066819,104.15769866738196,35.848685100668185,104.15769866738196,0.0,35.84868510066819,104.15769866738198,35.84868510066819,104.15769866738198,35.84868510066818,104.15769866738198,35.84868510066819,104.15769866738196,35.848685100668185,104.15769866738198,35.848685100668185,104.15769866738198,35.8486851006682,104.15769866738198,35.848685100668185,104.15769866738198,35.848685100668185,104.157698667382,35.84868510066819,104.157698667382,0.0,35.84868510066819,104.15769866738198,35.848685100668185,104.15769866738198,0.0,35.848685100668185,104.15769866738198,0.0,35.84868510066819,104.15769866738198,0.016404205917149604,35.84868510066819,104.15769866738198,0.0,35.84868510066819,104.157698667382,0.0,37.07682059525988,-95.67826167370885,0.5560267042542257,-0.03535035140795939,-0.0012305665787580126,37.07682059525988,-95.67826167370885,0.9996381957965187,0.0,0.0,37.076820595259875,-95.67826167370885,0.0,-0.002417677823169248,37.07682059525988,-95.67826167370885,1.7616859903452458,-0.004055294882643487,-0.002730675529488358,37.07682059525987,-95.67826167370886,0.9998939494126666,0.0,0.0004700534056349577,56.11005779763826,-106.30829429122555,0.0,0.023652000623037725,-25.265253616563147,133.72673559347396,4.708401016512909,0.05684247549782828,-25.265253616563143,133.72673559347396,0.0,51.14717903792217,10.447744593960403,0.0,0.0,56.110057797638255,-106.30829429122555,0.0026127016146527864,0.08278259314263878,-25.265253616563143,133.72673559347393,0.0,-25.265253616563143,133.72673559347396,0.0,37.076820595259875,-95.67826167370886,2.0003273805562665,0.0,37.07682059525988,-95.67826167370885,0.9996381957965187,0.0,0.0010986074199586023,37.07682059525988,-95.67826167370887,1.013093747229623,0.0020787280113875187,37.07682059525988,-95.67826167370885,0.9996381957965187,0.0,37.076820595259875,-95.67826167370887,1.0961221513525554,0.0,0.0,37.07682059525988,-95.67826167370885,0.9996381957965187,0.0,0.0,37.076820595259875,-95.67826167370883,0.0,37.07682059525988,-95.67826167370885,1.9992763915930374,0.0,0.0,56.11005779763824,-106.30829429122554,0.9996381957965187,0.0,56.110057797638255,-106.30829429122555,0.0,37.07682059525988,-95.67826167370886,0.9996381957965187,0.0,0.0009467392687466333,0.0,0.0,60.97792994358763,0.0,0.0,0.0,0.0,37.07682059525988,-95.67826167370886,0.0,37.07682059525988,-95.67826167370885,0.9996381957965187,0.0,0.0,37.07682059525988,-95.67826167370885,0.9996381957965187,0.0,0.0,0.0,0.0,0.0,0.0,37.07682059525988,-95.67826167370885,1.0007737132815855,0.0,0.0,37.07682059525988,-95.67826167370885,10.996020153761709,0.0,0.0,37.07682059525988,-95.67826167370885,4.998190978982594,0.0,0.0,37.07682059525988,-95.67826167370885,1.9992763915930374,0.0,0.0,37.07682059525988,-95.67826167370885,0.0,0.0,37.07682059525988,-95.67826167370885,0.0,0.0,37.07682059525988,-95.67826167370885,0.0,0.0,37.076820595259875,-95.67826167370886,36.011686105319946,0.0,0.0,-9.431704130110736e+38,-3.0544826039663737e+39,1.0461297672253243e+39,-3.654396195231203e+39,4.521863110855064e+36,2.8878738034965583e+37,4.956686274296242e+37,-7.68324230971554e+38,-8.429958271073452e+37,-1.3673710297544183e+39,-4.415897817877818e+30,-1.7349206936568386e+30,-6.540842313261147,0.15934241482806955,23.01054586036664,-3.202756346335232e+48,8.055424639389988e+50,-2.125841617157956e+46,3.7749536217315025e+50,-4.686745528652251e+41,-8.236293160960264e+41,0.6692767799381341,0.3357848917451236,171.58904920478187,109.90628704890413,4.584106824266295,0.21794257885825358,221.469753763873,32.51247045488627,1.1186625582727603,1.8386909665113083,124.43527761685898,70.11539458456161,323.6224027823712,1.0243016896938806,32.63636263600639,90.4838758613614,12.949916922006315,145.27406443748058,215.3207015882148,50.67812128962529,5.604120777853147,1.924592143857667,42.97523655957232,0.7656870106725184,40.46293819745463,1.5018502457628073,211.82626040722005,214.1077808220405,1.8977120825672371,209.55697112940945,0.3964704268806179,516.5753757926586,1.1764228537410222,75.73829914697285,187.61037442965522,344.5997151413995,16.880978216787355,36.45851623941809,72.73691851890695,4.895821825458873,13.541155316419665,37.603687469073904,0.3511238386346083,55.27462354045278,50.60294467682172,2.1747309653992297,79.59668152445656,1.2045570856301522,213.85288710365802,51.53162495333943,284.390107933848,107.56400107761348,77.67975181516046,0.4900414037760985,145.28342175603996,0.6755594010941824,1.870176460883201,12.974424616392206,0.24767158603868328,0.11041866726952669,0.49981909789825935,2.0439802354807335,1.0006891847597472,0.5008584619039531,0.49981909789825935,0.9996381957965187,2.499095489491297,0.9996381957965187,5.498010076880854,0.8505397579838394,3.9988335875473773,2.183551917288894,100.83841911453274,31.35253508208037,1.4714952915806687,4.498371881084335,38.184227452456085,0.3039540651324366,23556.111527934692,795.0567546817679,4514.723246975969,535.7321560573305,166.27387014818075,6.057545076059009,67.97143239674624,0.9772833211537367,18.119162091642877,28.244873317661963,109.76417926631555,34.71484395283041,0.8802919675290628,0.7519331333634482,20.06753367082653,50.9148169290835,28.17950497626716,114.73436035028452,15.471942233297098,0.2910293368076483,1.5559060336600965,36.448292373850826,12.573380136668947,18.77163490719401,27.29253987704259,110.01731821877742,7.303308213851518,1.215712574634945,80.53222813961267,22.0882414229538,5.958522537926463,12.032681986439574,3.4431982299657866,0.5997829174779111,0.19992763915930378,2.8855383113847437,4.587864738858826,3.95290530063117,1.669922760124658,1.699127090569187,3.437198214500999,1.4035690829587548,380.6462046342345,0.4747671047221246,1.6672117600733598,0.33378678213842045
2020-03-08 22:00:00,0.14096642748861032,35.84878746612989,104.15799608835805,35.84878746612989,104.15799608835805,35.8487874661299,104.15799608835806,35.84878746612988,104.15799608835806,35.848787466129885,104.15799608835805,35.848787466129885,104.15799608835803,35.848787466129885,104.15799608835806,35.84878746612989,104.15799608835805,35.848787466129885,104.15799608835805,0.0,35.84878746612989,104.15799608835805,35.84878746612989,104.15799608835805,35.848787466129885,104.15799608835805,35.8487874661299,104.15799608835805,35.848787466129885,104.15799608835806,35.84878746612989,104.15799608835806,35.8487874661299,104.15799608835805,35.848787466129885,104.15799608835805,35.848787466129885,104.15799608835806,35.84878746612989,104.15799608835808,0.0,35.84878746612989,104.15799608835805,35.848787466129885,104.15799608835806,0.0,35.84878746612989,104.15799608835805,0.0,35.8487874661299,104.15799608835805,0.014817272377610876,35.8487874661299,104.15799608835805,0.0,35.8487874661299,104.15799608835808,0.0,37.07692646764678,-95.67853488176107,0.5495607399850861,-0.03585674974978226,-0.001247189961285415,37.07692646764678,-95.67853488176107,0.9996410502505988,0.0,0.0,37.07692646764677,-95.67853488176107,0.0,-0.0024402454677609833,37.07692646764678,-95.67853488176107,1.758633236134945,-0.004111008485717396,-0.002762778535199427,37.076926467646764,-95.67853488176108,1.0012461730973399,0.0,0.0007467327833870947,56.110218019190505,-106.30859785319991,0.0,0.02831491699548804,-25.265325761171635,133.7271174484567,4.700104128088309,0.0551911074423272,-25.265325761171635,133.7271174484567,0.0,51.1473250880376,10.447774427361436,0.0,0.0,56.11021801919049,-106.30859785319991,0.0031893950885850475,0.07873265427938345,-25.26532576117163,133.72711744845668,0.0,-25.265325761171635,133.7271174484567,0.0,37.07692646764677,-95.67853488176107,2.0003332963431664,0.0,37.07692646764678,-95.67853488176108,0.9996410502505988,0.0,0.0010987396300742983,37.07692646764678,-95.6785348817611,1.013099660537874,0.0020791825320730763,37.07692646764678,-95.67853488176107,0.9996410502505988,0.0,37.07692646764677,-95.6785348817611,1.0860744842190435,0.0,0.0,37.07692646764678,-95.67853488176107,0.9996410502505988,0.0,0.0,37.07692646764677,-95.67853488176105,0.0,37.07692646764678,-95.67853488176107,1.9992821005011976,0.0,0.0,56.110218019190484,-106.3085978531999,0.9996410502505988,0.0,56.11021801919049,-106.30859785319991,0.0,37.07692646764678,-95.67853488176107,0.9996410502505988,0.0,0.0009471361516733686,0.0,0.0,60.978104065286516,0.0,0.0,0.0,0.0,37.07692646764678,-95.67853488176108,0.0,37.07692646764678,-95.67853488176107,0.9996410502505988,0.0,0.0,37.07692646764678,-95.67853488176107,0.9996410502505988,0.0,0.0,0.0,0.0,0.0,0.0,37.07692646764678,-95.67853488176107,1.0007766589365186,0.0,0.0,37.07692646764678,-95.67853488176107,10.996051552756589,0.0,0.0,37.07692646764678,-95.67853488176107,4.998205251252994,0.0,0.0,37.07692646764678,-95.67853488176107,1.9992821005011976,0.0,0.0,37.07692646764678,-95.67853488176107,0.0,0.0,37.07692646764678,-95.67853488176107,0.0,0.0,37.07692646764678,-95.67853488176107,0.0,0.0,37.07692646764677,-95.67853488176108,36.01179293159916,0.0,0.0,-9.594567576352646e+38,-3.107226366546843e+39,1.0641406867846375e+39,-3.7173128982753855e+39,4.5957391438594017e+36,2.9350545020690973e+37,5.04021680265778e+37,-7.81272100861734e+38,-8.57724510014304e+37,-1.391261509002121e+39,-4.494271627495627e+30,-1.765712244945961e+30,-6.540864672058716,0.15943879584606788,23.0105923516278,-3.2580604492673915e+48,8.194112601191327e+50,-2.1605725989725623e+46,3.838569483844644e+50,-4.769926371357162e+41,-8.378044863944115e+41,0.6692650006384667,0.3357867512157843,171.57370358286764,109.9692045191198,4.586169754004001,0.2167181744202418,221.59299099121574,32.581845466252084,1.1199067909507545,1.8320356147623362,123.05960768276114,70.10811261129824,323.59652749154804,1.0239976337643966,32.602989599347865,90.37164665912724,13.207777406080336,145.06537217663265,215.30059855324566,50.68836920078125,5.492581154537105,1.9240761922889216,42.941711093892756,0.7649095754253655,40.407384219770606,1.49847091088439,210.94833789408636,214.25110371097233,1.9013303896936082,209.64516446789636,0.3963808637082996,515.819264632211,1.1763625197301968,75.83536395026972,185.91439105302578,344.62375672815483,16.674704602123402,36.058885754877025,72.65529153917687,4.895204235300105,13.66692097304227,37.540236657955184,0.3467388713013267,55.23210037002222,50.76852629367916,2.1758527425251124,79.734805542316,1.2018832367910528,213.1467487666887,51.70754605702125,284.3820291666604,107.564368924189,77.72044844778425,0.4908703732783991,145.31602648217392,0.6759609561066976,1.8641854658529857,12.824742129183617,0.24769504342050672,0.11030569639059204,0.4998205251252994,2.0428865064141157,1.0006922460925676,0.5008601163913358,0.4998205251252994,0.9996410502505988,2.499102625626497,0.9996410502505988,5.498025776378294,0.8569106831483118,3.9988446729873846,2.220804982824343,100.83871352369522,31.35262460884321,1.4711122952830147,4.498384726127695,38.184336487029086,0.2917627123234765,23533.35270076636,793.9609604377113,4495.795583302101,535.673700765952,166.1688495582136,6.032034573062998,68.12139427452024,0.9817400374444305,18.119364013954137,28.244779611215076,109.76418801017566,34.716629194183966,0.8803455463109031,0.7526748131952619,20.136807186240933,50.983252771618986,28.181098545727963,114.73144435467034,15.460877116981464,0.290763132548539,1.5534501474642801,36.44836144503301,12.573361026346081,18.730203058149993,27.292310675106958,110.01687076055342,7.303320963220859,1.2156890781925322,80.6395390894282,22.302524420438722,5.855284474241781,12.032716345609053,3.443208061974284,0.5997846301503591,0.19992821005011974,2.8981269577393167,4.567647209153259,3.9354552676520203,1.6698485359421529,1.6991469797838268,3.4330757564945666,1.4033045563556714,380.64758844625214,0.47477361279343344,1.6672171453891058,0.3337880475692534
2020-03-08 23:00:00,0.13908554627202976,35.848885601058804,104.15828121759853,35.84888560105881,104.15828121759851,35.84888560105881,104.15828121759853,35.8488856010588,104.15828121759854,35.8488856010588,104.15828121759853,35.8488856010588,104.15828121759851,35.8488856010588,104.15828121759854,35.848885601058804,104.15828121759853,35.848885601058804,104.15828121759853,0.0,35.84888560105881,104.15828121759851,35.848885601058804,104.15828121759853,35.8488856010588,104.15828121759851,35.84888560105881,104.15828121759853,35.848885601058804,104.15828121759851,35.848885601058804,104.15828121759851,35.84888560105881,104.15828121759851,35.848885601058804,104.15828121759851,35.8488856010588,104.15828121759853,35.84888560105881,104.15828121759854,0.0,35.848885601058804,104.15828121759851,35.848885601058804,104.15828121759854,0.0,35.848885601058804,104.15828121759851,0.0,35.84888560105881,104.15828121759853,0.013378289241620992,35.84888560105881,104.15828121759853,0.0,35.84888560105881,104.15828121759853,0.0,37.07702796456761,-95.67879679874301,0.543300045424651,-0.03634515630925861,-0.0012630073814173248,37.07702796456761,-95.67879679874301,0.9996437867365537,0.0,0.0,37.0770279645676,-95.67879679874301,0.0,-0.0024582938488055955,37.077027964567606,-95.67879679874301,1.7558246378003135,-0.0041633375549207235,-0.002791389377905504,37.07702796456759,-95.67879679874302,1.0028855308384963,0.0,0.0010808840714246482,56.110371619148715,-106.30888886964512,0.0,0.03356479440416404,-25.265394924206785,133.72748352223752,4.703115209408576,0.054400291103871984,-25.265394924206785,133.7274835222375,0.0,51.1474651022324,10.447803027815544,0.0,0.0,56.1103716191487,-106.30888886964512,0.0038638717084323827,0.07566106994489015,-25.265394924206777,133.72748352223746,0.0,-25.26539492420678,133.72748352223752,0.0,37.077027964567606,-95.67879679874301,2.0003389658275603,0.0,37.07702796456761,-95.67879679874302,0.9996437867365537,0.0,0.0010988631529123315,37.07702796456761,-95.67879679874304,1.013105318090304,0.002079616031217195,37.07702796456761,-95.67879679874301,0.9996437867365537,0.0,37.077027964567606,-95.67879679874302,1.077428245319586,0.0,0.0,37.07702796456761,-95.67879679874301,0.9996437867365537,0.0,0.0,37.0770279645676,-95.678796798743,0.0,37.07702796456761,-95.67879679874301,1.9992875734731075,0.0,0.0,56.110371619148694,-106.30888886964512,0.9996437867365537,0.0,56.1103716191487,-106.30888886964512,0.0,37.07702796456761,-95.67879679874301,0.9996437867365537,0.0,0.0009475237185748698,0.0,0.0,60.978270990929765,0.0,0.0,0.0,0.0,37.07702796456761,-95.67879679874302,0.0,37.07702796456761,-95.67879679874301,0.9996437867365537,0.0,0.0,37.07702796456761,-95.67879679874301,0.9996437867365537,0.0,0.0,0.0,0.0,0.0,0.0,37.07702796456761,-95.67879679874301,1.0007794796081768,0.0,0.0,37.07702796456761,-95.67879679874301,10.996081654102094,0.0,0.0,37.07702796456761,-95.67879679874301,4.998218933682769,0.0,0.0,37.07702796456761,-95.67879679874301,1.9992875734731075,0.0,0.0,37.07702796456761,-95.67879679874301,0.0,0.0,37.07702796456761,-95.67879679874301,0.0,0.0,37.07702796456761,-95.67879679874301,0.0,0.0,37.0770279645676,-95.67879679874304,36.011895312941256,0.0,0.0,-9.75810343347774e+38,-3.160187891189994e+39,1.0822248163471459e+39,-3.7804853424001565e+39,4.669820837812656e+36,2.982366545366659e+37,5.124043357869692e+37,-7.942658571747291e+38,-8.72517341107913e+37,-1.4152560390282748e+39,-4.573198030087309e+30,-1.7967208993078837e+30,-6.540885983667765,0.15967709651532308,23.010637184727383,-3.313592885085543e+48,8.333364295793338e+50,-2.195400267173633e+46,3.902410796504562e+50,-4.853693700153006e+41,-8.520484430917303e+41,0.6692530915210941,0.33578855524639845,171.5613844882734,110.10997461336777,4.587922394877743,0.21566556421147864,221.69017636385738,32.625303438108396,1.1211284797437442,1.8259922303038956,121.81039723215892,70.11621676982959,323.6577232626036,1.0246914685112063,32.5760434298304,90.2707783713308,13.476050762511692,144.8470155492408,215.3186705278361,50.75478763255543,5.39170722353052,1.9236589733875866,42.91462097354006,0.7642495954677346,40.357016226850455,1.4925393667702331,209.64415485271053,214.55527700898426,1.9041773839943907,209.73181602793838,0.39622350938946643,515.1327232431419,1.176373501880075,76.05202931552876,184.3743752236462,344.69205474898166,16.489286599560064,35.64081144501514,72.5851338117051,4.895751397137244,13.803971698126585,37.48286198197364,0.3427734828734575,55.19598207391237,50.90012000544782,2.1763048968816134,79.79582756386854,1.198353206224425,212.20640125718216,51.880292504407365,284.38389187431795,107.5647207370153,77.75247276971675,0.49177356462565175,145.33508317007818,0.676194450102116,1.85880034376442,12.696181741144576,0.24771848942862928,0.1102145078431537,0.49982189336827687,2.0423708933361633,1.0006951790910061,0.5008617013838854,0.49982189336827687,0.9996437867365537,2.4991094668413845,0.9996437867365537,5.498040827051047,0.8641798017096044,3.9988552989001205,2.262759193205633,100.83899554928779,31.35271043566763,1.470751666569171,4.498397040314492,38.184441015450034,0.28076039886033705,23513.898855960717,793.0319178043228,4480.079510108548,535.5703767688199,165.97855448848028,6.008870590565143,68.27739046629958,0.9863763307811677,18.11955673952872,28.244697178561605,109.76408137152032,34.717982655330296,0.880373181915898,0.7532581162954834,20.19265437302158,51.0578121073095,28.183589815382483,114.72698820205262,15.443602259430104,0.2903477381820519,1.5478893909429017,36.44842978998991,12.573345916889947,18.69541852500006,27.29202720106543,110.01620662483651,7.303337810538171,1.2156816319496713,80.7522237138111,22.527577505116394,5.761667687761518,12.032749284791844,3.443217487648129,0.5997862720419321,0.19992875734731075,2.912492502350061,4.553504331082965,3.919732542195696,1.669773883519015,1.6991665733789607,3.4197760434184574,1.4024433302426627,380.6489215292106,0.4747799777126843,1.6672223376104482,0.33378927543694714
2020-03-09 00:00:00,0.13716371169356292,35.848979497674264,104.15855403249681,35.84897949767427,104.1585540324968,35.84897949767427,104.15855403249681,35.84897949767426,104.15855403249681,35.84897949767426,104.1585540324968,35.84897949767426,104.1585540324968,35.84897949767426,104.15855403249682,35.848979497674264,104.15855403249681,35.848979497674264,104.15855403249681,0.0,35.848979497674264,104.1585540324968,35.848979497674264,104.1585540324968,35.84897949767426,104.1585540324968,35.84897949767427,104.1585540324968,35.848979497674264,104.1585540324968,35.848979497674264,104.1585540324968,35.84897949767427,104.1585540324968,35.848979497674264,104.1585540324968,35.84897949767426,104.1585540324968,35.84897949767427,104.15855403249681,0.0,35.848979497674264,104.1585540324968,35.848979497674264,104.15855403249681,0.0,35.848979497674264,104.1585540324968,0.0,35.84897949767427,104.1585540324968,0.012086574165205782,35.84897949767427,104.1585540324968,0.0,35.84897949767427,104.15855403249681,0.0,37.077125077975154,-95.67904740388848,0.5373117101004539,-0.036809778759361755,-0.0012777678818722826,37.077125077975154,-95.67904740388848,0.9996464050374204,0.0,0.0,37.07712507797514,-95.67904740388848,0.0,-0.0024705735762831776,37.07712507797515,-95.67904740388848,1.7533314016110317,-0.004211277196001617,-0.0028155068683093434,37.07712507797513,-95.67904740388848,1.004857233057968,0.0,0.0014815476370910463,56.11051858533465,-106.3091673174878,0.0,0.03942018876096719,-25.26546110018497,133.72783378579206,4.717779113904919,0.054491629904450674,-25.26546110018497,133.72783378579203,0.0,51.147599069405494,10.447830393055128,0.0,0.0,56.110518585334646,-106.3091673174878,0.00464708407246887,0.07360835463325031,-25.265461100184968,133.727833785792,0.0,-25.26546110018497,133.72783378579206,0.0,37.07712507797514,-95.67904740388848,2.0003443885850154,0.0,37.077125077975154,-95.67904740388848,0.9996464050374204,0.0,0.001098978023172839,37.077125077975154,-95.67904740388849,1.0131107195953921,0.0020800285053398917,37.077125077975154,-95.67904740388848,0.9996464050374204,0.0,37.07712507797514,-95.67904740388848,1.0700419642247163,0.0,0.0,37.077125077975154,-95.67904740388848,0.9996464050374204,0.0,0.0,37.07712507797514,-95.67904740388845,0.0,37.077125077975154,-95.67904740388848,1.9992928100748408,0.0,0.0,56.11051858533464,-106.30916731748779,0.9996464050374204,0.0,56.110518585334646,-106.30916731748779,0.0,37.077125077975154,-95.67904740388848,0.9996464050374204,0.0,0.0009479018409321162,0.0,0.0,60.97843070728264,0.0,0.0,0.0,0.0,37.077125077975154,-95.67904740388848,0.0,37.077125077975154,-95.67904740388848,0.9996464050374204,0.0,0.0,37.077125077975154,-95.67904740388848,0.9996464050374204,0.0,0.0,0.0,0.0,0.0,0.0,37.077125077975154,-95.67904740388848,1.0007821751177308,0.0,0.0,37.077125077975154,-95.67904740388848,10.996110455411628,0.0,0.0,37.077125077975154,-95.67904740388848,4.998232025187102,0.0,0.0,37.077125077975154,-95.67904740388848,1.9992928100748408,0.0,0.0,37.077125077975154,-95.67904740388848,0.0,0.0,37.077125077975154,-95.67904740388848,0.0,0.0,37.077125077975154,-95.67904740388848,0.0,0.0,37.07712507797514,-95.67904740388849,36.01199324164168,0.0,0.0,-9.922282319747484e+38,-3.2133576625411093e+39,1.10037873100827e+39,-3.843901563546521e+39,4.744077470212062e+36,3.029790312558401e+37,5.208142473549239e+37,-8.073018624419883e+38,-8.87372102472457e+37,-1.4393510222899265e+39,-4.6526740737750097e+30,-1.82794549700703e+30,-6.540906248096632,0.16004222079849684,23.010680374716603,-3.369343676531159e+48,8.473153350692897e+50,-2.2303101783395935e+46,3.966459687991834e+50,-4.938044382109413e+41,-8.663577614983971e+41,0.6692410535945503,0.33579030324143017,171.5515653870163,110.31578729582353,4.590017747513714,0.2147865868829633,221.75530511186645,32.63839624752334,1.1222373106413113,1.8205602218550991,120.68752411411327,70.1371850387282,323.80356807238144,1.0263554451313757,32.554413442320644,90.18098849387324,13.75115583013544,144.62388165214423,215.38794262391121,50.895194919232196,5.3013472181653905,1.9233231096847823,42.89284788942432,0.7637514526074882,40.31181026948646,1.4841556426992497,207.937132758614,215.00281456267032,1.906075265863636,209.8105815908128,0.3959893690094453,514.5156843052673,1.1764441385219255,76.38365541898268,182.99018324053984,344.7974798575564,16.32420609108988,35.21363526042978,72.52656814730386,4.897860650018826,13.9516162453761,37.431475796206314,0.3392216254291668,55.16876402811578,50.99014500905369,2.176063868735242,79.7771678750544,1.1940073564775815,211.04254840848924,52.03724287260787,284.3940680935198,107.56505642942436,77.77384108275416,0.49274642815886527,145.33809516080265,0.6762288881800265,1.854006039797631,12.588993804272388,0.24774188572947103,0.11014133525807983,0.4998232025187102,2.042448043311833,1.0006979835475944,0.5008632167713801,0.4998232025187102,0.9996464050374204,2.499116012593551,0.9996464050374204,5.498055227705814,0.872393496240359,3.9988654644619075,2.3095645622351615,100.83926517193245,31.3527925557488,1.4704200084153287,4.4984088226683925,38.18454102943134,0.27095975835696207,23499.44623557714,792.3537560488589,4469.137639685777,535.4162348535551,165.6917322138304,5.988050964227229,68.43733851576921,0.9911302713956555,18.119740104126787,28.244548787759864,109.76389075930568,34.71987463616449,0.8804040006667866,0.7536467978123333,20.23220625289217,51.13811949952087,28.18707645076007,114.72078091527152,15.419399163329912,0.2897658780223215,1.5389102203482816,36.44849742953374,12.573334864688901,18.669727876634777,27.291675950609612,110.01527105758448,7.303360075936352,1.2156945451329344,80.86886105356545,22.76055883016744,5.6776296894824965,12.032780801376353,3.443226506240004,0.5997878430224521,0.19992928100748408,2.928732617557097,4.545727169584032,3.90576054230527,1.6696988133312618,1.6991858582083235,3.3977102867432474,1.4010121739236465,380.65020350378353,0.47478619400645317,1.6672273357482088,0.33379046535539414
2020-03-09 01:00:00,0.1352397462905096,35.84906914942312,104.15881451401285,35.84906914942313,104.15881451401283,35.84906914942314,104.15881451401285,35.849069149423116,104.15881451401285,35.849069149423116,104.15881451401283,35.849069149423116,104.15881451401283,35.84906914942312,104.15881451401286,35.84906914942313,104.15881451401285,35.84906914942312,104.15881451401285,0.0,35.84906914942313,104.15881451401283,35.84906914942313,104.15881451401285,35.849069149423116,104.15881451401283,35.84906914942313,104.15881451401285,35.84906914942312,104.15881451401283,35.84906914942313,104.15881451401283,35.84906914942314,104.15881451401283,35.84906914942312,104.15881451401283,35.84906914942312,104.15881451401285,35.84906914942313,104.15881451401286,0.0,35.84906914942312,104.15881451401283,35.84906914942312,104.15881451401285,0.0,35.84906914942313,104.15881451401283,0.0,35.84906914942313,104.15881451401283,0.010938135493377911,35.84906914942313,104.15881451401283,0.0,35.84906914942313,104.15881451401285,0.0,37.07721780109175,-95.67928667970746,0.5316804721602839,-0.0372432993802253,-0.0012911542463747844,37.07721780109175,-95.67928667970746,0.9996489049704649,0.0,0.0,37.077217801091734,-95.67928667970746,0.0,-0.002475531012033405,37.07721780109175,-95.67928667970746,1.7512424423596862,-0.004253572972926389,-0.0028338805124913727,37.077217801091734,-95.67928667970746,1.007210168960302,0.0,0.0019584993371450816,56.11065890749141,-106.30943317729479,0.0,0.04588654163376986,-25.265524284487707,133.72816821467504,4.744223345869795,0.055469004270825316,-25.26552428448771,133.72816821467504,0.0,51.14772698020717,10.44785652117034,0.0,0.0,56.110658907491406,-106.30943317729479,0.005549734837688978,0.0726007324489853,-25.265524284487707,133.728168214675,0.0,-25.26552428448771,133.72816821467504,0.0,37.07721780109174,-95.67928667970747,2.0003495642621782,0.0,37.07721780109175,-95.67928667970745,0.9996489049704649,0.0,0.0010990842773890967,37.07721780109175,-95.67928667970747,1.0131158648333942,0.0020804199565827453,37.07721780109175,-95.67928667970746,0.9996489049704649,0.0,37.07721780109174,-95.67928667970745,1.0637758611138795,0.0,0.0,37.07721780109175,-95.67928667970746,0.9996489049704649,0.0,0.0,37.07721780109174,-95.67928667970745,0.0,37.07721780109175,-95.67928667970746,1.9992978099409298,0.0,0.0,56.1106589074914,-106.30943317729478,0.9996489049704649,0.0,56.110658907491406,-106.30943317729478,0.0,37.07721780109175,-95.67928667970747,0.9996489049704649,0.0,0.000948270394439107,0.0,0.0,60.978583203198355,0.0,0.0,0.0,0.0,37.07721780109175,-95.67928667970747,0.0,37.07721780109175,-95.67928667970746,0.9996489049704649,0.0,0.0,37.07721780109175,-95.67928667970746,0.9996489049704649,0.0,0.0,0.0,0.0,0.0,0.0,37.07721780109175,-95.67928667970746,1.0007847453219236,0.0,0.0,37.07721780109175,-95.67928667970746,10.996137954675117,0.0,0.0,37.07721780109175,-95.67928667970746,4.998244524852324,0.0,0.0,37.07721780109175,-95.67928667970746,1.9992978099409298,0.0,0.0,37.07721780109175,-95.67928667970746,0.0,0.0,37.07721780109175,-95.67928667970746,0.0,0.0,37.07721780109175,-95.67928667970746,0.0,0.0,37.077217801091734,-95.67928667970746,36.01208671127922,0.0,0.0,-1.0087072124174025e+39,-3.2667252813710224e+39,1.1185986537193258e+39,-3.9075483675269817e+39,4.818471759744936e+36,3.0773019940500665e+37,5.29248676241989e+37,-8.20375871426466e+38,-9.022864556646465e+37,-1.463542665743849e+39,-4.732695019495889e+30,-1.8593841761574149e+30,-6.540925465631278,0.1605102274902275,23.010721931205335,-3.425301919565274e+48,8.613450681801037e+50,-2.2652848055874546e+46,4.030695300480722e+50,-5.022973387494794e+41,-8.80728334403506e+41,0.669228888983981,0.33579199466926524,171.54379827575337,110.56940753292717,4.592599329171672,0.2140815533354202,221.7845778463795,32.61916560661009,1.1231483287226425,1.81572439218044,119.68784882287531,70.16506358250412,324.02679224047733,1.0289062749291014,32.537154589597705,90.10178288976194,14.02888561649894,144.4004847464587,215.51908452199515,51.1241072367053,5.22113742894635,1.9230537331510453,42.87543827668626,0.7634490001500273,40.27162625659123,1.4734763366499632,205.85935383670034,215.56620411247798,1.906911396259256,209.87549575041945,0.3956737315384296,513.9664192066142,1.1765469112083153,76.8189815506583,181.75796302022337,344.9303960327349,16.178556795832964,34.785986478256774,72.47961530355207,4.90185747893903,14.108723555962229,37.385869959909215,0.3360689357804619,55.1523526684178,51.03385113995034,2.1751535452505206,79.6817994823284,1.1889027657586237,209.67053240823657,52.166532143705865,284.4087163047923,107.56537593810907,77.78329782485832,0.4937815195560992,145.32391342545301,0.6760500057558999,1.8497762204267787,12.503241378529374,0.2477652005080987,0.1100829740050479,0.49982445248523244,2.04312117826129,1.0007006592917134,0.5008646624635238,0.49982445248523244,0.9996489049704649,2.499122262426162,0.9996489049704649,5.498068977337558,0.8815840831156252,3.9988751689821185,2.3612665605028478,100.83952237579832,31.35287096335548,1.470125524263044,4.498420072367092,38.184636521992935,0.26234929836350185,23491.300159358903,791.9910854509704,4464.16481539713,535.2081591387806,165.3025208330559,5.96951772776949,68.59879202967751,0.9959291063924578,18.119913989194274,28.244310972917912,109.7636010938983,34.722524479870124,0.880446798963064,0.7538179169578682,20.253698835818227,51.223560646617784,28.19160880748157,114.71265761543252,15.38784121210429,0.289007278781977,1.5263359210357634,36.44856469580378,12.573328401179063,18.654990236685347,27.29124001633317,110.01399562135448,7.3033894213319375,1.2157332405705616,80.98769962545599,22.99796553660461,5.602912184812063,12.032810893163,3.44323511712049,0.5997893429822787,0.19992978099409295,2.946917818034932,4.544523171380112,3.893529181796069,1.6696233411432335,1.6992048225161762,3.367556781259723,1.399055201146594,380.65143405678543,0.4747922571468157,1.6672321389230083,0.3337916169762717
2020-03-09 02:00:00,0.13334814350488944,35.84915455098656,104.1590626466929,35.849154550986576,104.15906264669289,35.849154550986576,104.15906264669292,35.84915455098656,104.15906264669292,35.84915455098656,104.1590626466929,35.84915455098656,104.1590626466929,35.84915455098657,104.15906264669292,35.849154550986576,104.1590626466929,35.84915455098657,104.1590626466929,0.0,35.84915455098657,104.15906264669289,35.849154550986576,104.1590626466929,35.84915455098656,104.15906264669289,35.849154550986576,104.1590626466929,35.84915455098657,104.1590626466929,35.849154550986576,104.15906264669289,35.84915455098657,104.15906264669289,35.84915455098656,104.15906264669289,35.84915455098657,104.1590626466929,35.849154550986576,104.15906264669292,0.0,35.84915455098657,104.15906264669289,35.84915455098656,104.15906264669292,0.0,35.849154550986576,104.1590626466929,0.0,35.849154550986576,104.1590626466929,0.009926417517023098,35.84915455098657,104.1590626466929,0.0,35.84915455098657,104.15906264669292,0.0,37.077306128416375,-95.67951461200431,0.5265129903776167,-0.03763650582839029,-0.0013027669617505407,37.077306128416375,-95.67951461200431,0.9996512863873721,0.0,0.0,37.07730612841636,-95.67951461200431,0.0,-0.002471243486309539,37.077306128416375,-95.67951461200431,1.7496682937653452,-0.00428866580173097,-0.002844955461902013,37.07730612841635,-95.67951461200431,1.0099962175096424,0.0,0.0025221126339775857,56.110792577294006,-106.30968643329327,0.0,0.05295321264297597,-25.265584473366424,133.72848678904566,4.782352541961206,0.05731864821040923,-25.265584473366427,133.72848678904566,0.0,51.14784882704878,10.447881410611062,0.0,0.0,56.110792577294,-106.30968643329328,0.00658181219330154,0.07265124444370988,-25.265584473366424,133.7284867890456,0.0,-25.265584473366427,133.72848678904566,0.0,37.07730612841637,-95.67951461200433,2.000354492577169,0.0,37.077306128416375,-95.6795146120043,0.9996512863873721,0.0,0.0010991819539366973,37.077306128416375,-95.67951461200433,1.0131207536567384,0.002080790392739191,37.077306128416375,-95.67951461200431,0.9996512863873721,0.0,37.07730612841637,-95.67951461200431,1.0584954642748032,0.0,0.0,37.077306128416375,-95.67951461200431,0.9996512863873721,0.0,0.0,37.07730612841637,-95.6795146120043,0.0,37.077306128416375,-95.67951461200431,1.9993025727747442,0.0,0.0,56.11079257729399,-106.30968643329327,0.9996512863873721,0.0,56.110792577294,-106.30968643329327,0.0,37.077306128416375,-95.67951461200433,0.9996512863873721,0.0,0.0009486292590280545,0.0,0.0,60.97872846962969,0.0,0.0,0.0,0.0,37.077306128416375,-95.67951461200433,0.0,37.077306128416375,-95.67951461200431,0.9996512863873721,0.0,0.0,37.077306128416375,-95.67951461200431,0.9996512863873721,0.0,0.0,0.0,0.0,0.0,0.0,37.077306128416375,-95.67951461200431,1.000787190113267,0.0,0.0,37.077306128416375,-95.67951461200431,10.996164150261095,0.0,0.0,37.077306128416375,-95.67951461200431,4.99825643193686,0.0,0.0,37.077306128416375,-95.67951461200431,1.9993025727747442,0.0,0.0,37.077306128416375,-95.67951461200431,0.0,0.0,37.077306128416375,-95.67951461200431,0.0,0.0,37.077306128416375,-95.67951461200431,0.0,0.0,37.07730612841636,-95.67951461200431,36.012175716723135,0.0,0.0,-1.0252437216869873e+39,-3.3202792088452887e+39,1.1368803533984736e+39,-3.971410974101143e+39,4.892957889806087e+36,3.1248723292092787e+37,5.377043752238049e+37,-8.33482850682396e+38,-9.172579080157448e+37,-1.48782692618733e+39,-4.8132537886687197e+30,-1.8910341557216324e+30,-6.540943636836803,0.1610498541281323,23.0107618598701,-3.4814555152238993e+48,8.754223708875769e+50,-2.3003026093783014e+46,4.095092903494695e+50,-5.108473203565216e+41,-8.95155171370781e+41,0.6692166009804913,0.3357936290511112,171.53770503508818,110.850301639365,4.595275445617624,0.21354977544929235,221.77667236424065,32.568217947955915,1.1237877738758595,1.8114581633561089,118.80588078374758,70.19097287341766,324.31575277190973,1.0322105638531056,32.52346922800983,90.03251227368787,14.30451622247391,144.18083571053106,215.7198314643658,51.45193614816927,5.150550774207492,1.9228381913626822,42.861584851405176,0.7633633102381491,40.23623411075259,1.460714161861383,203.45127913940942,216.20964576573212,1.9066463332935448,209.92138267000942,0.3952771624319492,513.4819048899157,1.1766407640790777,77.3407996287199,180.67097620931898,345.07929329935627,16.051147868836924,34.36553216514435,72.4442293044837,4.907977851843895,14.273685701969915,37.345743467405384,0.3332946422281486,55.14794036882712,51.02966299554362,2.1736436292286982,79.51805161457327,1.183114926746595,208.11080541859508,52.25786854393919,284.4221052092692,107.56567921839392,77.78040580536423,0.49486825593612166,145.2927786362807,0.6756607908587037,1.8460762836612266,12.438865224083285,0.24778840686112452,0.11003671933731209,0.49982564319368605,2.044382156992454,1.000703206189797,0.5008660383900555,0.49982564319368605,0.9996512863873721,2.49912821596843,0.9996512863873721,5.498082075130547,0.8917652722228999,3.9988844119039113,2.4177824508114405,100.83976714862128,31.352945653835935,1.4698783589103224,4.498430788743174,38.18472748746947,0.2548998378767773,23490.294016213727,791.9849705911646,4465.913023238525,534.946523570898,164.81169023449027,5.953169483655311,68.7590039230792,1.0006911405940007,18.12007831100236,28.244016729665944,109.76314710695003,34.725361552617045,0.8804890345179877,0.7537634857338503,20.256605177228785,51.313262255827226,28.197184429019607,114.7025028856841,15.34882561641189,0.28806943532322704,1.5101398665299286,36.448632253304424,12.573327566090912,18.65235231282521,27.290698341270545,110.01229516993914,7.303427923409914,1.2158044926543496,81.10668143811944,23.235681850017432,5.537089668812591,12.03283955836651,3.4432433197787256,0.599790771832423,0.19993025727747438,2.9670827623125686,4.550020368662752,3.8830042895788783,1.6695474884686834,1.6992234556293275,3.3302206291981253,1.3966312555189317,380.65261292850846,0.4747981633282084,1.6672367463531759,0.3337927299829019
2020-03-09 03:00:00,0.13151831418843699,35.84923569829043,104.1592984186996,35.84923569829044,104.15929841869959,35.84923569829044,104.15929841869962,35.84923569829043,104.15929841869962,35.84923569829043,104.1592984186996,35.84923569829043,104.1592984186996,35.849235698290435,104.15929841869963,35.84923569829044,104.15929841869959,35.849235698290435,104.15929841869962,0.0,35.849235698290435,104.15929841869959,35.84923569829044,104.1592984186996,35.84923569829043,104.15929841869959,35.84923569829044,104.1592984186996,35.849235698290435,104.1592984186996,35.84923569829044,104.15929841869959,35.84923569829044,104.15929841869959,35.84923569829043,104.15929841869959,35.849235698290435,104.1592984186996,35.84923569829044,104.15929841869962,0.0,35.849235698290435,104.15929841869959,35.84923569829043,104.15929841869962,0.0,35.84923569829044,104.1592984186996,0.0,35.84923569829044,104.1592984186996,0.009043006485115981,35.849235698290435,104.1592984186996,0.0,35.849235698290435,104.15929841869962,0.0,37.07739005573529,-95.67973118990534,0.5219430058007344,-0.037977845032842406,-0.0013121048428907413,37.07739005573529,-95.67973118990534,0.9996535491745345,0.0,0.0,37.07739005573527,-95.67973118990534,0.0,-0.0024553438093386434,37.07739005573529,-95.67973118990534,1.7487457126752401,-0.004314627062561124,-0.0028468077002450284,37.07739005573527,-95.67973118990533,1.0132692096318636,0.0,0.0031831509315970972,56.110919588365604,-106.30992707340144,0.0,0.06059069549634484,-25.26564166394975,133.72878949370602,4.831841423472888,0.060009080770657586,-25.265641663949754,133.72878949370602,0.0,51.147964604117526,10.447905060189921,0.0,0.0,56.1109195883656,-106.30992707340144,0.007752032717782778,0.07376032568626872,-25.26564166394975,133.728789493706,0.0,-25.265641663949754,133.72878949370602,0.0,37.077390055735286,-95.67973118990534,2.0003591733201773,0.0,37.07739005573529,-95.67973118990531,0.9996535491745345,0.0,0.0010992710930498137,37.07739005573529,-95.67973118990534,1.0131253859906288,0.0020811398273022285,37.07739005573529,-95.67973118990534,0.9996535491745345,0.0,37.077390055735286,-95.67973118990533,1.0540742139999653,0.0,0.0,37.07739005573529,-95.67973118990534,0.9996535491745345,0.0,0.0,37.077390055735286,-95.67973118990531,0.0,37.07739005573529,-95.67973118990534,1.999307098349069,0.0,0.0,56.11091958836559,-106.30992707340144,0.9996535491745345,0.0,56.1109195883656,-106.30992707340143,0.0,37.07739005573529,-95.67973118990534,0.9996535491745345,0.0,0.0009489783189026721,0.0,0.0,60.978866499646585,0.0,0.0,0.0,0.0,37.07739005573529,-95.67973118990534,0.0,37.07739005573529,-95.67973118990534,0.9996535491745345,0.0,0.0,37.07739005573529,-95.67973118990534,0.9996535491745345,0.0,0.0,0.0,0.0,0.0,0.0,37.07739005573529,-95.67973118990534,1.0007895094203414,0.0,0.0,37.07739005573529,-95.67973118990534,10.996189040919878,0.0,0.0,37.07739005573529,-95.67973118990534,4.998267745872671,0.0,0.0,37.07739005573529,-95.67973118990534,1.999307098349069,0.0,0.0,37.07739005573529,-95.67973118990534,0.0,0.0,37.07739005573529,-95.67973118990534,0.0,0.0,37.07739005573529,-95.67973118990534,0.0,0.0,37.07739005573528,-95.67973118990533,36.012260254144,0.0,0.0,-1.0418337390674881e+39,-3.3740064237676415e+39,1.1552190093198315e+39,-4.0354725432527715e+39,4.967478949722583e+36,3.172464972211914e+37,5.461774368138222e+37,-8.466167433071576e+38,-9.32283765330142e+37,-1.5121994335334637e+39,-4.894340242214389e+30,-1.9228914522519232e+30,-6.5409607625598065,0.16162453869799134,23.01080016359123,-3.537790810222825e+48,8.89543531128913e+50,-2.3353368345729996e+46,4.159622738078426e+50,-5.194533069364395e+41,-9.096321378881253e+41,0.6692041941775042,0.3357952059528149,171.53296891973923,111.13602261366641,4.597141316142562,0.21319002038023172,221.73283789814607,32.48862079226681,1.124098240167899,1.8077266142624056,118.03440584790783,70.20390374379055,324.65519737882033,1.0360935658887422,32.512689169809576,89.97242316553064,14.572965429891207,143.9683544235775,215.99456411050613,51.884404666518016,5.08894272061324,1.9226657542322045,42.8506083212673,0.7635012639888633,40.20533854646223,1.446135435745778,200.76119985418345,216.8913571963148,1.9053166235607442,209.9442191903908,0.3948060285441695,513.0581693414618,1.1766747622404585,77.92702899656936,179.72037319257623,345.23156644654574,15.940597355276003,33.95880970518586,72.42032778798458,4.91635540282449,14.444399470045182,37.31072857299525,0.3308733673918819,55.1559272759134,50.97929704604558,2.171644708785587,79.2990260273255,1.1767385767312015,206.38915926406298,52.30325561414967,284.4271244278367,107.56596624069468,77.76557767181431,0.49599279464611185,145.24626663874133,0.6750808071853028,1.8428660745180192,12.395739563849205,0.24781148159328212,0.11000030551541728,0.49982677458726726,2.046211448972107,1.0007056241456431,0.5008673445009183,0.49982677458726726,0.9996535491745345,2.4991338729363357,0.9996535491745345,5.498094520459939,0.9029276279499242,3.998893192805353,2.478879104419671,100.8399994817338,31.353016623626992,1.4696909958623372,4.4984409712854045,38.18481392152136,0.24857063440643873,23496.738933012053,792.350431131768,4474.644908242829,534.6355390969444,164.22729629143015,5.938873064961938,68.91501852026943,1.0053284755225556,18.120233012484572,28.243752934874884,109.76241315452802,34.7270570592853,0.880497693447107,0.7534910438755159,20.24167896636216,51.40608204089591,28.203746039872684,114.69024857032632,15.30258163457951,0.2869578064867318,1.4904481651460535,36.44870114183866,12.573333974266262,18.66217026938002,27.290024839435073,110.01006428801152,7.303478160115489,1.2159167093385612,81.22348778770137,23.469070759369917,5.47961545637349,12.03286679561939,3.443251113823396,0.5997921295047204,0.19993070983490682,2.989217560492815,4.5622680729483776,3.8741365978523987,1.669471283464396,1.699241747728529,3.2867827441289803,1.393810598703513,380.6537399033026,0.4748039093005097,1.6672411573460435,0.33379380408575443
2020-03-09 04:00:00,0.1297741916904188,35.84931258852035,104.15952182185582,35.84931258852036,104.1595218218558,35.849312588520355,104.15952182185583,35.84931258852034,104.15952182185583,35.84931258852035,104.15952182185582,35.84931258852035,104.15952182185582,35.84931258852035,104.15952182185583,35.84931258852035,104.1595218218558,35.849312588520355,104.15952182185583,0.0,35.84931258852035,104.1595218218558,35.849312588520355,104.15952182185582,35.84931258852035,104.1595218218558,35.849312588520355,104.15952182185582,35.849312588520355,104.15952182185582,35.84931258852035,104.15952182185582,35.849312588520355,104.15952182185582,35.84931258852035,104.1595218218558,35.84931258852035,104.15952182185582,35.849312588520355,104.15952182185583,0.0,35.84931258852035,104.1595218218558,35.84931258852035,104.15952182185583,0.0,35.84931258852035,104.15952182185582,0.0,35.84931258852036,104.15952182185582,0.008278271251303196,35.84931258852035,104.15952182185582,0.0,35.84931258852035,104.15952182185583,0.0,37.0774695801377,-95.67993640589908,0.5181375303745472,-0.038252888359940784,-0.0013185418066968997,37.0774695801377,-95.67993640589908,0.999655693253473,0.0,0.0,37.07746958013769,-95.67993640589908,0.0,-0.002424933313580603,37.0774695801377,-95.67993640589908,1.7486430448289205,-0.0043290829722251595,-0.0028370685156472245,37.07746958013768,-95.67993640589908,1.0170834887123374,0.0,0.0039524795377422,56.11103993630116,-106.31015508927334,0.0,0.0687482560535701,-25.265695854254187,133.7290763181576,4.892127426531701,0.06349095847678288,-25.265695854254194,133.7290763181576,0.0,51.148074307397984,10.447927469086695,0.0,0.0,56.111039936301154,-106.31015508927334,0.00906719882804687,0.07591577522622539,-25.26569585425419,133.7290763181576,0.0,-25.265695854254194,133.7290763181576,0.0,37.077469580137695,-95.6799364058991,2.0003636063543424,0.0,37.0774695801377,-95.67993640589907,0.999655693253473,0.0,0.0010993517368469811,37.0774695801377,-95.6799364058991,1.0131297618339403,0.0020814682795355617,37.0774695801377,-95.67993640589908,0.999655693253473,0.0,37.077469580137695,-95.67993640589907,1.05039518470145,0.0,0.0,37.0774695801377,-95.67993640589908,0.999655693253473,0.0,0.0,37.077469580137695,-95.67993640589907,0.0,37.0774695801377,-95.67993640589908,1.999311386506946,0.0,0.0,56.11103993630115,-106.31015508927332,0.999655693253473,0.0,56.111039936301154,-106.31015508927332,0.0,37.0774695801377,-95.6799364058991,0.999655693253473,0.0,0.0009493174625824679,0.0,0.0,60.97899728846185,0.0,0.0,0.0,0.0,37.0774695801377,-95.6799364058991,0.0,37.0774695801377,-95.67993640589908,0.999655693253473,0.0,0.0,37.0774695801377,-95.67993640589908,0.999655693253473,0.0,0.0,0.0,0.0,0.0,0.0,37.0774695801377,-95.67993640589908,1.0007917032082387,0.0,0.0,37.0774695801377,-95.67993640589908,10.996212625788203,0.0,0.0,37.0774695801377,-95.67993640589908,4.998278466267365,0.0,0.0,37.0774695801377,-95.67993640589908,1.999311386506946,0.0,0.0,37.0774695801377,-95.67993640589908,0.0,0.0,37.0774695801377,-95.67993640589908,0.0,0.0,37.0774695801377,-95.67993640589908,0.0,0.0,37.077469580137695,-95.67993640589908,36.0123403210295,0.0,0.0,-1.0584726447033158e+39,-3.42789196461217e+39,1.1736090311191647e+39,-4.099713546423877e+39,5.041963634371359e+36,3.2200343842630095e+37,5.5466309599967505e+37,-8.597701631676533e+38,-9.473610659503654e+37,-1.53665538386211e+39,-4.975940239241641e+30,-1.9549505100661197e+30,-6.540976843931942,0.16219482213198527,23.010836843309594,-3.5942921167588125e+48,9.037042442031795e+50,-2.370353958839138e+46,4.22424851446161e+50,-5.281137976673875e+41,-9.241516173322882e+41,0.6691916747038211,0.3357967249788929,171.52932645636798,111.40376200394991,4.596847137355957,0.2130008632895652,221.65680394331685,32.38562833991552,1.1240427782210802,1.8044892206718481,117.36505234841678,70.19173532428988,325.027273367031,1.040350741866052,32.50425859394543,89.92070207900358,14.828997789661921,143.7658238453489,216.34406156859535,52.42220244449784,5.0355927796981526,1.9225273296709549,42.84193984014501,0.7638550618071057,40.17860155427868,1.4300551775543064,197.8443658450384,217.56631268540664,1.9030321157916106,209.9414234836374,0.39427250525390894,512.6906032527983,1.1765927755449082,78.5521320087406,178.89589317897133,345.37438764309286,15.845413237144093,33.57113903324202,72.40781556855453,4.927013898144761,14.618271970820095,37.28041439967853,0.32877675740249007,55.17589439008091,50.88764159504909,2.169300436428319,79.04167388902138,1.1698873683963127,204.53663421901317,52.29756617795694,284.41593834324783,107.56623698788805,77.74004601260185,0.4971380701792136,145.18714157021208,0.6743443706203772,1.840102239973107,12.37371525591036,0.24783440431852355,0.10997184784699783,0.4998278466267365,2.048578062545208,1.0007079131008692,0.5008685807665042,0.4998278466267365,0.999655693253473,2.4991392331336826,0.999655693253473,5.498106312894102,0.9150343250550674,3.998901511401057,2.544154205758776,100.84021937010897,31.353083870267252,1.4695787152377684,4.498450619640628,38.18489582115086,0.24331498677704033,23510.40675726596,793.0756023139396,4490.118410751171,534.2832583777897,163.56468558486327,5.926474069849375,69.06379067642678,1.0097505519487826,18.120378057123702,28.24365268842311,109.76123633580092,34.72562386136475,0.8804219579187011,0.7530231125839281,20.210905659268775,51.50061176850286,28.211182905778784,114.67586611402827,15.249655838648003,0.2856854595045517,1.467532059815166,36.448772843564264,12.57334991951871,18.683982789747315,27.28918737077054,110.00717314392612,7.303543311883637,1.2160802621881754,81.33560754107283,23.693110695821222,5.42986344848669,12.032892603976984,3.4432584989841843,0.5997934159520835,0.19993113865069456,3.0132596658356556,4.581233660636205,3.866869988106438,1.6693947623207936,1.699259689679475,3.238442408415258,1.3906711792398396,380.6548148026271,0.4748094922446043,1.6672453712918598,0.3337948390191934
2020-03-09 05:00:00,0.12813416063312,35.84938522014318,104.1597328517071,35.8493852201432,104.1597328517071,35.8493852201432,104.15973285170712,35.84938522014318,104.15973285170712,35.84938522014318,104.1597328517071,35.84938522014319,104.1597328517071,35.84938522014319,104.15973285170713,35.84938522014319,104.15973285170709,35.84938522014319,104.15973285170712,0.0,35.84938522014319,104.15973285170709,35.8493852201432,104.1597328517071,35.84938522014319,104.15973285170709,35.8493852201432,104.1597328517071,35.84938522014319,104.1597328517071,35.84938522014319,104.1597328517071,35.8493852201432,104.1597328517071,35.84938522014318,104.15973285170709,35.84938522014319,104.1597328517071,35.8493852201432,104.15973285170712,0.0,35.84938522014319,104.15973285170709,35.84938522014318,104.15973285170712,0.0,35.84938522014319,104.1597328517071,0.0,35.8493852201432,104.15973285170712,0.007621922737847676,35.84938522014319,104.1597328517071,0.0,35.84938522014319,104.15973285170712,0.0,37.077544700037976,-95.68013025589376,0.5153042048348127,-0.03844369576461326,-0.0013212992631673262,37.077544700037976,-95.68013025589376,0.9996577185814371,0.0,0.0,37.07754470003796,-95.68013025589376,0.0,-0.002376482976359,37.07754470003797,-95.68013025589376,1.7495664069316197,-0.004329127441919517,-0.0028128374907344725,37.07754470003795,-95.68013025589377,1.021492026427384,0.0,0.004840688649792268,56.11115361870106,-106.31037047636256,0.0,0.07735226197606966,-25.265747043199237,133.72934725668148,4.9624049991846935,0.06769697604744007,-25.26574704319924,133.72934725668145,0.0,51.14817793470277,10.447948636854573,0.0,0.0,56.11115361870105,-106.31037047636256,0.010531486813368634,0.07909211798785136,-25.26574704319924,133.72934725668145,0.0,-25.26574704319924,133.72934725668148,0.0,37.07754470003796,-95.68013025589377,2.000367791616998,0.0,37.077544700037976,-95.68013025589376,0.9996577185814371,0.0,0.0010994239293695327,37.077544700037976,-95.68013025589379,1.0131338812604938,0.002081775774575999,37.077544700037976,-95.68013025589376,0.9996577185814371,0.0,37.07754470003797,-95.68013025589376,1.0473520684265354,0.0,0.0,37.077544700037976,-95.68013025589376,0.9996577185814371,0.0,0.0,37.07754470003796,-95.68013025589374,0.0,37.077544700037976,-95.68013025589376,1.9993154371628743,0.0,0.0,56.111153618701046,-106.31037047636252,0.9996577185814371,0.0,56.11115361870106,-106.31037047636255,0.0,37.077544700037976,-95.68013025589379,0.9996577185814371,0.0,0.0009496465829618292,0.0,0.0,60.97912083346766,0.0,0.0,0.0,0.0,37.077544700037976,-95.68013025589379,0.0,37.077544700037976,-95.68013025589376,0.9996577185814371,0.0,0.0,37.077544700037976,-95.68013025589376,0.9996577185814371,0.0,0.0,0.0,0.0,0.0,0.0,37.077544700037976,-95.68013025589376,1.0007937714791895,0.0,0.0,37.077544700037976,-95.68013025589376,10.99623490439581,0.0,0.0,37.077544700037976,-95.68013025589376,4.998288592907186,0.0,0.0,37.077544700037976,-95.68013025589376,1.9993154371628743,0.0,0.0,37.077544700037976,-95.68013025589376,0.0,0.0,37.077544700037976,-95.68013025589376,0.0,0.0,37.077544700037976,-95.68013025589376,0.0,0.0,37.07754470003796,-95.68013025589377,36.01241591620697,0.0,0.0,-1.0751550312672385e+39,-3.4819183196050765e+39,1.192043820585866e+39,-4.164110934393897e+39,5.116322003466519e+36,3.2675231252788893e+37,5.631554746515377e+37,-8.729339987136973e+38,-9.624864894611714e+37,-1.561189391334495e+39,-5.0580344089762785e+30,-1.9872037187623363e+30,-6.540991882375021,0.16272098438356972,23.010871898672427,-3.650941072984057e+48,9.17899429346027e+50,-2.405311698985458e+46,4.288925465502906e+50,-5.368267366619063e+41,-9.38704074241707e+41,0.6691790505697227,0.33579818576825404,171.52655992590715,111.63195925110777,4.592706327490838,0.2129809187256043,221.55451116779093,32.26625768952299,1.1236076319257269,1.8017022315669493,116.7887820073108,70.14238659995434,325.412719151598,1.0447614106439156,32.49771818875793,89.87651239460034,15.06746812039248,143.57538173422176,216.7654328856554,53.060888346207086,4.989740491267585,1.922415193351664,42.83510457305222,0.764402680884058,40.155662035812995,1.4128297518528583,194.7617748787819,218.18924842396368,1.899968018745957,209.91204750926613,0.3936940659641437,512.3742303067162,1.1763387809389032,79.18878473842572,178.1864725981104,345.49561158819495,15.764061062137156,33.2066068180456,72.40660009383804,4.939865146251072,14.792254880781856,37.25436741125236,0.3269748946414124,55.20662938387485,50.762409128080115,2.1667774464167815,78.76560691786688,1.162692247251956,202.5890709030623,52.23892494182874,284.38072629255987,107.5664914533797,77.7057745855223,0.4982840195412864,145.11912824186638,0.6734977234365457,1.8377401940352334,12.372647919184779,0.24785715679031906,0.10994978890766244,0.4998288592907186,2.051439510607831,1.00071007303556,0.5008697471780066,0.4998288592907186,0.9996577185814371,2.499144296453593,0.9996577185814371,5.498117452197905,0.9280175547377973,3.998909367544522,2.6130230021317193,100.84042681242296,31.353147392415885,1.469560114704114,4.498459733616467,38.18497318472498,0.23908517389334555,23530.547224615566,794.1225995560739,4511.603395860727,533.9012381480169,162.84585094538718,5.915806016308009,69.20232722282991,1.0138683563190445,18.120513424395075,28.24388319201398,109.7594123982027,34.718575777772074,0.8801974484020666,0.7523955725445478,20.167364832873734,51.59519585535661,28.219335121044427,114.65935398977568,15.190877260242022,0.2842722310316162,1.441791370751764,36.44884937758169,12.573378520824487,18.716536879407094,27.28814656050112,110.00346271416625,7.303627278608972,1.2163078677442603,81.44042674770435,23.90257489514969,5.387164606600869,12.032916982924702,3.443265475113839,0.599794631148862,0.19993154371628738,3.0390870474359954,4.6067955302502615,3.861148787838065,1.6693179712480144,1.6992772729085601,3.1864578863164432,1.3872947746493451,380.6558374799959,0.4748149096800146,1.6672493876597865,0.3337958345391746
2020-03-09 06:00:00,0.1266112579454061,35.84945359293716,104.15993150760904,35.849453592937174,104.15993150760903,35.849453592937174,104.15993150760906,35.84945359293716,104.15993150760904,35.84945359293716,104.15993150760904,35.84945359293716,104.15993150760904,35.84945359293717,104.15993150760906,35.84945359293717,104.15993150760903,35.84945359293717,104.15993150760906,0.0,35.84945359293717,104.15993150760903,35.849453592937174,104.15993150760904,35.84945359293716,104.15993150760903,35.849453592937174,104.15993150760904,35.84945359293717,104.15993150760904,35.84945359293717,104.15993150760904,35.849453592937174,104.15993150760904,35.84945359293716,104.15993150760903,35.84945359293717,104.15993150760904,35.849453592937174,104.15993150760904,0.0,35.84945359293717,104.15993150760903,35.84945359293716,104.15993150760906,0.0,35.84945359293717,104.15993150760904,0.0,35.849453592937174,104.15993150760904,0.007063485170789077,35.84945359293717,104.15993150760904,0.0,35.84945359293717,104.15993150760906,0.0,37.07761541520671,-95.6803127392974,0.5136999667217808,-0.03852806677730625,-0.0013194135981946277,37.07761541520671,-95.6803127392974,0.9996596251522422,0.0,0.0,37.077615415206694,-95.6803127392974,0.0,-0.0023057226512735243,37.0776154152067,-95.6803127392974,1.7517667176356344,-0.004311222955428934,-0.0027705835563077846,37.07761541520668,-95.68031273929742,1.026544068167923,0.0,0.005857622203435452,56.11126063521815,-106.31057323401134,0.0,0.08630548718919855,-25.26579523062858,133.7296023084502,5.0416241649323466,0.07254199138350892,-25.265795230628584,133.72960230845018,0.0,51.148275485715445,10.447968563428912,0.0,0.0,56.111260635218144,-106.31057323401134,0.012145691796797968,0.0832494336043874,-25.265795230628584,133.72960230845018,0.0,-25.265795230628584,133.7296023084502,0.0,37.077615415206694,-95.68031273929742,2.000371729121419,0.0,37.07761541520671,-95.6803127392974,0.9996596251522422,0.0,0.001099487716637032,37.07761541520671,-95.68031273929743,1.0131377444208456,0.0020820623435778675,37.07761541520671,-95.6803127392974,0.9996596251522422,0.0,37.0776154152067,-95.6803127392974,1.0448495627280487,0.0,0.0,37.07761541520671,-95.6803127392974,0.9996596251522422,0.0,0.0,37.077615415206694,-95.6803127392974,0.0,37.07761541520671,-95.6803127392974,1.9993192503044843,0.0,0.0,56.11126063521814,-106.31057323401131,0.9996596251522422,0.0,56.11126063521815,-106.31057323401134,0.0,37.07761541520671,-95.68031273929742,0.9996596251522422,0.0,0.0009499655773890004,0.0,0.0,60.97923713428677,0.0,0.0,0.0,0.0,37.07761541520671,-95.68031273929742,0.0,37.07761541520671,-95.6803127392974,0.9996596251522422,0.0,0.0,37.07761541520671,-95.6803127392974,0.9996596251522422,0.0,0.0,0.0,0.0,0.0,0.0,37.07761541520671,-95.6803127392974,1.0007957142734454,0.0,0.0,37.07761541520671,-95.6803127392974,10.996255876674665,0.0,0.0,37.07761541520671,-95.6803127392974,4.9982981257612105,0.0,0.0,37.07761541520671,-95.6803127392974,1.9993192503044843,0.0,0.0,37.07761541520671,-95.6803127392974,0.0,0.0,37.07761541520671,-95.6803127392974,0.0,0.0,37.07761541520671,-95.6803127392974,0.0,0.0,37.0776154152067,-95.68031273929742,36.01248703987492,0.0,0.0,-1.09187445399387e+39,-3.536064617201316e+39,1.210515457383853e+39,-4.228637039423171e+39,5.1904400540751543e+36,3.314858387641243e+37,5.716472514490412e+37,-8.860969013395056e+38,-9.776562310963975e+37,-1.5857952844763863e+39,-5.14059655094831e+30,-2.0196407846835631e+30,-6.541005879608222,0.1631657427060339,23.010905328521453,-3.7077157941861874e+48,9.321229877279839e+50,-2.4401564593649166e+46,4.353597832892575e+50,-5.455893431732409e+41,-9.532774918810707e+41,0.6691663321500162,0.3357995879912351,171.52449053252283,111.80184977376142,4.582834792926605,0.21312893782567957,221.43368638754907,32.13874835270222,1.122803405682505,1.7993206520535694,116.29629957187154,70.04500052659137,325.7921604428804,1.04910359949543,32.49269074232448,89.83902390886091,15.283590280205607,143.39854402348843,217.25222379679778,53.79103692637925,4.950615388833834,1.9223227351766887,42.82970657573573,0.7651092566244094,40.1361523422489,1.394847287207866,191.57865034433175,218.71773869276234,1.8963523528692379,209.85685890827568,0.3930925019987997,512.103932716932,1.1758623176554666,79.80969414791339,177.5807544288375,345.5846464607792,15.695018140075199,32.86811116445684,72.41659793786286,4.954712254155866,14.962910464942766,37.232148460064785,0.32543747417201113,55.24620385175609,50.61358912485798,2.164253791023303,78.49173431824723,1.155298568468449,200.58631493549083,52.12887113910017,284.31444409627653,107.56672963971329,77.66531794919847,0.49940801678815483,145.0466214696079,0.6725954257389086,1.8357356925168669,12.392409412765321,0.24787972240412026,0.10993284967351882,0.4998298125761211,2.0547419286302504,1.0007121039691764,0.50087084374791,0.4998298125761211,0.9996596251522422,2.4991490628806052,0.9996596251522422,5.4981279383373325,0.941775981411466,3.99891676123139,2.684712863622279,100.84062181114261,31.35320718987891,1.469657693435046,4.498468313185088,38.185046012007476,0.2358366503798944,23555.9384189117,795.4300436415099,4537.929498827081,533.5038909849989,162.09819810462233,5.906698006156429,69.32784310679263,1.0175990641875325,18.120639106392012,28.244630148705312,109.7567036364783,34.70313282345544,0.8797516814500125,0.7516550991925256,20.115014667553442,51.68796722588355,28.228000140571993,114.64072112281485,15.127306869032518,0.282743511701135,1.4137309962371973,36.44893342673383,12.573423918082263,18.757865161767317,27.28685445722362,109.99873935541262,7.303734812955032,1.2166150221583547,81.53533628639872,24.092246856566742,5.350837677988469,12.032939932388096,3.4432720421910563,0.5997957750913451,0.1999319250304484,3.0665134277567625,4.638732798118735,3.8569239951759657,1.669240969195536,1.6992944893123205,3.132089328949428,1.38376328218529,380.6568078173904,0.474820159396745,1.6672532059956127,0.33379679042168525
2020-03-09 07:00:00,0.1252135858473557,35.84951770803324,104.16011779284764,35.84951770803325,104.16011779284764,35.84951770803325,104.16011779284764,35.84951770803323,104.16011779284764,35.84951770803324,104.16011779284763,35.84951770803324,104.16011779284764,35.84951770803324,104.16011779284766,35.84951770803324,104.16011779284763,35.84951770803325,104.16011779284764,0.0,35.84951770803324,104.16011779284763,35.84951770803325,104.16011779284763,35.84951770803324,104.16011779284761,35.849517708033254,104.16011779284763,35.84951770803324,104.16011779284763,35.84951770803324,104.16011779284766,35.84951770803325,104.16011779284766,35.84951770803325,104.16011779284763,35.84951770803324,104.16011779284763,35.84951770803325,104.16011779284766,0.0,35.84951770803324,104.16011779284764,35.84951770803323,104.16011779284767,0.0,35.84951770803324,104.16011779284763,0.0,35.84951770803325,104.16011779284766,0.006592679033539409,35.84951770803325,104.16011779284764,0.0,35.84951770803325,104.16011779284764,0.0,37.077681726813616,-95.68048385912853,0.513641158638622,-0.038478667111657816,-0.0013116982641722778,37.077681726813616,-95.68048385912853,0.9996614129974252,0.0,0.0,37.07768172681361,-95.68048385912853,0.0,-0.0022075191191747515,37.077681726813616,-95.68048385912853,1.755547576226319,-0.004271089477507886,-0.002706034131862399,37.077681726813594,-95.68048385912853,1.0322823079453116,0.0,0.007011812545812492,56.11136098762262,-106.31076336557359,0.0,0.09548766329982528,-25.26584041733929,133.7298414776827,5.1284963063203675,0.07792358104276512,-25.265840417339295,133.72984147768267,0.0,51.14836696204963,10.447987249139324,0.0,0.0,56.111360987622604,-106.31076336557359,0.01390646736176503,0.08833180023290092,-25.265840417339295,133.72984147768267,0.0,-25.265840417339298,133.7298414776827,0.0,37.07768172681361,-95.68048385912851,2.000375418959233,0.0,37.077681726813616,-95.6804838591285,0.9996614129974252,0.0,0.0010995431467253022,37.077681726813616,-95.68048385912853,1.0131413515447656,0.002082328023913336,37.077681726813616,-95.68048385912853,0.9996614129974252,0.0,37.077681726813616,-95.68048385912851,1.042803297413119,0.0,0.0,37.077681726813616,-95.68048385912853,0.9996614129974252,0.0,0.0,37.07768172681361,-95.6804838591285,0.0,37.077681726813616,-95.68048385912853,1.9993228259948503,0.0,0.0,56.111360987622604,-106.31076336557355,0.9996614129974252,0.0,56.11136098762262,-106.31076336557358,0.0,37.077681726813616,-95.68048385912853,0.9996614129974252,0.0,0.0009502743477716909,0.0,0.0,60.979346192842925,0.0,0.0,0.0,0.0,37.077681726813616,-95.68048385912853,0.0,37.077681726813616,-95.68048385912853,0.9996614129974252,0.0,0.0,37.077681726813616,-95.68048385912853,0.9996614129974252,0.0,0.0,0.0,0.0,0.0,0.0,37.077681726813616,-95.68048385912853,1.0007975316704973,0.0,0.0,37.077681726813616,-95.68048385912853,10.996275542971675,0.0,0.0,37.077681726813616,-95.68048385912853,4.998307064987125,0.0,0.0,37.077681726813616,-95.68048385912853,1.9993228259948503,0.0,0.0,37.077681726813616,-95.68048385912853,0.0,0.0,37.077681726813616,-95.68048385912853,0.0,0.0,37.077681726813616,-95.68048385912853,0.0,0.0,37.077681726813616,-95.68048385912851,36.012553693646545,0.0,0.0,-1.1086231000675832e+39,-3.5903055553885415e+39,1.2290142857328782e+39,-4.293258131426124e+39,5.264172802491952e+36,3.3619475779578444e+37,5.801292370838685e+37,-8.99244626915333e+38,-9.928658300390178e+37,-1.6104658276743167e+39,-5.223591555080484e+30,-2.0522479137607074e+30,-6.541018837658089,0.16349682647483074,23.010937131264306,-3.7645897501172846e+48,9.463674841901979e+50,-2.4748200794899044e+46,4.418195631945738e+50,-5.543978908470984e+41,-9.678566503135155e+41,0.6691535328368006,0.3358009313476812,171.52297230400666,111.89883242545551,4.565309398059722,0.21344376509852941,221.30329550972598,32.011945496156955,1.1216645855671405,1.7972998324327865,115.87838108976652,69.89105590108824,326.1474208080314,1.053169059178259,32.48886827515718,89.80743545324286,15.47321354735317,143.23625284335904,217.79468753329257,54.59861415293196,4.917460908900773,1.9222442230785155,42.82541506834159,0.7659293143142958,40.11971171454947,1.376516357786021,188.36267549732972,219.1151310031685,1.8924497973761383,209.7783069219027,0.39249256102200925,511.8746319717663,1.1751236123426902,80.38943477919791,177.06749855695298,345.6332236320122,15.636815028180594,32.557453431183205,72.43773191412795,4.971257888520111,15.126510382132913,37.21332638841152,0.3241347423435884,55.292097879887706,50.45274469571285,2.161906750187978,78.24082586349556,1.1478621343672217,198.571124584187,51.9722904404247,284.21153951155196,107.56695155760566,77.62164071616536,0.5004855233269476,144.9743542101627,0.6716962354897179,1.8340460384613602,12.43288188372688,0.24790208582894074,0.10991998588570259,0.4998307064987126,2.0584204794396173,1.0007140059618074,0.5008718705106692,0.4998307064987126,0.9996614129974252,2.4991535324935623,0.9996614129974252,5.498137771485838,0.9561736684618967,3.9989236926039506,2.7582678288738096,100.84080437264626,31.353263263645445,1.4698984955431298,4.4984763584884115,38.18511430420298,0.2335314654909732,23584.967860751065,796.9171144639785,4567.562739287026,533.1075847723655,161.35283402537817,5.898980899740651,69.43792196798626,1.0208708155814195,18.120755105351957,28.24607995526336,109.75284778180894,34.676454910307626,0.8790102799593894,0.7508558602078905,20.05841544143194,51.776900974606335,28.236940727018315,114.61996745783904,15.060176841105577,0.2811287852412032,1.3839329364495114,36.44902850267894,12.573491526804665,18.80541060223681,27.285253030725343,109.99276872681071,7.303871669976154,1.2170204890066536,81.6178520689673,24.257160941307617,5.320214170277993,12.032961452746777,3.443278200324464,0.5997968477984548,0.19993228259948495,3.095286400845643,4.6767127743350825,3.854158370608088,1.6691638314907105,1.6993113311923538,3.076547542211337,1.380155390351557,380.65772572283254,0.47482523940545185,1.6672568259209837,0.3337977064617794
2020-03-09 08:00:00,0.1239448743591941,35.84957756797183,104.16029171480402,35.849577567971835,104.160291714804,35.849577567971835,104.160291714804,35.84957756797182,104.160291714804,35.84957756797183,104.160291714804,35.84957756797183,104.16029171480402,35.849577567971835,104.16029171480402,35.849577567971835,104.160291714804,35.849577567971835,104.160291714804,0.0,35.84957756797183,104.16029171480399,35.84957756797185,104.160291714804,35.84957756797183,104.16029171480399,35.84957756797184,104.16029171480399,35.84957756797183,104.160291714804,35.84957756797183,104.16029171480402,35.849577567971835,104.16029171480402,35.849577567971835,104.16029171480399,35.849577567971835,104.16029171480399,35.849577567971835,104.16029171480402,0.0,35.84957756797183,104.160291714804,35.84957756797182,104.16029171480403,0.0,35.84957756797183,104.160291714804,0.0,35.849577567971835,104.16029171480402,0.006199720875897762,35.849577567971835,104.16029171480402,0.0,35.849577567971835,104.16029171480402,0.0,37.07774363748615,-95.68064362216731,0.515515183403231,-0.038262021718525,-0.0012967000843265887,37.07774363748615,-95.68064362216731,0.9996630821878248,0.0,0.0,37.07774363748615,-95.68064362216731,0.0,-0.0020757445955076406,37.07774363748615,-95.68064362216731,1.761273939599083,-0.004203582079013862,-0.0026140530570818374,37.07774363748613,-95.68064362216731,1.0387396274018772,0.0,0.00830982783693995,56.111454679890684,-106.3109408785828,0.0,0.10475750787169985,-25.26588260512179,133.73006477385542,5.221510140301149,0.08372323872030586,-25.265882605121796,133.7300647738554,0.0,51.148452367329845,10.448004694726187,0.0,0.0,56.11145467989068,-106.31094087858278,0.01580560916686655,0.09426556799250983,-25.265882605121792,133.7300647738554,0.0,-25.265882605121796,133.73006477385542,0.0,37.077743637486144,-95.68064362216731,2.0003788613037106,0.0,37.07774363748615,-95.6806436221673,0.9996630821878248,0.0,0.0010995902698745408,37.07774363748615,-95.68064362216732,1.0131447029446252,0.0020825728594472664,37.07774363748615,-95.68064362216731,0.9996630821878248,0.0,37.07774363748615,-95.68064362216731,1.041139421013158,0.0,0.0,37.07774363748615,-95.68064362216731,0.9996630821878248,0.0,0.0,37.077743637486144,-95.6806436221673,0.0,37.07774363748615,-95.68064362216731,1.9993261643756497,0.0,0.0,56.11145467989067,-106.31094087858276,0.9996630821878248,0.0,56.11145467989068,-106.31094087858278,0.0,37.07774363748615,-95.68064362216731,0.9996630821878248,0.0,0.0009505728007182346,0.0,0.0,60.97944801345731,0.0,0.0,0.0,0.0,37.07774363748615,-95.68064362216731,0.0,37.07774363748615,-95.68064362216731,0.9996630821878248,0.0,0.0,37.07774363748615,-95.68064362216731,0.9996630821878248,0.0,0.0,0.0,0.0,0.0,0.0,37.07774363748615,-95.68064362216731,1.0007992237907404,0.0,0.0,37.07774363748615,-95.68064362216731,10.996293904066073,0.0,0.0,37.07774363748615,-95.68064362216731,4.9983154109391235,0.0,0.0,37.07774363748615,-95.68064362216731,1.9993261643756497,0.0,0.0,37.07774363748615,-95.68064362216731,0.0,0.0,37.07774363748615,-95.68064362216731,0.0,0.0,37.07774363748615,-95.68064362216731,0.0,0.0,37.07774363748615,-95.68064362216731,36.012615880609154,0.0,0.0,-1.1253913529269028e+39,-3.644609990675243e+39,1.247528372650884e+39,-4.357932525474568e+39,5.337335503178733e+36,3.4086727090657254e+37,5.885898295066042e+37,-9.123591913784364e+38,-1.0081099361087326e+38,-1.6351923427340115e+39,-5.306972704139102e+30,-2.0850067516978142e+30,-6.541030758872265,0.16368924219898393,23.010967305160953,-3.8215302854874385e+48,9.60623730079331e+50,-2.5092157058347944e+46,4.482630502826764e+50,-5.632474214214253e+41,-9.824222029552462e+41,0.6691406699053288,0.33580221556589546,171.52188672610848,111.91354683597162,4.538332172305758,0.2139241549631783,221.1729165617166,31.89465112357579,1.1202474723478761,1.7955966845761016,115.52612519119765,69.6753083285945,326.4627494038039,1.056777330016196,32.486000720685134,89.7809912461016,15.633085644787718,143.08894192970388,218.380200936276,55.46555702334263,4.889552552481016,1.9221745833154682,42.82195209039723,0.766809726897795,40.105996805643464,1.358253595838584,185.1820810606684,219.35312729929217,1.888543176937609,209.6803763916479,0.3919203207130017,511.68142718689666,1.1740979196704262,80.906167468236,176.63589879900982,345.6360046982687,15.588065522133636,32.27546328928202,72.46991882031294,4.989116969352195,15.279165529728873,37.19748835892093,0.32303820966806074,55.34136501718392,50.29220695317544,2.1599008680547604,78.03210152397017,1.140544442519992,196.58786129356363,51.7771241966607,284.06855816847474,107.56715722532705,77.5779103609247,0.5014909425084719,144.90704837318964,0.6708587734614074,1.8326309535861713,12.49393439390278,0.24792423273568087,0.10991034966475385,0.4998315410939124,2.062400182697326,1.000715779115885,0.5008728275236359,0.4998315410939124,0.9996630821878248,2.4991577054695617,0.9996630821878248,5.498146952033037,0.9710408705566489,3.9989301619572966,2.8325649733068574,100.84097450738915,31.35331561593729,1.4703148046341263,4.498483869845211,38.18517806401744,0.23214090196991377,23615.739784271005,798.4889124132505,4598.706773601343,532.7295670641226,160.6425233606783,5.892492086149333,69.53066897602415,1.023627260223868,18.120861431873596,28.2484011385317,109.74756675122055,34.63588410346244,0.8779034086132208,0.7500557298220196,20.002413062301667,51.85988488646572,28.245893442050658,114.59706292673737,14.990825400125418,0.27946006102378557,1.353026448931836,36.44913915680661,12.573588363424115,18.8561917706357,27.283272519966683,109.98526910289289,7.304044772125294,1.2175468372602247,81.685740371353,24.392853250030996,5.294657911090037,12.032981544853442,3.4432839497580634,0.5997978493126946,0.1999326164375649,3.125089202832422,4.720277700013847,3.8528303747653467,1.6690866546386856,1.6993277912097218,3.0209512609168363,1.3765438030069164,380.65859112890615,0.4748301479015658,1.6672602471340592,0.33379858247311733
2020-03-09 09:00:00,0.12280513415815811,35.849633176779655,104.16045328517774,35.84963317677967,104.16045328517774,35.84963317677967,104.16045328517774,35.84963317677965,104.16045328517774,35.849633176779655,104.16045328517772,35.849633176779655,104.16045328517774,35.84963317677966,104.16045328517775,35.84963317677966,104.16045328517772,35.84963317677966,104.16045328517774,0.0,35.849633176779655,104.16045328517771,35.849633176779676,104.16045328517772,35.849633176779655,104.16045328517771,35.84963317677967,104.16045328517771,35.84963317677966,104.16045328517772,35.84963317677966,104.16045328517775,35.84963317677966,104.16045328517775,35.84963317677966,104.16045328517771,35.84963317677966,104.16045328517772,35.84963317677966,104.16045328517775,0.0,35.849633176779655,104.16045328517774,35.849633176779655,104.16045328517775,0.0,35.84963317677966,104.16045328517772,0.0,35.84963317677967,104.16045328517775,0.005875548628214116,35.84963317677966,104.16045328517774,0.0,35.84963317677966,104.16045328517774,0.0,37.07780115138898,-95.6807920391609,0.5197937724034745,-0.037837368613611866,-0.0012726495303290244,37.07780115138898,-95.6807920391609,0.9996646328357266,0.0,0.0,37.077801151388975,-95.6807920391609,0.0,-0.0019031385382575067,37.07780115138898,-95.6807920391609,1.769381482670262,-0.004102558884349405,-0.002488508942570057,37.07780115138896,-95.6807920391609,1.0459354773055247,0.0,0.009755547829086319,56.11154171832494,-106.3111057849801,0.0,0.11395638187562615,-25.265921796814016,133.73027221198936,5.318960475285804,0.08980840735498717,-25.26592179681402,133.73027221198933,0.0,51.14853170730124,10.448020901363048,0.0,0.0,56.111541718324936,-106.3111057849801,0.017829442440015227,0.1009577325698111,-25.26592179681402,133.73027221198933,0.0,-25.265921796814023,133.73027221198936,0.0,37.077801151388975,-95.6807920391609,2.000382056414238,0.0,37.07780115138898,-95.68079203916089,0.9996646328357266,0.0,0.0010996291386374199,37.07780115138898,-95.68079203916092,1.0131477990200015,0.0020827969009111482,37.07780115138898,-95.6807920391609,0.9996646328357266,0.0,37.07780115138898,-95.68079203916092,1.0397939513061223,0.0,0.0,37.07780115138898,-95.6807920391609,0.9996646328357266,0.0,0.0,37.077801151388975,-95.68079203916089,0.0,37.07780115138898,-95.6807920391609,1.9993292656714532,0.0,0.0,56.11154171832493,-106.31110578498006,0.9996646328357266,0.0,56.111541718324936,-106.31110578498009,0.0,37.07780115138898,-95.6807920391609,0.9996646328357266,0.0,0.0009508608477260803,0.0,0.0,60.979542602979315,0.0,0.0,0.0,0.0,37.07780115138898,-95.6807920391609,0.0,37.07780115138898,-95.6807920391609,0.9996646328357266,0.0,0.0,37.07780115138898,-95.6807920391609,0.9996646328357266,0.0,0.0,0.0,0.0,0.0,0.0,37.07780115138898,-95.6807920391609,1.0008007907977359,0.0,0.0,37.07780115138898,-95.6807920391609,10.996310961192991,0.0,0.0,37.07780115138898,-95.6807920391609,4.998323164178632,0.0,0.0,37.07780115138898,-95.6807920391609,1.9993292656714532,0.0,0.0,37.07780115138898,-95.6807920391609,0.0,0.0,37.07780115138898,-95.6807920391609,0.0,0.0,37.07780115138898,-95.6807920391609,0.0,0.0,37.077801151388975,-95.6807920391609,36.01267360540492,0.0,0.0,-1.1421672202202219e+39,-3.6989390855101235e+39,1.2660428002994578e+39,-4.42260810978116e+39,5.409692551649235e+36,3.4548833128928606e+37,5.970143179390936e+37,-9.254177918990809e+38,-1.0233819945952643e+38,-1.65996419766817e+39,-5.390678184710122e+30,-2.1178930132021522e+30,-6.541041645938162,0.1637270579193312,23.01099584854974,-3.8784966774541136e+48,9.7488023833835e+50,-2.5432325748028093e+46,4.546790409989712e+50,-5.721313744241767e+41,-9.969494996131953e+41,0.6691277656491503,0.33580344040235327,171.52113808362506,111.8425717845317,4.500386370570404,0.214568454738675,221.05207893706685,31.794987357521386,1.11862670959952,1.7941705612823609,115.23113474857053,69.3964774556433,326.72586918940135,1.0597877511930534,32.483886096248895,89.7589917983516,15.76108002698515,142.95661253852532,218.99380016467273,56.370521782495,4.866210842023447,1.922109195409005,42.81908145978568,0.7676932256427771,40.09468958817038,1.3404709811881865,182.10369623459758,219.4138159420998,1.8849139504462795,209.56834272000228,0.3914014299119004,511.51969512534083,1.1727786969975866,81.34310269986707,176.27581597829953,345.5909760045624,15.547486657901292,32.02214386943256,72.51304826180777,5.007833011974427,15.416982046957129,37.18424722298874,0.3221211592967247,55.39082799643007,50.144226210922795,2.158377006151461,77.88194075809207,1.1335074918507646,194.68105857827314,51.55388163785205,283.8845867446638,107.56734666837345,77.53727884016465,0.5023986463865242,144.84907212104102,0.6701372687308937,1.8314531594725303,12.575382947449278,0.24794614959795455,0.10990325618021686,0.4998323164178633,2.0665972917021964,1.0007174235785108,0.5008737148683187,0.4998323164178633,0.9996646328357266,2.499161582089316,0.9996646328357266,5.498155480596496,0.9861770211878258,3.9989361697476755,2.9063438141925673,100.84113223012785,31.35336425027613,1.4709448748596416,4.4984908477607695,38.1852372957399,0.23164734798286454,23646.202429982994,800.0428196737981,4629.423005058619,532.3868017954163,159.99947892643542,5.887078990174,69.60484293161639,1.0258314860774342,18.120958103671445,28.25172653381642,109.74057410529672,34.57917491240135,0.8763718911170306,0.749312298706023,19.951805723569855,51.934804164231664,28.25457686928654,114.57192606521059,14.920632700676384,0.27777033141215224,1.3216587995292373,36.449271246206585,12.57372345541963,18.906998996629387,27.28082965449413,109.97590416898501,7.304262387494236,1.2182210223864511,81.73713945316094,24.495605097867564,5.273579757312378,12.033000210059667,3.4432892908786137,0.5997987797014357,0.19993292656714529,3.1555467668063546,4.768832599566574,3.8529369508124804,1.6690095625957881,1.6993438623545476,2.9662945302199866,1.372993120136668,380.6594039920958,0.4748348832401643,1.6672634694116453,0.33379941828795956
2020-03-09 10:00:00,0.12179134764708492,35.84968454007348,104.1606025202882,35.84968454007349,104.1606025202882,35.8496845400735,104.1606025202882,35.849684540073476,104.1606025202882,35.84968454007348,104.1606025202882,35.84968454007348,104.1606025202882,35.84968454007349,104.16060252028821,35.84968454007349,104.1606025202882,35.84968454007349,104.1606025202882,0.0,35.84968454007348,104.16060252028818,35.849684540073504,104.1606025202882,35.84968454007348,104.16060252028817,35.8496845400735,104.16060252028818,35.84968454007348,104.16060252028818,35.84968454007349,104.16060252028821,35.84968454007349,104.16060252028821,35.84968454007349,104.16060252028818,35.84968454007349,104.16060252028818,35.84968454007349,104.16060252028821,0.0,35.84968454007348,104.1606025202882,35.84968454007348,104.16060252028822,0.0,35.84968454007348,104.16060252028818,0.0,35.84968454007349,104.16060252028821,0.005611983125540634,35.84968454007349,104.1606025202882,0.0,35.84968454007349,104.1606025202882,0.0,37.077854274331294,-95.68092912510014,0.5270478715858467,-0.037155373173845874,-0.001237404967899064,37.077854274331294,-95.68092912510014,0.999666065097753,0.0,0.0,37.07785427433128,-95.68092912510014,0.0,-0.0016811671202525413,37.07785427433129,-95.68092912510014,1.780386442022321,-0.003960742145276863,-0.0023221367731329212,37.07785427433127,-95.68092912510014,1.0538720315169912,0.0,0.011349393988813286,56.11162211171669,-106.31125810142184,0.0,0.12291361521546426,-25.265957996374514,133.73046381303675,5.418991522646774,0.0960354830513554,-25.26595799637452,133.73046381303672,0.0,51.148604989977514,10.448035870686857,0.0,0.0,56.111622111716684,-106.31125810142184,0.019958381262932652,0.10829471955200198,-25.265957996374517,133.73046381303672,0.0,-25.26595799637452,133.73046381303675,0.0,37.07785427433128,-95.68092912510014,2.0003850046423475,0.0,37.077854274331294,-95.68092912510012,0.999666065097753,0.0,0.0010996598080801902,37.077854274331294,-95.68092912510014,1.013150640263893,0.0020830002064084387,37.077854274331294,-95.68092912510014,0.999666065097753,0.0,37.07785427433129,-95.68092912510015,1.038711976748142,0.0,0.0,37.077854274331294,-95.68092912510014,0.999666065097753,0.0,0.0,37.07785427433129,-95.68092912510012,0.0,37.077854274331294,-95.68092912510014,1.999332130195506,0.0,0.0,56.11162211171668,-106.3112581014218,0.999666065097753,0.0,56.111622111716684,-106.31125810142183,0.0,37.077854274331294,-95.68092912510012,0.999666065097753,0.0,0.0009511384054331547,0.0,0.0,60.97962997096294,0.0,0.0,0.0,0.0,37.077854274331294,-95.68092912510014,0.0,37.077854274331294,-95.68092912510014,0.999666065097753,0.0,0.0,37.077854274331294,-95.68092912510014,0.999666065097753,0.0,0.0,0.0,0.0,0.0,0.0,37.077854274331294,-95.68092912510014,1.0008022329012634,0.0,0.0,37.077854274331294,-95.68092912510014,10.996326716075282,0.0,0.0,37.077854274331294,-95.68092912510014,4.998330325488764,0.0,0.0,37.077854274331294,-95.68092912510014,1.999332130195506,0.0,0.0,37.077854274331294,-95.68092912510014,0.0,0.0,37.077854274331294,-95.68092912510014,0.0,0.0,37.077854274331294,-95.68092912510014,0.0,0.0,37.07785427433128,-95.68092912510014,36.012726874339705,0.0,0.0,-1.1589355856152544e+39,-3.753243885246721e+39,1.2845387449448374e+39,-4.4872191282770487e+39,5.480943523711167e+36,3.50038752446387e+37,6.0538399710345955e+37,-9.383914338678764e+38,-1.0386738229729865e+38,-1.6847681201115683e+39,-5.474626588004125e+30,-2.1508747143376812e+30,-6.541051501908214,0.163604568627919,23.011022760032933,-3.935437594965675e+48,9.891225142866175e+50,-2.576729449422641e+46,4.6105328962512964e+50,-5.810411096581443e+41,-1.0114070920321012e+42,0.6691148488562748,0.3358046056421463,171.52064946155704,111.68868578908616,4.4503714283975455,0.2153741676734695,220.94961495961644,31.719812719992735,1.1168906915155195,1.7929838427428457,114.98563802940993,69.0576216388382,326.9287582949311,1.0621084127750173,32.482362066139814,89.74080025870049,15.856365983892957,142.8389138037858,219.6188043300085,57.28975685918392,4.846809754812264,1.922043699236924,42.81659891670129,0.7685222457727595,40.08550302349099,1.3235635279536844,179.1910702269673,219.2909961576921,1.881823063134275,209.4484478111693,0.3909593522183294,511.3851569037298,1.171179342367095,81.68958411191701,175.977938641674,345.49959769888466,15.513910349132525,31.79682541101065,72.5669534618164,5.026897151218711,15.53623538781293,37.17324631486267,0.32135897784424683,55.437293065296814,50.0201391140555,2.1574430936238116,77.80279194865113,1.126908499608017,192.89396614919752,51.31499486119626,283.66149558466446,107.5675199194021,77.50266826839191,0.5031841214055013,144.80412567422132,0.6695776580612733,1.8304787157129019,12.676935601956146,0.2479678235473659,0.10989815504126763,0.4998330325488765,2.0709213044995534,1.0007189395445935,0.5008745326520806,0.4998330325488765,0.999666065097753,2.499165162744382,0.999666065097753,5.498163358037641,1.0013561209575914,3.998941716603757,2.978249057884547,100.84127756022309,31.35340917157428,1.4718336759556083,4.498497292939889,38.18529200535306,0.23204542018287122,23674.28760087135,801.4754743934509,4657.762260377658,532.0948076157655,159.45315557306307,5.882601490384884,69.65995517817419,1.0274689608653063,18.121045144758497,28.256137606257514,109.73158015442952,34.504693465448824,0.8743725022244679,0.7486789579568045,19.911016823924996,51.99963596979388,28.262698896903608,114.54440342662063,14.850962393878316,0.2760921653899216,1.2904686949247643,36.44943226566341,12.573908353184851,18.95460925878651,27.277825789270146,109.96427545789966,7.304534317528583,1.2190749983258133,81.7706680440694,24.562660240036358,5.256448152238272,12.033017450250727,3.443294224225594,0.5997996390586516,0.19993321301955058,3.1862364474676923,4.82163637059881,3.8544951529755584,1.6689327149132946,1.6993595379278539,2.9134247742112107,1.369558413005841,380.6601642928776,0.4748394439193063,1.6672664926129672,0.33380021375760727
2020-03-09 11:00:00,0.12089815538715942,35.849731665199265,104.16073944147895,35.84973166519927,104.16073944147897,35.84973166519928,104.16073944147895,35.84973166519926,104.16073944147897,35.849731665199265,104.16073944147895,35.849731665199265,104.16073944147897,35.84973166519927,104.16073944147897,35.84973166519927,104.16073944147895,35.84973166519927,104.16073944147894,0.0,35.849731665199265,104.16073944147894,35.849731665199286,104.16073944147895,35.849731665199265,104.16073944147894,35.84973166519928,104.16073944147894,35.849731665199265,104.16073944147895,35.84973166519927,104.16073944147898,35.84973166519927,104.16073944147897,35.84973166519928,104.16073944147894,35.84973166519927,104.16073944147894,35.84973166519927,104.16073944147897,0.0,35.849731665199265,104.16073944147895,35.849731665199265,104.16073944147898,0.0,35.84973166519927,104.16073944147895,0.0,35.84973166519927,104.16073944147897,0.0054018374066254265,35.84973166519927,104.16073944147897,0.0,35.84973166519927,104.16073944147895,0.0,37.0779030139107,-95.68105489959099,0.537964060996984,-0.036156710272711945,-0.001188391201039491,37.0779030139107,-95.68105489959099,0.999667379178746,0.0,0.0,37.0779030139107,-95.68105489959099,0.0,-0.0013998865782109543,37.07790301391069,-95.68105489959099,1.7948956351831633,-0.0037695767534245556,-0.0021063971134557893,37.07790301391068,-95.68105489959099,1.0625303002951916,0.0,0.013087551293411926,56.11169587156378,-106.31139784969227,0.0,0.13145339458166422,-25.265991208980537,133.73063960440032,5.519655290741513,0.10225384666324004,-25.26599120898054,133.7306396044003,0.0,51.148672225839555,10.44804960483852,0.0,0.0,56.11169587156378,-106.31139784969227,0.022166731269335646,0.11614190827256515,-25.26599120898054,133.7306396044003,0.0,-25.26599120898054,133.73063960440032,0.0,37.0779030139107,-95.68105489959098,2.0003877064398097,0.0,37.0779030139107,-95.68105489959096,0.999667379178746,0.0,0.0010996823360538708,37.0779030139107,-95.68105489959099,1.0131532272710657,0.002083182842093698,37.0779030139107,-95.68105489959099,0.999667379178746,0.0,37.07790301391069,-95.681054899591,1.0378467785883858,0.0,0.0,37.0779030139107,-95.68105489959099,0.999667379178746,0.0,0.0,37.0779030139107,-95.68105489959096,0.0,37.0779030139107,-95.68105489959099,1.999334758357492,0.0,0.0,56.111695871563775,-106.31139784969224,0.999667379178746,0.0,56.111695871563775,-106.31139784969227,0.0,37.0779030139107,-95.68105489959098,0.999667379178746,0.0,0.0009514053959524269,0.0,0.0,60.97971012990351,0.0,0.0,0.0,0.0,37.0779030139107,-95.68105489959098,0.0,37.0779030139107,-95.68105489959099,0.999667379178746,0.0,0.0,37.0779030139107,-95.68105489959099,0.999667379178746,0.0,0.0,0.0,0.0,0.0,0.0,37.0779030139107,-95.68105489959099,1.000803550361418,0.0,0.0,37.0779030139107,-95.68105489959099,10.996341170966206,0.0,0.0,37.0779030139107,-95.68105489959099,4.998336895893729,0.0,0.0,37.0779030139107,-95.68105489959099,1.999334758357492,0.0,0.0,37.0779030139107,-95.68105489959099,0.0,0.0,37.0779030139107,-95.68105489959099,0.0,0.0,37.0779030139107,-95.68105489959099,0.0,0.0,37.077903013910685,-95.68105489959098,36.012775695529214,0.0,0.0,-1.1756772340691055e+39,-3.8074621614548964e+39,1.3029922826403446e+39,-4.5516820085580365e+39,5.55070569431946e+36,3.5449409176196934e+37,6.136750444520673e+37,-9.512431905164675e+38,-1.053975045622074e+38,-1.7095872804174657e+39,-5.558711126694104e+30,-2.183909900432604e+30,-6.541060330233802,0.1633267516579727,23.0110480386379,-3.99228778883732e+48,1.0033321359696487e+51,-2.609526401021272e+46,4.673676531907395e+50,-5.899652934138997e+41,-1.0257548437220948e+42,0.6691019567169862,0.3358057111001786,171.52035934813043,111.46066757125901,4.387706081992929,0.21633741706245163,220.8730664530652,31.674226716173575,1.1151362023997042,1.7920022777545883,114.78255918408061,68.66617066556577,327.06809580794555,1.063701262927508,32.48129877387946,89.72584507989123,15.91950356218606,142.7352225563071,220.2374910887384,58.19805035638987,4.830781372937022,1.9219738114976614,42.81432331052433,0.7692428534621987,40.07818489785712,1.30789797605014,176.5027548208315,218.99069064843587,1.8794934220802273,209.3275217631317,0.39061373904177377,511.2739168035946,1.1693333608333694,81.94169388841252,175.73388395323465,345.3666948241864,15.486288276729207,31.59831789083658,72.63137546407711,5.045768750574892,15.633551510961402,37.16416209262163,0.32072933762859956,55.47776880015346,49.92960648464279,2.1571671174431692,77.80234650035693,1.1208948438782786,191.26715558276533,51.07406589869123,283.403961919245,107.56767701842213,77.47657475835317,0.5038251609300132,144.7749745892507,0.6692142746356631,1.8296771619898475,12.798125279597011,0.24798924226989733,0.10989460599174258,0.499833689589373,2.075277640734541,1.0007203272610632,0.5008752810104198,0.499833689589373,0.999667379178746,2.4991684479468645,0.999667379178746,5.498170585483103,1.0163345543792743,3.9989468033417515,3.046885835220594,100.84141052204615,31.35345038625636,1.4730336201601038,4.498503206304357,38.18534220068147,0.2333423523164144,23698.053465029283,802.6899071612692,4681.899526850194,531.8665818407529,159.02820686837285,5.878933436947681,69.69632487253197,1.0285491757588294,18.12112258498327,28.261652079997976,109.72029385932451,34.41156971102485,0.8718820148581533,0.7482013149790757,19.88379565850119,52.05254783082891,28.269962584139975,114.51425078874293,14.783112343252512,0.27445652184786024,1.260063950385555,36.449631758506705,12.574157763416443,18.996005637146933,27.27414501395223,109.94991467100576,7.3048720884379845,1.220146341494452,81.785511719195,24.59239788740361,5.242796284660308,12.03303326789231,3.4432987505045696,0.5998004275072474,0.1999334758357492,3.216703446712579,4.877798356379368,3.8575426136283437,1.6688563172519002,1.6993748115337741,2.863031236730678,1.3662844732514918,380.66087203655945,0.4748438285702626,1.6672693166853791,0.3338009687533166
2020-03-09 12:00:00,0.12011850523933566,35.84977456141819,104.16086407565821,35.8497745614182,104.16086407565821,35.8497745614182,104.16086407565821,35.84977456141818,104.16086407565821,35.84977456141819,104.16086407565821,35.84977456141819,104.16086407565821,35.849774561418194,104.16086407565822,35.849774561418194,104.16086407565821,35.8497745614182,104.1608640756582,0.0,35.84977456141819,104.1608640756582,35.849774561418215,104.1608640756582,35.84977456141819,104.16086407565818,35.84977456141821,104.16086407565818,35.849774561418194,104.1608640756582,35.849774561418194,104.16086407565822,35.849774561418194,104.16086407565822,35.8497745614182,104.1608640756582,35.849774561418194,104.1608640756582,35.849774561418194,104.16086407565822,0.0,35.84977456141819,104.16086407565821,35.84977456141819,104.16086407565824,0.0,35.849774561418194,104.1608640756582,0.0,35.849774561418194,104.16086407565822,0.005238985285550347,35.849774561418194,104.16086407565821,0.0,35.849774561418194,104.1608640756582,0.0,37.07794737970567,-95.68116938735108,0.5533623034337172,-0.03477053205968539,-0.0011225331020402532,37.07794737970567,-95.68116938735108,0.999668575336953,0.0,0.0,37.07794737970568,-95.68116938735108,0.0,-0.0010478188235454877,37.07794737970567,-95.68116938735108,1.8136162172931982,-0.0035190923383156686,-0.0018313391109550728,37.077947379705655,-95.68116938735108,1.0718664477065052,0.0,0.014961230603363494,56.11176301236174,-106.31152505725518,0.0,0.1394029425958101,-25.266021441159133,133.73079962062712,5.618983982480253,0.10831087111165588,-25.266021441159136,133.73079962062712,0.0,51.14873342810076,10.44806210651712,0.0,0.0,56.111763012361735,-106.31152505725518,0.024422804975772226,0.12434421430955515,-25.266021441159136,133.7307996206271,0.0,-25.266021441159136,133.73079962062712,0.0,37.07794737970568,-95.68116938735106,2.0003901623694555,0.0,37.07794737970567,-95.68116938735105,0.999668575336953,0.0,0.0010996967835579128,37.07794737970567,-95.68116938735108,1.0131555607492109,0.0020833448830811178,37.07794737970567,-95.68116938735108,0.999668575336953,0.0,37.07794737970566,-95.68116938735109,1.0371589276517226,0.0,0.0,37.07794737970567,-95.68116938735108,0.999668575336953,0.0,0.0,37.07794737970568,-95.68116938735105,0.0,37.07794737970567,-95.68116938735108,1.999337150673906,0.0,0.0,56.11176301236173,-106.31152505725515,0.999668575336953,0.0,56.111763012361735,-106.31152505725518,0.0,37.07794737970567,-95.68116938735106,0.999668575336953,0.0,0.0009516617473163918,0.0,0.0,60.97978309555413,0.0,0.0,0.0,0.0,37.07794737970567,-95.68116938735106,0.0,37.07794737970567,-95.68116938735108,0.999668575336953,0.0,0.0,37.07794737970567,-95.68116938735108,0.999668575336953,0.0,0.0,0.0,0.0,0.0,0.0,37.07794737970567,-95.68116938735108,1.0008047434940885,0.0,0.0,37.07794737970567,-95.68116938735108,10.996354328706484,0.0,0.0,37.07794737970567,-95.68116938735108,4.998342876684765,0.0,0.0,37.07794737970567,-95.68116938735108,1.999337150673906,0.0,0.0,37.07794737970567,-95.68116938735108,0.0,0.0,37.07794737970567,-95.68116938735108,0.0,0.0,37.07794737970567,-95.68116938735108,0.0,0.0,37.07794737970566,-95.68116938735108,36.012820079094276,0.0,0.0,-1.1923675871052255e+39,-3.8615143160810105e+39,1.3213728465063011e+39,-4.615889972772801e+39,5.618492254830375e+36,3.5882325935350206e+37,6.218571029522097e+37,-9.639260061255283e+38,-1.0692723431404698e+38,-1.7344000740133314e+39,-5.642792226807351e+30,-2.216943735577369e+30,-6.541068134810644,0.1629089785081074,23.011071683967984,-4.048963797087344e+48,1.0174855662314168e+51,-2.6413945686073757e+46,4.735990121388542e+50,-5.9888911222157914e+41,-1.0399415490309149e+42,0.6690891372767871,0.33580675662320036,171.5202187760218,111.17265281349734,4.312392239784764,0.21745234054579302,220.82818312548923,31.661190996816746,1.1134626694580654,1.7911951270827353,114.61554786042602,68.2336184489408,327.14533000904186,1.0645828894786566,32.480592809369874,89.71361983367389,15.952451018793246,142.64471880660255,220.8317863441433,59.0696990757484,4.817617488820424,1.9218951487564306,42.81208867957195,0.7698084795855978,40.07252022928476,1.2938029253809407,174.09081285966826,218.53080778875008,1.878095081141861,209.2125771819988,0.3903790431696476,511.1824785792036,1.1672929683709752,82.102319882603,175.53625129144663,345.20009968609213,15.46369154867498,31.42505537512144,72.70592267173433,5.063896441706752,15.706082170518604,37.15670504668666,0.3202122593535923,55.509674105345425,49.87996918902893,2.1575727442753956,77.88302447465178,1.115599478596705,189.83725523819015,50.84505933452654,283.11927497571514,107.56781801325312,77.46090258717054,0.5043030189492131,144.7632456551069,0.669067314177255,1.8290215081970935,12.938233903617057,0.24801039393367158,0.10989225845379999,0.4998342876684765,2.0795709433013334,1.0007215870325017,0.500875960110017,0.4998342876684765,0.999668575336953,2.4991714383423824,0.999668575336953,5.498177164353242,1.030861138397577,3.998951430985617,3.110885246432958,100.8415311455224,31.35348790242201,1.474605227637504,4.498508589016288,38.185387891589684,0.23555765487668645,23715.82084161128,803.602351603856,4700.262520212633,531.7116834802495,158.7427440622848,5.875963457662918,69.71508348330346,1.0291057791483393,18.12119045987682,28.26821568865025,109.70642097513984,34.29979168913895,0.8688997123783645,0.7479141634605708,19.87296452404219,52.09199284364832,28.276070359798098,114.48111698382795,14.718276630463803,0.2728918340542214,1.2310043433806956,36.44988182104319,12.57449032672037,19.028585970017293,27.269652323269057,109.93227622934062,7.305289138060013,1.2214788599336204,81.78147971125576,24.58444660229835,5.232226599499871,12.03304766609295,3.44330287060506,0.5998011452021716,0.19993371506739058,3.2464805250834257,4.936282577729995,3.8621368253508677,1.6687806348925056,1.6993896770811656,2.8156427783965494,1.363205669910523,380.6615272549306,0.4748480359536672,1.6672719416724606,0.333801683167754
2020-03-09 13:00:00,0.11944424159114825,35.8498132401543,104.1609764560183,35.84981324015431,104.1609764560183,35.849813240154305,104.1609764560183,35.84981324015429,104.1609764560183,35.8498132401543,104.16097645601832,35.849813240154305,104.1609764560183,35.8498132401543,104.16097645601832,35.849813240154305,104.1609764560183,35.849813240154305,104.1609764560183,0.0,35.849813240154305,104.16097645601829,35.84981324015432,104.16097645601829,35.8498132401543,104.16097645601829,35.84981324015431,104.16097645601829,35.849813240154305,104.16097645601829,35.849813240154305,104.16097645601832,35.849813240154305,104.16097645601832,35.849813240154305,104.16097645601829,35.849813240154305,104.16097645601829,35.84981324015431,104.1609764560183,0.0,35.8498132401543,104.1609764560183,35.8498132401543,104.16097645601832,0.0,35.849813240154305,104.16097645601829,0.0,35.84981324015431,104.16097645601832,0.0051183999472407295,35.849813240154305,104.1609764560183,0.0,35.849813240154305,104.16097645601829,0.0,37.077987383531635,-95.68127261887057,0.5742146606336469,-0.032912852809103055,-0.0010361857100696543,37.077987383531635,-95.68127261887057,0.9996696538909327,0.0,0.0,37.077987383531635,-95.68127261887057,0.0,-0.0006118501588710384,37.07798738353162,-95.68127261887057,1.837364583414388,-0.003197777252731779,-0.0014854756586139828,37.07798738353162,-95.68127261887058,1.081808610828085,0.0,0.016956031084986688,56.11182355199137,-106.31163975798827,0.0,0.14660154791730154,-25.26604870096168,133.7309439043324,5.715073479749318,0.11405772825400748,-25.26604870096168,133.73094390433243,0.0,51.148788613060404,10.448073379052083,0.0,0.0,56.111823551991364,-106.31163975798827,0.026689408845941398,0.13272800695736586,-25.266048700961683,133.7309439043324,0.0,-25.266048700961683,133.7309439043324,0.0,37.077987383531635,-95.68127261887057,2.0003923731195736,0.0,37.077987383531635,-95.68127261887055,0.9996696538909327,0.0,0.0010997032152255536,37.077987383531635,-95.68127261887057,1.0131576415338077,0.002083486414654931,37.077987383531635,-95.68127261887057,0.9996696538909327,0.0,37.07798738353163,-95.6812726188706,1.0366153958118556,0.0,0.0,37.077987383531635,-95.68127261887057,0.9996696538909327,0.0,0.0,37.077987383531635,-95.68127261887055,0.0,37.077987383531635,-95.68127261887057,1.9993393077818653,0.0,0.0,56.111823551991364,-106.31163975798825,0.9996696538909327,0.0,56.111823551991364,-106.31163975798827,0.0,37.077987383531635,-95.68127261887057,0.9996696538909327,0.0,0.0009519073940662641,0.0,0.0,60.9798488873469,0.0,0.0,0.0,0.0,37.077987383531635,-95.68127261887055,0.0,37.077987383531635,-95.68127261887057,0.9996696538909327,0.0,0.0,37.077987383531635,-95.68127261887057,0.9996696538909327,0.0,0.0,0.0,0.0,0.0,0.0,37.077987383531635,-95.68127261887057,1.0008058126782489,0.0,0.0,37.077987383531635,-95.68127261887057,10.99636619280026,0.0,0.0,37.077987383531635,-95.68127261887057,4.998348269454663,0.0,0.0,37.077987383531635,-95.68127261887057,1.9993393077818653,0.0,0.0,37.077987383531635,-95.68127261887057,0.0,0.0,37.077987383531635,-95.68127261887057,0.0,0.0,37.077987383531635,-95.68127261887057,0.0,0.0,37.07798738353162,-95.68127261887057,36.01286003742085,0.0,0.0,-1.2089750686560668e+39,-3.9152980891860214e+39,1.339641241918989e+39,-4.679706104175093e+39,5.683685307620164e+36,3.629867933815321e+37,6.29891500025674e+37,-9.763799352450767e+38,-1.0845484609510585e+38,-1.759178513324219e+39,-5.726688072359274e+30,-2.2499047877943282e+30,-6.541074920039279,0.16237601060502221,23.01109369635604,-4.1053583957726544e+48,1.031552624367023e+51,-2.672043462961873e+46,4.797179138914602e+50,-6.077932693200721e+41,-1.0539019468087465e+42,0.6690764525754741,0.33580774209283093,171.52018893707944,110.84310007782605,4.2250362084985085,0.21871045210181317,220.8185421808708,31.681287648344323,1.1119664048328042,1.7905351534844283,114.47897714072056,67.7749069634545,327.16635955923437,1.0648208670098305,32.48016217429337,89.70368091711916,15.958479874429582,142.5664542610596,221.3839314240215,59.8794475985378,4.806868861573293,1.9218030545505298,42.809737077948206,0.770183184799385,40.068332622478295,1.281560659084188,171.999588332324,217.93998462666536,1.8777340025207527,209.1104026072759,0.39026346293137104,511.10774432498704,1.165126277744286,82.18067072995309,175.37864038712945,345.01007516097826,15.445306492087806,31.275227068249677,72.79002822823853,5.0807384767883095,15.751660448324328,37.15061927163296,0.31979008254431907,55.53102005479131,49.875759900236254,2.158637810116937,78.0418003955121,1.1111369871705061,188.6358599640582,50.64149318248644,282.8169431343226,107.56794296028545,77.45683839882349,0.5046034337383989,144.76929636710608,0.6691412145055283,1.8284881121774939,13.096212541933944,0.24803126714112242,0.10989083445686657,0.4998348269454663,2.0837088806462787,1.0007227192286403,0.5008765701527937,0.4998348269454663,0.9996696538909327,2.4991741347273315,0.9996696538909327,5.49818309640013,1.044688951570504,3.998955600793967,3.1689766800142474,100.84163946685453,31.353521730062475,1.4766176743010742,4.498513442509196,38.18542909024601,0.2387220406367062,23726.293174035425,804.1482390165336,4711.644806766432,531.6355349202369,158.6070105165503,5.873595230339385,69.71812565623563,1.029195115424663,18.12124881079109,28.275698436489023,109.6896582619078,34.170236849657904,0.8654482330901708,0.747839184867284,19.880227243206456,52.116794145038995,28.280726526535975,114.44453103988913,14.657519675771084,0.27142338531746385,1.203790007200089,36.4501977171411,12.574929564972575,19.050345298998835,27.264191965272904,109.91073052105611,7.305800987041159,1.223123151286079,81.75902719317246,24.539729135892284,5.224413360763529,12.03306064868715,3.4433065856243235,0.5998017923345593,0.1999339307781865,3.2751110799905088,4.99592150416079,3.868353197050076,1.6687060100200015,1.6994041287944555,2.7716335362870925,1.360346317342107,380.662130008841,0.47485206496111504,1.6672743677251354,0.3338023569171014
2020-03-09 14:00:00,0.11886662116258723,35.849847715323044,104.16107662299032,35.84984771532305,104.16107662299031,35.84984771532305,104.16107662299032,35.84984771532304,104.16107662299031,35.84984771532304,104.16107662299034,35.849847715323044,104.16107662299034,35.849847715323044,104.16107662299032,35.84984771532305,104.16107662299031,35.84984771532305,104.16107662299032,0.0,35.84984771532305,104.16107662299031,35.84984771532306,104.1610766229903,35.849847715323044,104.16107662299032,35.84984771532305,104.16107662299032,35.84984771532305,104.16107662299032,35.849847715323044,104.16107662299034,35.84984771532305,104.16107662299034,35.849847715323044,104.16107662299031,35.849847715323044,104.16107662299031,35.84984771532306,104.16107662299032,0.0,35.849847715323044,104.16107662299032,35.849847715323044,104.16107662299032,0.0,35.84984771532305,104.1610766229903,0.0,35.84984771532305,104.16107662299032,0.005036172103458409,35.84984771532305,104.16107662299031,0.0,35.84984771532305,104.16107662299031,0.0,37.078023039780746,-95.68136463128907,0.6016644176004355,-0.030484899412732913,-0.0009250629311172189,37.078023039780746,-95.68136463128907,0.9996706152287163,0.0,0.0,37.078023039780746,-95.68136463128907,0.0,-7.716660723527946e-05,37.07802303978074,-95.68136463128907,1.867073651086451,-0.0027924751842975243,-0.0010556815339253858,37.07802303978074,-95.68136463128906,1.092254558774313,0.0,0.019051470210489557,56.111877512233015,-106.3117419931574,0.0,0.1529098541695263,-25.266072998195433,133.73107250742515,5.806173127668217,0.11935569177100093,-25.266072998195433,133.73107250742518,0.0,51.14883780057239,10.448083426498922,0.0,0.0,56.111877512233015,-106.3117419931574,0.028924742307679538,0.14110455873443042,-25.266072998195437,133.73107250742515,0.0,-25.266072998195433,133.73107250742515,0.0,37.078023039780746,-95.68136463128907,2.0003943395230257,0.0,37.078023039780746,-95.68136463128906,0.9996706152287163,0.0,0.0010997016999688973,37.078023039780746,-95.68136463128907,1.0131594706078406,0.002083607533876145,37.078023039780746,-95.68136463128907,0.9996706152287163,0.0,37.07802303978074,-95.68136463128909,1.0361887102897163,0.0,0.0,37.078023039780746,-95.68136463128907,0.9996706152287163,0.0,0.0,37.078023039780746,-95.68136463128906,0.0,37.078023039780746,-95.68136463128907,1.9993412304574325,0.0,0.0,56.11187751223301,-106.31174199315737,0.9996706152287163,0.0,56.11187751223301,-106.3117419931574,0.0,37.078023039780746,-95.68136463128907,0.9996706152287163,0.0,0.0009521422780312178,0.0,0.0,60.9799075289517,0.0,0.0,0.0,0.0,37.078023039780746,-95.68136463128906,0.0,37.078023039780746,-95.68136463128907,0.9996706152287163,0.0,0.0,37.078023039780746,-95.68136463128907,0.9996706152287163,0.0,0.0,0.0,0.0,0.0,0.0,37.078023039780746,-95.68136463128907,1.0008067583656368,0.0,0.0,37.078023039780746,-95.68136463128907,10.99637676751588,0.0,0.0,37.078023039780746,-95.68136463128907,4.998353076143582,0.0,0.0,37.078023039780746,-95.68136463128907,1.9993412304574325,0.0,0.0,37.078023039780746,-95.68136463128907,0.0,0.0,37.078023039780746,-95.68136463128907,0.0,0.0,37.078023039780746,-95.68136463128907,0.0,0.0,37.07802303978073,-95.68136463128907,36.012895585504985,0.0,0.0,-1.2254590026270674e+39,-3.9686817501499e+39,1.35774710348598e+39,-4.7429544636948513e+39,5.74550256273171e+36,3.669347331414121e+37,6.377290194460919e+37,-9.885286889651619e+38,-1.0997809072405075e+38,-1.7838861157805058e+39,-5.81016258279648e+30,-2.2827003056081775e+30,-6.541080690905337,0.16176036368212898,23.01111407703331,-4.1613334596740257e+48,1.0454945279389793e+51,-2.701105309893773e+46,4.856868759528551e+50,-6.166527086613483e+41,-1.0675529913944987e+42,0.6690639826462327,0.33580866742979626,171.52023920786283,110.49344879694144,4.126828085102341,0.22010001753305755,220.84531042834516,31.732627215352142,1.1107351790060846,1.7899984983295905,114.36791805074652,67.30755673772214,327.1408527306261,1.0645259569371452,32.47994211336538,89.69564379099484,15.9420007012057,142.499412301026,221.8770957134897,60.60335232882408,4.798142748442646,1.9216924285590262,42.807112018128436,0.7703442038764836,40.06548490653211,1.2714007219081536,170.2647462286161,217.25570733120634,1.8784450214936945,209.0271791773139,0.3902682834073016,511.0470004450246,1.16291332136693,82.1912747973953,175.2556447102529,344.80856542974624,15.430427752565157,31.14689205869236,72.8829082997353,5.095781416836428,15.768923339052971,37.145681056665545,0.3194473682571748,55.54055153193449,49.91839822639133,2.1602957581156783,78.27037948751543,1.1076003622926838,187.68863964056942,50.47567603911765,282.5081387320676,107.56805192559868,77.46477245882568,0.5047174346750336,144.79216464587222,0.6694240313045552,1.8280564792220764,13.270603280333846,0.2480518509007678,0.10989011450289594,0.4998353076143581,2.0876062405968856,1.0007237242943088,0.5008771113812961,0.4998353076143581,0.9996706152287163,2.499176538071791,0.9996706152287163,5.49818838375794,1.057588235503409,3.9989593142957602,3.220062152879364,100.84173552948263,31.353551881347922,1.4791491521615097,4.498517768529222,38.18546581147249,0.24287560202156205,23728.651215118756,804.2869278171034,4715.294968453611,531.6389862070234,158.62255516730127,5.871747382616063,69.7080082705164,1.0288932230131977,18.12129768533312,28.28389531826502,109.66968398854377,34.02464161034639,0.8615727785931084,0.7479835096479406,19.906050080370495,52.12621149019653,28.283638251573283,114.40389322700105,14.601762129427343,0.27007296785072954,1.1788551886425862,36.450598621197635,12.575505026523246,19.06001798471473,27.257586118396667,109.88455844814291,7.3064253799216115,1.2251370625927094,81.71924121215471,24.46043456243506,5.219103888304652,12.033072220345655,3.443309896898911,0.5998023691372295,0.1999341230457432,3.3021741627335426,5.055440694066759,3.8762818303920876,1.6686328837373254,1.6994181612343084,2.7312346961602745,1.3577214403289004,380.66268039190305,0.47485591462218046,1.6672765951166564,0.3338029899439702
2020-03-09 15:00:00,0.11837674962229458,35.84987800376572,104.16116462550634,35.84987800376573,104.16116462550633,35.849878003765724,104.16116462550634,35.84987800376571,104.16116462550633,35.84987800376571,104.16116462550636,35.849878003765724,104.16116462550636,35.84987800376572,104.16116462550634,35.849878003765724,104.16116462550633,35.849878003765724,104.16116462550636,0.0,35.849878003765724,104.16116462550633,35.84987800376573,104.16116462550633,35.84987800376572,104.16116462550634,35.849878003765724,104.16116462550634,35.849878003765724,104.16116462550634,35.84987800376572,104.16116462550637,35.849878003765724,104.16116462550636,35.84987800376572,104.16116462550633,35.84987800376572,104.16116462550634,35.84987800376573,104.16116462550634,0.0,35.84987800376572,104.16116462550634,35.84987800376572,104.16116462550636,0.0,35.849878003765724,104.16116462550632,0.0,35.84987800376573,104.16116462550634,0.004989515731467444,35.849878003765724,104.16116462550633,0.0,35.849878003765724,104.16116462550633,0.0,37.07805436587129,-95.68144546955513,0.6370448149857477,-0.02737149695282526,-0.0007841678844708044,37.07805436587129,-95.68144546955513,0.9996714598199224,0.0,0.0,37.07805436587128,-95.68144546955513,0.0,0.0005727579112700734,37.078054365871274,-95.68144546955513,1.903797569806919,-0.0022883177683063888,-0.0005271279862846603,37.078054365871274,-95.68144546955513,1.1030705485929495,0.0,0.021220752648629236,56.11192491944654,-106.31183181270498,0.0,0.15821870492210752,-25.266094344729723,133.73118549272863,5.890775379413616,0.12408251898208988,-25.266094344729726,133.73118549272863,0.0,51.14888101466506,10.448092253765873,0.0,0.0,56.11192491944653,-106.31183181270498,0.03108372116411659,0.14927510850831346,-25.26609434472973,133.7311854927286,0.0,-25.266094344729726,133.73118549272863,0.0,37.07805436587128,-95.68144546955511,2.0003960625825123,0.0,37.07805436587129,-95.68144546955511,0.9996714598199224,0.0,0.001099692311833067,37.07805436587129,-95.68144546955513,1.0131610491278824,0.002083708351708055,37.07805436587129,-95.68144546955513,0.9996714598199224,0.0,37.078054365871274,-95.68144546955513,1.0358561691344557,0.0,0.0,37.07805436587129,-95.68144546955513,0.9996714598199224,0.0,0.0,37.07805436587128,-95.6814454695551,0.0,37.07805436587129,-95.68144546955513,1.999342919639845,0.0,0.0,56.11192491944653,-106.31183181270495,0.9996714598199224,0.0,56.11192491944653,-106.31183181270498,0.0,37.07805436587129,-95.68144546955513,0.9996714598199224,0.0,0.0009523663493564605,0.0,0.0,60.97995904901528,0.0,0.0,0.0,0.0,37.07805436587129,-95.68144546955513,0.0,37.07805436587129,-95.68144546955513,0.9996714598199224,0.0,0.0,37.07805436587129,-95.68144546955513,0.9996714598199224,0.0,0.0,0.0,0.0,0.0,0.0,37.07805436587129,-95.68144546955513,1.00080758109355,0.0,0.0,37.07805436587129,-95.68144546955513,10.996386058019148,0.0,0.0,37.07805436587129,-95.68144546955513,4.998357299099612,0.0,0.0,37.07805436587129,-95.68144546955513,1.999342919639845,0.0,0.0,37.07805436587129,-95.68144546955513,0.0,0.0,37.07805436587129,-95.68144546955513,0.0,0.0,37.07805436587129,-95.68144546955513,0.0,0.0,37.07805436587127,-95.68144546955513,36.01292674140903,0.0,0.0,-1.2417669199866262e+39,-4.021495376610749e+39,1.3756256508122956e+39,-4.805408757007641e+39,5.802956494512729e+36,3.706040106146712e+37,6.4530712728217e+37,-1.0002753349160414e+39,-1.114940252302365e+38,-1.80847514528824e+39,-5.892910187188884e+30,-2.3152102361210005e+30,-6.541085453085744,0.161100172148281,23.011132828327305,-4.2167108178887416e+48,1.0592613946471952e+51,-2.7281158487480403e+46,4.914582732208278e+50,-6.2543499894267145e+41,-1.0807892179127059e+42,0.669051830587577,0.3358095325996953,171.52034552735762,110.14657301415433,4.019483985458311,0.22160549658829018,220.90716177998237,31.810911111878806,1.109843415465745,1.789564479274395,114.27809775875744,66.85061573041364,327.08126242348567,1.063840822136471,32.479881687491876,89.68917828353382,15.908310519931598,142.44255875410087,222.29591044783498,61.21953622384889,4.7910992499004905,1.9215575566337466,42.804052421032324,0.7702835656939971,40.06387933699454,1.2634951771488703,168.91256870582723,216.52185920364343,1.880189393323678,208.96814101043188,0.39038765647300966,510.9978946438593,1.1607412419881096,82.15254573454246,175.16282943654767,344.60833223392297,15.41844967889448,31.038076482358317,72.98352480896787,5.10855641488927,15.757390468185196,37.14169680133482,0.31917075521905686,55.53783732349212,50.00608594452017,2.162439949670107,78.5557161442032,1.10505853540441,187.01465309224108,50.35803125776407,282.2050266979164,107.568144986521,77.4842712055264,0.5046418603380429,144.82960119302376,0.6698878397938279,1.8277090117504777,13.459469470548973,0.24807213461550467,0.1098899259476513,0.4998357299099612,2.091189031178073,1.0007246027625891,0.5008775840858151,0.4998357299099612,0.9996714598199224,2.499178649549806,0.9996714598199224,5.498193029009574,1.069359433851344,3.9989625733375047,3.263287031768929,100.84181938535339,31.353578371007416,1.4822869582757252,4.49852156918965,38.18549807320764,0.24806522270927636,23722.615156833304,804.0048039441481,4710.974909358726,531.7181695738867,158.78195765906045,5.870353159627823,69.68780400490608,1.0282914795762028,18.12133713812302,28.292531045296965,109.64614535257154,33.865516049256286,0.8573388684689282,0.7483392156990225,19.949621834762205,52.119984006007705,28.284515398382492,114.35847056978649,14.551777254162419,0.2688587944352263,1.1565667693264252,36.451108509005884,12.576253659309087,19.057168085220425,27.249634085309857,109.85294802359411,7.307182378162481,1.2275859933306568,81.66379183652799,24.34992082471197,5.216118990966071,12.033082386721286,3.443312806046399,0.5998028758919532,0.1999342919639844,3.3273095606045184,5.113494831242962,3.886022960262239,1.6685618239810567,1.6994317693294687,2.6945505655617956,1.3553378186402427,380.6631785355897,0.4748595841172612,1.6672786242626005,0.3338035822213391
2020-03-09 16:00:00,0.11796593938725812,35.84990412582214,104.16124052266336,35.84990412582215,104.16124052266335,35.84990412582215,104.16124052266336,35.849904125822135,104.16124052266335,35.849904125822135,104.16124052266338,35.84990412582214,104.16124052266336,35.84990412582214,104.16124052266336,35.84990412582215,104.16124052266335,35.84990412582214,104.16124052266338,0.0,35.84990412582215,104.16124052266335,35.84990412582216,104.16124052266333,35.84990412582214,104.16124052266336,35.84990412582215,104.16124052266335,35.84990412582215,104.16124052266335,35.84990412582214,104.16124052266338,35.84990412582215,104.16124052266338,35.84990412582214,104.16124052266335,35.84990412582214,104.16124052266335,35.84990412582216,104.16124052266335,0.0,35.84990412582214,104.16124052266336,35.84990412582214,104.16124052266336,0.0,35.84990412582215,104.16124052266333,0.0,35.84990412582216,104.16124052266335,0.004976767727542404,35.84990412582215,104.16124052266335,0.0,35.84990412582215,104.16124052266335,0.0,37.07808138283988,-95.68151518795464,0.6818963067790573,-0.023439583298178857,-0.0006077290129275457,37.07808138283988,-95.68151518795464,0.9996721882317255,0.0,0.0,37.07808138283988,-95.68151518795464,0.0,0.0013561017381829368,37.07808138283987,-95.68151518795464,1.9487127118508685,-0.0016687092715085144,0.0001167300354525877,37.07808138283987,-95.68151518795464,1.1140917237970547,0.0,0.02343084708256011,56.111965805467655,-106.31190927694823,0.0,0.16245679458262038,-25.26611275489954,133.73128293611666,5.967697702159183,0.128138413136627,-25.266112754899545,133.73128293611668,0.0,51.1489182843583,10.448099866780774,0.0,0.0,56.11196580546765,-106.31190927694823,0.03311970229339612,0.15703747316741515,-25.26611275489955,133.73128293611663,0.0,-25.266112754899545,133.73128293611666,0.0,37.078081382839876,-95.68151518795466,2.0003975435038837,0.0,37.07808138283988,-95.68151518795464,0.9996721882317255,0.0,0.001099675131123174,37.07808138283988,-95.68151518795466,1.0131623784584771,0.0020837889958187725,37.07808138283988,-95.68151518795464,0.9996721882317255,0.0,37.078081382839876,-95.68151518795464,1.035599128470522,0.0,0.0,37.07808138283988,-95.68151518795464,0.9996721882317255,0.0,0.0,37.078081382839876,-95.68151518795462,0.0,37.07808138283988,-95.68151518795464,1.999344376463451,0.0,0.0,56.11196580546765,-106.3119092769482,0.9996721882317255,0.0,56.11196580546765,-106.31190927694823,0.0,37.07808138283988,-95.68151518795464,0.9996721882317255,0.0,0.0009525795678561018,0.0,0.0,60.980003482135274,0.0,0.0,0.0,0.0,37.07808138283988,-95.68151518795464,0.0,37.07808138283988,-95.68151518795464,0.9996721882317255,0.0,0.0,37.07808138283988,-95.68151518795464,0.9996721882317255,0.0,0.0,0.0,0.0,0.0,0.0,37.07808138283988,-95.68151518795464,1.0008082815017172,0.0,0.0,37.07808138283988,-95.68151518795464,10.996394070548982,0.0,0.0,37.07808138283988,-95.68151518795464,4.998360941158628,0.0,0.0,37.07808138283988,-95.68151518795464,1.999344376463451,0.0,0.0,37.07808138283988,-95.68151518795464,0.0,0.0,37.07808138283988,-95.68151518795464,0.0,0.0,37.07808138283988,-95.68151518795464,0.0,0.0,37.07808138283987,-95.68151518795466,36.01295352686292,0.0,0.0,-1.2578311253587948e+39,-4.0735197352833106e+39,1.393193568191912e+39,-4.866777941253808e+39,5.85480454083698e+36,3.7391526995781365e+37,6.525465353559553e+37,-1.0114969703659618e+39,-1.1299879195560684e+38,-1.832883029178601e+39,-5.974536622369326e+30,-2.3472796809733364e+30,-6.541089213088742,0.16043671649017432,23.01114995390395,-4.271260594890649e+48,1.0727890696026577e+51,-2.7524909198066585e+46,4.969717207571485e+50,-6.340982956465224e+41,-1.0934770100351717e+42,0.6690401289666048,0.335810337620717,171.52048907344354,109.82514482415897,3.9051588175992658,0.22320711016366668,221.00035463663352,31.90964514639259,1.1093482357708502,1.7892153376674282,114.2058473888539,66.42350653695962,327.00162167122926,1.062926226525913,32.479940975818565,89.6840033881754,15.863279156713723,142.39488350113814,222.62690922481406,61.708813789627435,4.785446916206459,1.9213919415557723,42.80038699627527,0.7700086559863079,40.06345758457704,1.2579553773084773,167.95948102743134,215.78588270002962,1.8828570537561118,208.9372955241098,0.39060883656282913,510.95840720101984,1.1586990190981628,82.08503623171956,175.09670184573142,344.4220404740753,15.408856779054224,30.94685318894912,73.09055652481152,5.118652653494777,15.717491711605385,37.13850051143629,0.3189487869868718,55.523301260466575,50.13390830305562,2.164930618033655,78.88084776278603,1.1035546370724096,186.625862428013,50.29654042496147,281.92002837622897,107.56822223374371,77.51410257012796,0.5043795402973374,144.87818262783603,0.6704901392622249,1.827430732010099,13.660341665366307,0.2480921080857669,0.10989013351484372,0.4998360941158628,2.094398250433886,1.0007253552721571,0.5008779886137721,0.4998360941158628,0.9996721882317255,2.499180470579314,0.9996721882317255,5.498197035274491,1.079845276623188,3.9989653801454685,3.298101114804802,100.84189109659343,31.35360121682974,1.486127215137884,4.4985248470427655,38.18552589711642,0.2543412109055578,23708.469427145094,803.3165128454864,4698.982756891971,531.8646553772626,159.0691265175979,5.8693599776527225,69.66091948996102,1.0274911940397156,18.121367231927465,28.30126801786195,109.61864378607035,33.69601511407654,0.8528289426129907,0.7488837909869516,20.00889566076387,52.09834519234935,28.283069687220973,114.30739741626304,14.508195855614794,0.2677956166203795,1.1372266494958103,36.4517572166958,12.577221442942546,19.042220546845574,27.240112229665463,109.81499392234137,7.308094383522321,1.2305429712682545,81.59485321257891,24.212557074991434,5.215353008253483,12.033091154641138,3.4433153150203877,0.5998033129390351,0.19993443764634505,3.3502407626007202,5.168714664277813,3.897681016357311,1.6684935607605733,1.6994449484219594,2.661577229587473,1.3531951994091256,380.66362461610305,0.4748630727970934,1.6672804557473397,0.33380413375780704
2020-03-09 17:00:00,0.11762599350094197,35.849926106083174,104.16130438590965,35.84992610608318,104.16130438590963,35.84992610608318,104.16130438590965,35.84992610608317,104.16130438590962,35.84992610608317,104.16130438590966,35.849926106083174,104.16130438590965,35.849926106083174,104.16130438590963,35.84992610608318,104.16130438590963,35.849926106083174,104.16130438590965,0.0,35.84992610608318,104.16130438590963,35.84992610608319,104.16130438590962,35.849926106083174,104.16130438590963,35.84992610608318,104.16130438590963,35.84992610608318,104.16130438590963,35.849926106083174,104.16130438590966,35.84992610608318,104.16130438590966,35.849926106083174,104.16130438590963,35.849926106083174,104.16130438590963,35.84992610608319,104.16130438590963,0.0,35.849926106083174,104.16130438590965,35.849926106083174,104.16130438590965,0.0,35.84992610608318,104.16130438590962,0.0,35.84992610608319,104.16130438590963,0.004997386025794918,35.84992610608318,104.16130438590963,0.0,35.84992610608318,104.16130438590963,0.0,37.07810411611985,-95.68157385211933,0.7379809410542197,-0.018536974369963044,-0.0003891472864207962,37.07810411611985,-95.68157385211933,0.9996728011498401,0.0,0.0,37.07810411611985,-95.68157385211933,0.0,0.0022925430054529794,37.07810411611984,-95.68157385211933,2.0031136171692836,-0.0009153819593270413,0.0008940952507209624,37.07810411611984,-95.68157385211933,1.1251243518172345,0.0,0.025642930071383938,56.112000208785744,-106.31197445881058,0.0,0.16559640667361314,-25.266128246035912,133.7313649293208,6.0361487300518055,0.131451035501146,-25.266128246035915,133.73136492932082,0.0,51.14894964473716,10.448106272710385,0.0,0.0,56.112000208785744,-106.31197445881058,0.034986545825555944,0.164193975736107,-25.26612824603592,133.73136492932076,0.0,-25.266128246035915,133.7313649293208,0.0,37.078104116119846,-95.68157385211934,2.0003987837399118,0.0,37.07810411611985,-95.68157385211933,0.9996728011498401,0.0,0.0010996502458863221,37.07810411611985,-95.68157385211934,1.0131634602173238,0.002083849614264828,37.07810411611985,-95.68157385211933,0.9996728011498401,0.0,37.078104116119846,-95.68157385211933,1.0354023661285379,0.0,0.0,37.07810411611985,-95.68157385211933,0.9996728011498401,0.0,0.0,37.078104116119846,-95.6815738521193,0.0,37.07810411611985,-95.68157385211933,1.9993456022996803,0.0,0.0,56.11200020878574,-106.31197445881055,0.9996728011498401,0.0,56.11200020878574,-106.31197445881058,0.0,37.07810411611985,-95.68157385211934,0.9996728011498401,0.0,0.0009527819047887697,0.0,0.0,60.98004087014026,0.0,0.0,0.0,0.0,37.07810411611985,-95.68157385211933,0.0,37.07810411611985,-95.68157385211933,0.9996728011498401,0.0,0.0,37.07810411611985,-95.68157385211933,0.9996728011498401,0.0,0.0,0.0,0.0,0.0,0.0,37.07810411611985,-95.68157385211933,1.0008088603544663,0.0,0.0,37.07810411611985,-95.68157385211933,10.996400812648242,0.0,0.0,37.07810411611985,-95.68157385211933,4.998364005749201,0.0,0.0,37.07810411611985,-95.68157385211933,1.9993456022996803,0.0,0.0,37.07810411611985,-95.68157385211933,0.0,0.0,37.07810411611985,-95.68157385211933,0.0,0.0,37.07810411611985,-95.68157385211933,0.0,0.0,37.07810411611984,-95.68157385211934,36.01297596805435,0.0,0.0,-1.2735643402887007e+39,-4.124472172557561e+39,1.4103437959886575e+39,-4.926688030012673e+39,5.899488749326921e+36,3.767690130270834e+37,6.593469662981902e+37,-1.0220381577335381e+39,-1.1448733323176987e+38,-1.8570277301625105e+39,-6.054534823072475e+30,-2.378709424046924e+30,-6.5410919784379296,0.15981179158249348,23.011165459072178,-4.324686416216127e+48,1.0859951145784668e+51,-2.773498090459295e+46,5.021508485038126e+50,-6.425887821774207e+41,-1.1054475466564451e+42,0.669029047864839,0.3358110825738641,171.5206551904881,109.550021660143,3.786339201008831,0.2248805929756726,221.1189652821562,32.02049292298486,1.1092865230181908,1.788935958735057,114.14804420942647,66.0448521244937,326.91622280081157,1.0619459015838562,32.480088805788355,89.67988188719221,15.81299644435577,142.355433488297,222.85887119241696,62.055180543221866,4.780937974606749,1.9211881357410558,42.79592901354961,0.7695416760590953,40.06420067027552,1.2548300559744408,167.41177721418168,215.09575901665568,1.8862734775408214,208.93721563240263,0.390912864044432,510.9268191509541,1.1568720996301463,82.00952830074316,175.05468052156635,344.26135703777,15.4012138560871,30.871405001902662,73.2023825417902,5.125727813127419,15.650541157452821,37.13595107957086,0.31877172423516564,55.49819179487236,50.294136562134256,2.167604077705545,79.22599829202707,1.103104951824643,186.52683810844468,50.2963298987927,281.6650719907857,107.56828377414283,77.55231277239972,0.5039391237491878,144.93349930469697,0.6711761847321729,1.827208995478564,13.870186799707554,0.24811176152711908,0.10989063160112265,0.49983640057492007,2.0971929672371235,1.0007259825900705,0.5008783253820525,0.49983640057492007,0.9996728011498401,2.4991820028746004,0.9996728011498401,5.498200406324121,1.0889407635332227,3.99896773740744,3.3243043039544946,100.8419507377081,31.353620440321563,1.4907741144751046,4.498527605174281,38.185549309391774,0.2617531583762184,23687.048401653698,802.2642350877062,4680.138677260497,532.0659040800784,159.46016031467587,5.868728959586784,69.6308907529458,1.0265975233243185,18.12138803924738,28.30971660348125,109.58671939451152,33.51978053159863,0.8481381867236286,0.7495815367013522,20.080710885642112,52.06200878143132,28.27901376230081,114.24968173153279,14.471517428825239,0.2668949939274322,1.1210769171463622,36.45258168762097,12.578465310369063,19.016430578621343,27.228774918121857,109.76970103397325,7.309186066755396,1.2340884195082202,81.51500169186843,24.053520118920392,5.216773756182541,12.033098532359183,3.443317426182782,0.5998036806899038,0.199934560229968,3.370793527104305,5.21976319124255,3.9113572973953796,1.6684290304329448,1.6994576943287756,2.6322222737886927,1.3512875788469763,380.6640188635064,0.47486638021026695,1.6672820903589154,0.3338046446045375
2020-03-09 18:00:00,0.11734942349573277,35.849943974376465,104.16135630190888,35.84994397437647,104.16135630190887,35.84994397437647,104.16135630190888,35.84994397437646,104.16135630190885,35.84994397437646,104.1613563019089,35.849943974376465,104.16135630190888,35.849943974376465,104.16135630190887,35.84994397437647,104.16135630190887,35.849943974376465,104.16135630190888,0.0,35.84994397437647,104.16135630190887,35.84994397437648,104.16135630190885,35.849943974376465,104.16135630190887,35.84994397437647,104.16135630190887,35.84994397437647,104.16135630190887,35.849943974376465,104.1613563019089,35.84994397437647,104.1613563019089,35.849943974376465,104.16135630190887,35.849943974376465,104.16135630190887,35.84994397437648,104.16135630190887,0.0,35.849943974376465,104.16135630190888,35.849943974376465,104.16135630190888,0.0,35.84994397437647,104.16135630190885,0.0,35.84994397437647,104.16135630190887,0.00505194890980897,35.84994397437647,104.16135630190887,0.0,35.84994397437647,104.16135630190887,0.0,37.0781225965607,-95.68162154165762,0.8072921162760291,-0.012491531670098643,-0.00012096114032282904,37.0781225965607,-95.68162154165762,0.999673299406008,0.0,0.0,37.0781225965607,-95.68162154165762,0.0,0.0034029922320301803,37.07812259656069,-95.68162154165762,2.0684024146375153,-8.542858778354256e-06,0.0018246771096101788,37.07812259656069,-95.68162154165762,1.13595010381842,0.0,0.027813237476744454,56.11202817608682,-106.31202744674518,0.0,0.16765663680321563,-25.266140839160606,133.73143158360745,6.095771162272422,0.13397906547351965,-25.26614083916061,133.73143158360747,0.0,51.14897513835828,10.44811148024768,0.0,0.0,56.11202817608682,-106.31202744674518,0.03664090922277573,0.17056028699745335,-25.266140839160613,133.73143158360742,0.0,-25.26614083916061,133.73143158360745,0.0,37.078122596560696,-95.68162154165763,2.00039978504763,0.0,37.0781225965607,-95.68162154165762,0.999673299406008,0.0,0.001099617753854034,37.0781225965607,-95.68162154165763,1.0131642963344771,0.00208389038031745,37.0781225965607,-95.68162154165762,0.999673299406008,0.0,37.078122596560696,-95.68162154165763,1.0352535218785188,0.0,0.0,37.0781225965607,-95.68162154165762,0.999673299406008,0.0,0.0,37.078122596560696,-95.6816215416576,0.0,37.0781225965607,-95.68162154165762,1.999346598812016,0.0,0.0,56.11202817608681,-106.31202744674515,0.999673299406008,0.0,56.11202817608681,-106.31202744674518,0.0,37.0781225965607,-95.68162154165765,0.999673299406008,0.0,0.0009529733451815524,0.0,0.0,60.98007126376651,0.0,0.0,0.0,0.0,37.0781225965607,-95.68162154165762,0.0,37.0781225965607,-95.68162154165762,0.999673299406008,0.0,0.0,37.0781225965607,-95.68162154165762,0.999673299406008,0.0,0.0,0.0,0.0,0.0,0.0,37.0781225965607,-95.68162154165762,1.0008093185697668,0.0,0.0,37.0781225965607,-95.68162154165762,10.99640629346609,0.0,0.0,37.0781225965607,-95.68162154165762,4.998366497030041,0.0,0.0,37.0781225965607,-95.68162154165762,1.999346598812016,0.0,0.0,37.0781225965607,-95.68162154165762,0.0,0.0,37.0781225965607,-95.68162154165762,0.0,0.0,37.0781225965607,-95.68162154165762,0.0,0.0,37.07812259656069,-95.68162154165765,36.01299409666387,0.0,0.0,-1.2888542021239056e+39,-4.173988798978848e+39,1.4269389781820603e+39,-4.9846592039212465e+39,5.935063102415552e+36,3.7904095801618427e+37,6.655819634197945e+37,-1.031702879492122e+39,-1.1595302492457206e+38,-1.8808018022853473e+39,-6.132254789247643e+30,-2.409244092915772e+30,-6.541093757913388,0.15926509266334904,23.011179351172895,-4.376606728125559e+48,1.0987737624789505e+51,-2.790222488886514e+46,5.068993485425849e+50,-6.508374717753422e+41,-1.1164881698382347e+42,0.6690188049381416,0.33581176761640413,171.52083252637124,109.33876333014304,3.665726760105758,0.22659718932401846,221.25526498844724,32.133749913389416,1.10967311533857,1.7887135823931466,114.10205188311826,65.7313542295334,326.83829191748725,1.0610513591807769,32.48030092271988,89.67661504771596,15.763404448775104,142.32333806362521,222.98307193170817,62.246173865214715,4.777363454405778,1.9209375787859184,42.79047147140661,0.7689180422899596,40.06612894270896,1.2541045778529671,167.2655208268051,214.49700768216,1.8902107716043606,208.96891180945477,0.39127566294123184,510.90167939878825,1.1553372730434586,81.94512082748054,175.0350683000291,344.13612208165637,15.395156275744517,30.81007333153575,73.31708199861177,5.129515724641063,15.55865987704952,37.133929508215374,0.3186313530613204,55.46449250587714,50.47671606285769,2.1702836510969687,79.56988745862176,1.103698535680283,186.71464642867736,50.35941630329121,281.4508772246143,107.56832973450689,77.59635052446595,0.5033345712338712,144.99040748097806,0.6718821175043076,1.827033208101715,14.085407831225496,0.24813108560299713,0.10989133807198757,0.499836649703004,2.0995523765928956,1.0007264856416205,0.5008785948931628,0.499836649703004,0.999673299406008,2.4991832485150205,0.999673299406008,5.498203146733045,1.0965999746542556,3.998969648379822,3.3420720259824104,100.84199839846204,31.353636067569557,1.4963385698680445,4.498529847327037,38.18556834180463,0.2703450598831745,23659.684487203176,800.9150782768112,4655.734969472558,532.3059922826691,159.92473012254717,5.868434526669353,69.6011699892981,1.0257131311301624,18.121399644469577,28.317446740347723,109.54983596724,33.34076853201999,0.84336998127873,0.7503858366171245,20.160988745809078,52.012126795015696,28.272060790596612,114.18421788945226,14.442125048504472,0.26616565520503593,1.1083066620919657,36.45362742538317,12.580055387077785,18.981793715526933,27.215356760575652,109.71599318656105,7.310484173755734,1.2383095237958701,81.42709968192115,23.87856225049365,5.220422553615277,12.033104529887133,3.4433191423984724,0.5998039796436047,0.1999346598812016,3.388907927157932,5.265398239827762,3.9271413088557563,1.668369431056545,1.6994700034243213,2.6063243262436986,1.3496044722046086,380.66436157376387,0.4748695061406191,1.667283529134779,0.33380511486438535
2020-03-09 19:00:00,0.11712961083601701,35.84995776705382,104.1613963762806,35.84995776705384,104.16139637628059,35.84995776705383,104.1613963762806,35.849957767053816,104.16139637628059,35.84995776705382,104.16139637628062,35.84995776705383,104.1613963762806,35.84995776705383,104.16139637628059,35.84995776705384,104.16139637628059,35.84995776705383,104.1613963762806,0.0,35.84995776705384,104.16139637628059,35.849957767053844,104.16139637628058,35.84995776705383,104.1613963762806,35.84995776705384,104.16139637628059,35.84995776705384,104.16139637628059,35.84995776705383,104.16139637628062,35.84995776705383,104.16139637628062,35.84995776705383,104.16139637628059,35.84995776705383,104.16139637628059,35.849957767053844,104.16139637628059,0.0,35.84995776705383,104.1613963762806,35.84995776705383,104.1613963762806,0.0,35.84995776705384,104.16139637628058,0.0,35.84995776705384,104.16139637628059,0.005142156405723867,35.84995776705384,104.16139637628059,0.0,35.84995776705384,104.16139637628059,0.0,37.078136861759624,-95.68165835359062,0.8920576133741243,-0.00511091423872112,0.00020516286961128408,37.078136861759624,-95.68165835359062,0.9996736840138974,0.0,0.0,37.07813686175963,-95.68165835359062,0.0,0.004709187618838193,37.07813686175962,-95.68165835359062,2.146070149391429,0.0010728660906222792,0.0029294263256078937,37.07813686175962,-95.68165835359062,1.1463324435606552,0.0,0.029894336592502242,56.11204976426841,-106.31206834855232,0.0,0.16870368963924143,-25.26615055989348,133.73148303458015,6.146655403327172,0.1357139007958177,-25.266150559893482,133.73148303458018,0.0,51.14899481708672,10.448115499987036,0.0,0.0,56.11204976426841,-106.31206834855232,0.03804463016245274,0.1759746242510023,-25.266150559893486,133.73148303458015,0.0,-25.266150559893482,133.73148303458015,0.0,37.078136861759624,-95.68165835359062,2.000400549563216,0.0,37.078136861759624,-95.68165835359062,0.9996736840138974,0.0,0.0010995777649800116,37.078136861759624,-95.68165835359063,1.0131648891296574,0.0020839114987663545,37.078136861759624,-95.68165835359062,0.9996736840138974,0.0,37.078136861759624,-95.68165835359063,1.0351426113948707,0.0,0.0,37.078136861759624,-95.68165835359062,0.9996736840138974,0.0,0.0,37.078136861759624,-95.6816583535906,0.0,37.078136861759624,-95.68165835359062,1.999347368027795,0.0,0.0,56.11204976426841,-106.31206834855229,0.9996736840138974,0.0,56.11204976426841,-106.31206834855233,0.0,37.078136861759624,-95.68165835359063,0.9996736840138974,0.0,0.0009531538908629732,0.0,0.0,60.98009472484777,0.0,0.0,0.0,0.0,37.078136861759624,-95.68165835359062,0.0,37.078136861759624,-95.68165835359062,0.9996736840138974,0.0,0.0,37.078136861759624,-95.68165835359062,0.9996736840138974,0.0,0.0,0.0,0.0,0.0,0.0,37.078136861759624,-95.68165835359062,1.0008096572571579,0.0,0.0,37.078136861759624,-95.68165835359062,10.996410524152875,0.0,0.0,37.078136861759624,-95.68165835359062,4.998368420069489,0.0,0.0,37.078136861759624,-95.68165835359062,1.999347368027795,0.0,0.0,37.078136861759624,-95.68165835359062,0.0,0.0,37.078136861759624,-95.68165835359062,0.0,0.0,37.078136861759624,-95.68165835359062,0.0,0.0,37.07813686175962,-95.68165835359065,36.01300795121669,0.0,0.0,-1.3035563535350914e+39,-4.2216021094759426e+39,1.442803261149571e+39,-5.040077161743334e+39,5.959106597839337e+36,3.8057648836897475e+37,6.7109256680802105e+37,-1.0402447356358225e+39,-1.173872084788535e+38,-1.9040648005163587e+39,-6.206866108834415e+30,-2.4385574347707546e+30,-6.5410945618666165,0.15883178162667733,23.011191640079705,-4.4265313314500335e+48,1.1109896022252656e+51,-2.801525941012487e+46,5.1109615888464485e+50,-6.5875622992785806e+41,-1.1263318807610533e+42,0.6690096779296273,0.33581239299947596,171.521012343019,109.20437032652163,3.546121454890641,0.2283239408408673,221.40022010079318,32.23891124413466,1.1105001912053296,1.7885375179388672,114.06566151570843,65.49678829175365,326.77876879903994,1.0603679119557456,32.480558522448675,89.67403756400796,15.719939015596218,142.297827754281,222.99345309353606,62.273120580812304,4.774548414742226,1.9206304447251887,42.783782721824565,0.768183857486232,40.0693021289668,1.2557012587669252,167.50660891547233,214.02989265234729,1.8944023914968608,209.03178850513117,0.3916694945419899,510.8817722799995,1.1541580829814053,81.907473084927,175.03703257243478,344.05364389330924,15.390380684457448,30.761394276264298,73.43245330215682,5.129831543094282,15.444654652142592,37.132336191950486,0.31852079735344746,55.4247808361071,50.66991318977294,2.1727916357098063,79.89116482433968,1.1052974859206992,187.17891703817327,50.48461990345154,281.2863147049832,107.56836026642839,77.64323179840724,0.5025843564770398,145.04333140370792,0.6725387154170662,1.8268945566252746,14.301879962962888,0.24815007147441842,0.1098921892895213,0.4998368420069487,2.1014765586981783,1.0007268655493171,0.5008787977563319,0.4998368420069487,0.9996736840138974,2.4991842100347443,0.9996736840138974,5.4982052620764374,1.1028388476847935,3.9989711170274984,3.3519570974607666,100.84203418764083,31.353648130366278,1.5029361638335554,4.49853157806254,38.185583033075126,0.2801497735428088,23628.12303897912,799.3568084190571,4627.454655531867,532.5665741364799,160.42790981510177,5.86846410073315,69.5749177547265,1.02493200791699,18.12140214672909,28.323999975911008,109.50736810766855,33.16307767536389,0.8386313526556541,0.7512421676096546,20.24499156211477,51.95022368135678,28.261925223818622,114.1098068348326,14.420301596421604,0.26561389489518905,1.099059325199937,36.454950167616815,12.582077570328677,18.94090390936237,27.19957646124309,109.65272828828863,7.312017179511914,1.2432991034241996,81.33417427421871,23.69376856301741,5.226414384892516,12.033109159426543,3.4433204671589808,0.5998042104083383,0.19993473680277948,3.4046421802366837,5.3045375204301815,3.945100902036825,1.6683162912367828,1.6994818727491954,2.583671464352178,1.348132109962012,380.66465312451953,0.47487245065703565,1.6672847734215692,0.3338055447038359
2020-03-09 20:00:00,0.11696092213581963,35.849967528667136,104.16142473846945,35.84996752866714,104.16142473846945,35.84996752866714,104.16142473846946,35.84996752866713,104.16142473846944,35.84996752866713,104.16142473846946,35.849967528667136,104.16142473846945,35.849967528667136,104.16142473846945,35.84996752866714,104.16142473846945,35.849967528667136,104.16142473846946,0.0,35.84996752866714,104.16142473846944,35.84996752866715,104.16142473846944,35.849967528667136,104.16142473846945,35.84996752866714,104.16142473846944,35.84996752866714,104.16142473846945,35.849967528667136,104.16142473846946,35.849967528667136,104.16142473846946,35.849967528667136,104.16142473846944,35.849967528667136,104.16142473846944,35.84996752866715,104.16142473846944,0.0,35.849967528667136,104.16142473846945,35.849967528667136,104.16142473846945,0.0,35.84996752866714,104.16142473846944,0.0,35.84996752866714,104.16142473846945,0.005270832800788151,35.84996752866714,104.16142473846944,0.0,35.84996752866714,104.16142473846944,0.0,37.078146957794786,-95.6816844068249,0.9947334724167867,0.0038168740078633467,0.0005984044487118666,37.078146957794786,-95.6816844068249,0.9996739562158342,0.0,0.0,37.078146957794786,-95.6816844068249,0.0,0.006233132403741078,37.07814695779478,-95.6816844068249,2.237668444038019,0.0023507725058291573,0.00423013260299971,37.07814695779477,-95.68168440682491,1.1560250170236273,0.0,0.03183679709030554,56.11206504306274,-106.31209729634935,0.0,0.16884808615859018,-25.26615743963356,133.73151944843124,6.189320336599948,0.1366792422318695,-25.266157439633567,133.73151944843127,0.0,51.1490087444869,10.448118344912654,0.0,0.0,56.11206504306274,-106.31209729634934,0.03916702765773546,0.18030663802299135,-25.26615743963357,133.73151944843121,0.0,-25.266157439633567,133.73151944843124,0.0,37.078146957794786,-95.68168440682491,2.000401079899478,0.0,37.078146957794786,-95.6816844068249,0.9996739562158342,0.0,0.0010995304047448744,37.078146957794786,-95.68168440682493,1.0131652414129042,0.0020839132141270847,37.078146957794786,-95.6816844068249,0.9996739562158342,0.0,37.078146957794786,-95.68168440682493,1.0350616090538918,0.0,0.0,37.078146957794786,-95.6816844068249,0.9996739562158342,0.0,0.0,37.078146957794786,-95.6816844068249,0.0,37.078146957794786,-95.6816844068249,1.9993479124316684,0.0,0.0,56.112065043062735,-106.31209729634931,0.9996739562158342,0.0,56.11206504306274,-106.31209729634935,0.0,37.078146957794786,-95.68168440682493,0.9996739562158342,0.0,0.0009533235644094955,0.0,0.0,60.9801113291659,0.0,0.0,0.0,0.0,37.078146957794786,-95.68168440682491,0.0,37.078146957794786,-95.6816844068249,0.9996739562158342,0.0,0.0,37.078146957794786,-95.6816844068249,0.9996739562158342,0.0,0.0,0.0,0.0,0.0,0.0,37.078146957794786,-95.6816844068249,1.0008098777671246,0.0,0.0,37.078146957794786,-95.6816844068249,10.996413518374178,0.0,0.0,37.078146957794786,-95.6816844068249,4.998369781079171,0.0,0.0,37.078146957794786,-95.6816844068249,1.9993479124316684,0.0,0.0,37.078146957794786,-95.6816844068249,0.0,0.0,37.078146957794786,-95.6816844068249,0.0,0.0,37.078146957794786,-95.6816844068249,0.0,0.0,37.07814695779478,-95.68168440682493,36.01301757884249,0.0,0.0,-1.3174858080129831e+39,-4.266713020291764e+39,1.4577120832946613e+39,-5.0921574529551087e+39,5.968620038541214e+36,3.8118406129877463e+37,6.756796550899309e+37,-1.0473550728279735e+39,-1.187785968521321e+38,-1.9266336447689544e+39,-6.277311584337957e+30,-2.46623409719958e+30,-6.541094402630551,0.15854037323375042,23.01120233884533,-4.4738320611109995e+48,1.1224697165489734e+51,-2.8059984488417943e+46,5.145896310482519e+50,-6.66232852597733e+41,-1.1346446345807705e+42,0.6690020201484337,0.335812959091038,171.5211879699491,109.1543167707476,3.430313086622041,0.2300242996485612,221.54408615267815,32.325299201036394,1.1117378637631743,1.788398871967424,114.03703543364047,65.35116649704769,326.74529158859093,1.059983039923938,32.48084708183058,89.67201286008024,15.687203209037767,142.27824767005535,222.88672384396926,62.13128927450828,4.772347418300125,1.9202555061621664,42.775602667354775,0.7673926561886204,40.07381942554636,1.2594807701008313,168.11100409021725,213.7269952287798,1.898560628200599,209.12368625547495,0.3920646838973379,510.8660866276419,1.1533810103924678,81.90734769377747,175.06059529615735,344.01815824803674,15.386636386537281,30.72412447881971,73.54605508969334,5.126574841176159,15.311863510371857,37.13108834044402,0.3184343408462698,55.38204631989805,50.86108391619101,2.1749615247630025,80.16987434805853,1.1078378821548367,187.90209626983403,50.66764852900659,281.1778731837813,107.56837555268821,77.68973560916353,0.5017104497793469,145.0865971672883,0.6730755375204097,1.826785758092724,14.515027633113807,0.24816871086965922,0.1098931361510688,0.4998369781079171,2.102985776798017,1.0007271236836424,0.5008789347149806,0.4998369781079171,0.9996739562158342,2.4991848905395857,0.9996739562158342,5.498206759187089,1.107733395554847,3.998972148205903,3.354866709471083,100.84205823794835,31.35365666767588,1.5106842847662874,4.498532802971255,38.185593430657676,0.291182963826075,23594.411023745604,797.6922666379435,4597.26511616085,532.8280232456056,160.93234983427212,5.868817952389525,69.55481366424651,1.0243338412491974,18.121395663673706,28.328901245936546,109.45859206834092,32.99078882330862,0.8340287459342889,0.7520916768566073,20.327630550653126,51.87811242578477,28.248325322882717,114.0251845450534,14.406245142903737,0.2652439523415172,1.0934395758559863,36.45661778909215,12.58463646148716,18.89677096704781,27.18114259582662,109.57872114183094,7.31381476018235,1.2491538888758433,81.23929907193616,23.505320552068216,5.234938133526582,12.033112435931336,3.443321404743429,0.5998043737295004,0.19993479124316682,3.4181672491047626,5.33632143880326,3.965271466517154,1.6682715552832819,1.6994933001525894,2.564017820796557,1.346854517002189,380.6648939956778,0.47487521417897505,1.667285824952956,0.33380593436856093
2020-03-09 21:00:00,0.11683878808188977,35.849973314142986,104.1614415480637,35.84997331414301,104.1614415480637,35.84997331414299,104.16144154806372,35.849973314142986,104.16144154806369,35.849973314142986,104.1614415480637,35.84997331414299,104.1614415480637,35.84997331414299,104.16144154806369,35.84997331414299,104.1614415480637,35.84997331414299,104.1614415480637,0.0,35.849973314143,104.16144154806369,35.849973314143,104.16144154806368,35.84997331414299,104.1614415480637,35.849973314143,104.16144154806369,35.849973314143,104.1614415480637,35.84997331414299,104.1614415480637,35.849973314143,104.16144154806369,35.849973314142986,104.16144154806369,35.84997331414299,104.16144154806369,35.84997331414301,104.16144154806369,0.0,35.84997331414299,104.1614415480637,35.84997331414299,104.16144154806369,0.0,35.849973314143,104.16144154806369,0.0,35.849973314143,104.1614415480637,0.005441927485934169,35.849973314143,104.16144154806369,0.0,35.849973314143,104.16144154806369,0.0,37.07815294147452,-95.68169984795674,1.1179860108445254,0.014521906945536678,0.0010687186898702718,37.07815294147452,-95.68169984795674,0.9996741175434429,0.0,0.0,37.078152941474514,-95.68169984795674,0.0,0.007996357733036127,37.07815294147451,-95.68169984795674,2.344770047677991,0.0038474224660912104,0.005748865031844644,37.07815294147451,-95.68169984795675,1.1647817344996283,0.0,0.03359119885538786,56.112074098440466,-106.31211445301962,0.0,0.16823888832158707,-25.266161517091756,133.73154103005407,6.224660664972713,0.13692850107661322,-25.26616151709176,133.73154103005407,0.0,51.14901699892548,10.448120031032353,0.0,0.0,56.112074098440466,-106.31211445301962,0.03998693883218124,0.183465266774813,-25.266161517091763,133.73154103005405,0.0,-25.26616151709176,133.73154103005407,0.0,37.078152941474514,-95.68169984795675,2.000401379272352,0.0,37.07815294147452,-95.68169984795675,0.9996741175434429,0.0,0.0010994758184456155,37.07815294147452,-95.68169984795676,1.0131653566151944,0.0020838958212923385,37.07815294147452,-95.68169984795674,0.9996741175434429,0.0,37.078152941474514,-95.68169984795676,1.0350040934666458,0.0,0.0,37.07815294147452,-95.68169984795674,0.9996741175434429,0.0,0.0,37.07815294147452,-95.68169984795674,0.0,37.07815294147452,-95.68169984795674,1.9993482350868859,0.0,0.0,56.112074098440466,-106.31211445301959,0.9996741175434429,0.0,56.11207409844047,-106.31211445301963,0.0,37.07815294147452,-95.68169984795676,0.9996741175434429,0.0,0.0009534824142649586,0.0,0.0,60.980121170150035,0.0,0.0,0.0,0.0,37.07815294147452,-95.68169984795675,0.0,37.07815294147452,-95.68169984795674,0.9996741175434429,0.0,0.0,37.07815294147452,-95.68169984795674,0.9996741175434429,0.0,0.0,0.0,0.0,0.0,0.0,37.07815294147452,-95.68169984795674,1.0008099817551708,0.0,0.0,37.07815294147452,-95.68169984795674,10.996415292977874,0.0,0.0,37.07815294147452,-95.68169984795674,4.998370587717216,0.0,0.0,37.07815294147452,-95.68169984795674,1.9993482350868859,0.0,0.0,37.07815294147452,-95.68169984795674,0.0,0.0,37.07815294147452,-95.68169984795674,0.0,0.0,37.07815294147452,-95.68169984795674,0.0,0.0,37.07815294147451,-95.68169984795678,36.013023037558945,0.0,0.0,-1.3304062215329928e+39,-4.3085561249825827e+39,1.4713795341375124e+39,-5.1399013198475357e+39,5.959904415725159e+36,3.806274407599691e+37,6.790947313475498e+37,-1.052648701865892e+39,-1.2011252488036156e+38,-1.9482704605505533e+39,-6.342250161596001e+30,-2.4917472060050954e+30,-6.5410932950516685,0.15841105296366867,23.01121146453655,-4.517706355541384e+48,1.1329939482194981e+51,-2.801901015273461e+46,5.171905127207601e+50,-6.731250090549879e+41,-1.1410100709289628e+42,0.6689962795060538,0.3358134664056649,171.52135437530035,109.189931349228,3.3209869587153245,0.23165907803266048,221.67705955766004,32.3827108681187,1.1133359587807325,1.788290295644549,114.01465495575934,65.30010794496013,326.7414675311593,1.0599380341262337,32.481155432160996,89.6704288192908,15.668692146809972,142.26406668835418,222.66240511339225,61.81996225902716,4.770640343575453,1.9198000249814826,42.76563971131106,0.7666016749096379,40.07981953122799,1.2652447512864649,169.04515745060064,213.61128240224872,1.9023957921513843,209.2410078104071,0.3924315138239626,510.8537870454007,1.1530326045678463,81.94957051889693,175.1066338782842,344.0304819462518,15.383717502321327,30.697258944705233,73.65526967143983,5.11973095762304,15.163981210743433,37.130117595002254,0.3183672625022927,55.33948229658371,51.03751686337036,2.1766496293816444,80.38884712400166,1.1112314456397208,188.85989972020445,50.90134870304114,281.12925904591617,107.568375815553,77.73261879847882,0.5007371694502721,145.1147772564663,0.6734252013875532,1.8267008320491915,14.719943661791776,0.24818699617818418,0.10989414095281705,0.49983705877172147,2.104118283549419,1.000727261728908,0.5008790066823676,0.49983705877172147,0.9996741175434429,2.499185293858608,0.9996741175434429,5.498207646488937,1.1114132612598002,3.99897274789729,3.3520153819360385,100.84207071236146,31.35366172753608,1.5196983714170649,4.498533528945494,38.18559959305737,0.30343674362850254,23560.767999973756,796.032900285034,4567.294903466142,533.0706853601449,161.40066180587021,5.869509212706038,69.54289689561517,1.0239792724770038,18.121380336377126,28.331669961572256,109.40268185499264,32.82782612175368,0.8296643551048799,0.7528751062065753,20.403803493424316,51.797799772544145,28.230987974086695,113.92905969168937,14.400081635373219,0.26505833029898146,1.091518865311888,36.45871243345068,12.587858650273041,18.852611397919414,27.159761608301174,109.4927750965913,7.315907055955076,1.2559721170030789,81.14548617974695,23.319279900108395,5.246256700463918,12.03311437783774,3.443321960427415,0.5998044705260657,0.19993482350868858,3.429752060253251,5.360168595388566,3.9876445665034845,1.6682376879304943,1.6995042844775887,2.5470979856264697,1.3457544485833621,380.66508479613776,0.47487779756198506,1.66728668595067,0.33380628420361363
2020-03-09 22:00:00,0.11675975508381102,35.849975191595455,104.16144700296748,35.84997519159547,104.16144700296748,35.84997519159546,104.1614470029675,35.849975191595455,104.16144700296746,35.84997519159545,104.16144700296748,35.849975191595455,104.16144700296748,35.84997519159546,104.16144700296748,35.84997519159546,104.16144700296748,35.849975191595455,104.16144700296749,0.0,35.84997519159546,104.16144700296746,35.84997519159547,104.16144700296746,35.849975191595455,104.16144700296748,35.84997519159547,104.16144700296748,35.84997519159546,104.16144700296749,35.849975191595455,104.16144700296748,35.84997519159547,104.16144700296748,35.849975191595455,104.16144700296748,35.849975191595455,104.16144700296748,35.849975191595476,104.16144700296746,0.0,35.84997519159546,104.16144700296749,35.849975191595455,104.16144700296746,0.0,35.84997519159546,104.16144700296748,0.0,35.84997519159547,104.16144700296749,0.0056605094846073735,35.84997519159546,104.16144700296746,0.0,35.84997519159546,104.16144700296746,0.0,37.07815488324638,-95.68170485877897,1.2646591177740767,0.027249480080618782,0.0016267090172001515,37.07815488324638,-95.68170485877897,0.9996741698960797,0.0,0.0,37.07815488324638,-95.68170485877897,0.0,0.010019001516568288,37.07815488324637,-95.68170485877897,2.4689171211075793,0.005584657856919986,0.007507238737817411,37.07815488324637,-95.68170485877899,1.17236803236173,0.0,0.035110373850877855,56.11207703701313,-106.3121200205535,0.0,0.16705530824468356,-25.266162840273136,133.73154803353518,6.253863578906187,0.13654017901423604,-25.266162840273136,133.7315480335352,0.0,51.14901967758433,10.4481205781973,0.0,0.0,56.11207703701314,-106.3121200205535,0.040494315989264444,0.18540486597263206,-25.26616284027314,133.73154803353515,0.0,-25.26616284027314,133.73154803353518,0.0,37.07815488324638,-95.68170485877899,2.000401451664517,0.0,37.07815488324638,-95.68170485877899,0.9996741698960797,0.0,0.0010994141767445946,37.07815488324638,-95.681704858779,1.0131652389573855,0.0020838596793093843,37.07815488324638,-95.68170485877897,0.9996741698960797,0.0,37.07815488324638,-95.681704858779,1.0349649490814752,0.0,0.0,37.07815488324638,-95.68170485877897,0.9996741698960797,0.0,0.0,37.078154883246384,-95.68170485877897,0.0,37.07815488324638,-95.68170485877897,1.9993483397921594,0.0,0.0,56.11207703701313,-106.31212002055346,0.9996741698960797,0.0,56.11207703701314,-106.31212002055351,0.0,37.07815488324638,-95.681704858779,0.9996741698960797,0.0,0.0009536305213603134,0.0,0.0,60.98012436366088,0.0,0.0,0.0,0.0,37.07815488324638,-95.68170485877899,0.0,37.07815488324638,-95.68170485877897,0.9996741698960797,0.0,0.0,37.07815488324638,-95.68170485877897,0.9996741698960797,0.0,0.0,0.0,0.0,0.0,0.0,37.07815488324638,-95.68170485877897,1.0008099712646914,0.0,0.0,37.07815488324638,-95.68170485877897,10.996415868856879,0.0,0.0,37.07815488324638,-95.68170485877897,4.998370849480399,0.0,0.0,37.07815488324638,-95.68170485877897,1.9993483397921594,0.0,0.0,37.07815488324638,-95.68170485877897,0.0,0.0,37.07815488324638,-95.68170485877897,0.0,0.0,37.07815488324638,-95.68170485877897,0.0,0.0,37.07815488324637,-95.681704858779,36.013024399225245,0.0,0.0,-1.3420166407544519e+39,-4.346156778106863e+39,1.483442796059837e+39,-5.1820413486013327e+39,5.92841877521017e+36,3.786166201269591e+37,6.810289132934727e+37,-1.0556468316121052e+39,-1.2137000918322633e+38,-1.968667330271818e+39,-6.399987094845356e+30,-2.5144309284130348e+30,-6.541091257178215,0.15845450885629228,23.011219039311104,-4.5571322570880984e+48,1.1422829198523658e+51,-2.7870988234979193e+46,5.186635628066011e+50,-6.79252830053217e+41,-1.1449112868990096e+42,0.668993021783022,0.33581391564309887,171.52150783329228,109.30615901209424,3.2206472381865137,0.2331877174820299,221.78994442064476,32.402043094707594,1.1152269061836344,1.788205754910515,113.99727289673064,65.34444327653897,326.76648736095325,1.0602235773099986,32.48147502971146,89.66919397111205,15.666584830669793,142.25488347016898,222.3228225706928,61.342434789423166,4.769328588140061,1.9192496820936875,42.75356870856352,0.7658679221317845,40.087480459332326,1.2727398467418034,170.26666009541677,213.69476576336768,1.9056358451991335,209.37892341945036,0.39274216310549886,510.84418779438073,1.1531176842996644,82.03249096103055,175.17689294634937,344.0878786847793,15.381455962045122,30.68004282630247,73.7573878081786,5.109370781249715,15.004878515419856,37.12936786866022,0.3183156872774652,55.300266439187894,51.18729597736735,2.1777452482760298,80.5349195296041,1.115367980263125,190.02198198948486,51.17611429779582,281.141145205572,107.56836132751589,77.76883583375647,0.49968999235360284,145.12302300508122,0.6735275103851973,1.8266348970471404,14.911548404927874,0.24820492057459187,0.10989517492332103,0.49983708494803986,2.1049267527019255,1.0007272817684367,0.5008790147876946,0.49983708494803986,0.9996741698960797,2.4991854247401997,0.9996741698960797,5.498207934428439,1.114050967624762,3.998972923516311,3.3448568275698256,100.84207181234935,31.353663369518035,1.5300872202903033,4.49853376453236,38.18560159282588,0.3168733159435836,23529.448754953108,794.4918761399009,4539.7026031818195,533.2761603057144,161.79785874732542,5.8705640486276875,69.5404455217293,1.0239063081304907,18.12135633571431,28.331830259563407,109.33871209634945,32.67784427139178,0.8256331517094396,0.7535368081654233,20.468740290027068,51.71138807274373,28.20965621738054,113.82016124756203,14.401873456763246,0.26505801855114247,1.0933389928381676,36.461332859707426,12.591896329374833,18.81162806866879,27.135148267128695,109.39372348494591,7.318323702874082,1.2638503725202925,81.05559332159226,23.141402333992374,5.260706699630457,12.033115008008366,3.443322140753164,0.5998045019376478,0.19993483397921594,3.4397401251808066,5.375819075759853,4.012156566585835,1.6682178023183662,1.699514825801173,2.5326390242878225,1.3448141714068338,380.6652262983894,0.47488020220865035,1.667287359255183,0.33380659467955165
2020-03-09 23:00:00,0.11672151730095073,35.84997324595155,104.16144134993472,35.84997324595157,104.1614413499347,35.84997324595155,104.16144134993473,35.849973245951546,104.16144134993469,35.84997324595154,104.1614413499347,35.84997324595155,104.16144134993472,35.84997324595155,104.1614413499347,35.84997324595155,104.1614413499347,35.849973245951546,104.16144134993472,0.0,35.84997324595155,104.1614413499347,35.84997324595156,104.16144134993469,35.849973245951546,104.1614413499347,35.84997324595156,104.1614413499347,35.84997324595155,104.16144134993472,35.849973245951546,104.1614413499347,35.84997324595156,104.1614413499347,35.84997324595155,104.1614413499347,35.849973245951546,104.1614413499347,35.84997324595156,104.1614413499347,0.0,35.849973245951546,104.16144134993472,35.849973245951546,104.16144134993469,0.0,35.84997324595155,104.1614413499347,0.0,35.84997324595156,104.16144134993472,0.005932749228206295,35.84997324595155,104.1614413499347,0.0,35.84997324595155,104.1614413499347,0.0,37.07815287094691,-95.68169966595735,1.4377239667204158,0.04225572719945814,0.002283433019494102,37.07815287094691,-95.68169966595735,0.9996741156419291,0.0,0.0,37.0781528709469,-95.68169966595735,0.0,0.01231870412221308,37.078152870946894,-95.68169966595735,2.6115566084254214,0.007583013264481991,0.009525498405622612,37.0781528709469,-95.68169966595737,1.178572619213638,0.0,0.036351742613254474,56.11207399170779,-106.31211425079977,0.0,0.1654962862517714,-25.266161469032138,133.7315407756788,6.278300703012003,0.13561157026820536,-25.266161469032138,133.7315407756788,0.0,51.14901690163322,10.448120011158633,0.0,0.0,56.112073991707796,-106.31211425079977,0.04069123622486622,0.18612902576236065,-25.26616146903214,133.73154077567878,0.0,-25.26616146903214,133.7315407756788,0.0,37.07815287094691,-95.68169966595737,2.0004013020362903,0.0,37.07815287094691,-95.68169966595737,0.9996741156419291,0.0,0.001099345682823384,37.07815287094691,-95.68169966595738,1.013164893667993,0.0020838052291406485,37.07815287094691,-95.68169966595735,0.9996741156419291,0.0,37.07815287094691,-95.68169966595738,1.03494011708026,0.0,0.0,37.07815287094691,-95.68169966595735,0.9996741156419291,0.0,0.0,37.07815287094691,-95.68169966595735,0.0,37.07815287094691,-95.68169966595735,1.9993482312838582,0.0,0.0,56.112073991707796,-106.31211425079972,0.9996741156419291,0.0,56.1120739917078,-106.31211425079977,0.0,37.07815287094691,-95.68169966595738,0.9996741156419291,0.0,0.0009537680076449977,0.0,0.0,60.98012105415769,0.0,0.0,0.0,0.0,37.07815287094691,-95.68169966595737,0.0,37.07815287094691,-95.68169966595735,0.9996741156419291,0.0,0.0,37.07815287094691,-95.68169966595735,0.9996741156419291,0.0,0.0,0.0,0.0,0.0,0.0,37.07815287094691,-95.68169966595735,1.0008098488337933,0.0,0.0,37.07815287094691,-95.68169966595735,10.99641527206122,0.0,0.0,37.07815287094691,-95.68169966595735,4.998370578209646,0.0,0.0,37.07815287094691,-95.68169966595735,1.9993482312838582,0.0,0.0,37.07815287094691,-95.68169966595735,0.0,0.0,37.07815287094691,-95.68169966595735,0.0,0.0,37.07815287094691,-95.68169966595735,0.0,0.0,37.0781528709469,-95.68169966595738,36.01302175334917,0.0,0.0,-1.351935235094014e+39,-4.3782784111098035e+39,1.4934431139664292e+39,-5.216974991495246e+39,5.868615569525015e+36,3.7479730700691636e+37,6.810998741076791e+37,-1.0557568262940105e+39,-1.2252657674908326e+38,-1.9874272924525674e+39,-6.448389012894843e+30,-2.5334471042169262e+30,-6.54108831114739,0.15867133094834712,23.01122509180357,-4.5908131704517247e+48,1.1499833801384886e+51,-2.7589838318742674e+46,5.18717605723131e+50,-6.8438989350786044e+41,-1.1457092371447595e+42,0.6689929588779592,0.33581430773794774,171.5216456710302,109.49171562340338,3.131559177715318,0.2345698278247745,221.87478844733508,32.37585199745933,1.1173296251796878,1.7881403252306136,113.98387113423382,65.48007070456077,326.8151137671778,1.0607796102402025,32.48179938560921,89.66823413842914,15.681614253996601,142.2504301971837,221.87304798998625,60.705940169131374,4.768331684576745,1.9185885614507654,42.73903023202741,0.7652443226102366,40.0970189036196,1.2816634384706085,171.72516960302988,213.97781329714314,1.908045126977052,209.5316468439727,0.3929725548661431,510.8367294788149,1.1536186832736246,82.14798682158458,175.27400586831266,344.1841439099336,15.379715340837055,30.671978868801684,73.84971153283568,5.095648960442398,14.83842826450232,37.128793422306465,0.3182764531222252,55.267345424369026,51.3001232640295,2.178178603571271,80.5998826410725,1.1201186549801943,191.3528403837662,51.480435928340256,281.2110797369778,107.56833242514828,77.79574846845371,0.4985944092379174,145.10736223264337,0.6733331486131854,1.826583991615646,15.084782740666885,0.2482224781800702,0.10989621629932053,0.49983705782096455,2.105473593575857,1.0007271863943605,0.5008789604355349,0.49983705782096455,0.9996741156419291,2.499185289104823,0.9996741156419291,5.49820763603061,1.1158476596759446,3.998972684303901,3.334999418172916,100.84206178846814,31.35366166789722,1.5419473668985495,4.498533520388682,38.18559952042325,0.33141900241797845,23502.606866121405,793.1772399106068,4516.5465630734125,533.4285245082331,162.09368205999954,5.872021985080399,69.54790118548975,1.0241280797259429,18.121323870594882,28.328920544360994,109.26566906722407,32.54414384696192,0.8220206600808802,0.754028576623355,20.518332481300682,51.620980828168385,28.184099757518187,113.6972964630951,14.41162287185989,0.26524259930610156,1.0989132328462154,36.46459697177031,12.596931190260735,18.77679404988565,27.107038727411606,109.28048141026451,7.321092621229478,1.2728796352587555,80.97224883904705,22.976987015961928,5.278697304820148,12.033114354949145,3.443321953877756,0.5998044693851573,0.1999348231283858,3.448519250647766,5.3833613825505875,4.03867795183607,1.6682158153634867,1.6995249257437786,2.520370108562442,1.3440160895900388,380.6653194831226,0.4748824302118396,1.6672878484941558,0.3338068664261134
2020-03-10 00:00:00,0.1167229350100627,35.849967583608226,104.16142489809978,35.84996758360824,104.16142489809978,35.849967583608226,104.1614248980998,35.84996758360822,104.16142489809975,35.84996758360821,104.16142489809978,35.84996758360823,104.16142489809978,35.849967583608226,104.16142489809978,35.849967583608226,104.16142489809978,35.849967583608226,104.16142489809978,0.0,35.84996758360823,104.16142489809977,35.84996758360823,104.16142489809977,35.849967583608226,104.16142489809978,35.84996758360823,104.16142489809977,35.849967583608226,104.16142489809978,35.84996758360822,104.16142489809977,35.84996758360823,104.16142489809977,35.849967583608226,104.16142489809978,35.84996758360822,104.16142489809977,35.84996758360824,104.16142489809977,0.0,35.849967583608226,104.1614248980998,35.849967583608226,104.16142489809975,0.0,35.84996758360823,104.16142489809977,0.0,35.84996758360823,104.16142489809978,0.006265879421270817,35.849967583608226,104.16142489809977,0.0,35.849967583608226,104.16142489809977,0.0,37.07814701461809,-95.68168455345977,1.6402085370116293,0.059801482687047214,0.0030501311460134177,37.07814701461809,-95.68168455345977,0.9996739577478626,0.0,0.0,37.078147014618075,-95.68168455345977,0.0,0.014909335806099107,37.07814701461808,-95.68168455345977,2.7739627873303974,0.009860634031784513,0.011821419704889119,37.07814701461808,-95.68168455345979,1.1832188797095846,0.0,0.037279579665930936,56.112065129056056,-106.31209745927563,0.0,0.163768774350394,-25.26615747835466,133.7315196533786,6.2994039293453,0.134251299825783,-25.26615747835466,133.7315196533786,0.0,51.1490088228742,10.448118360924692,0.0,0.0,56.112065129056056,-106.31209745927563,0.040592221652399556,0.18569167224447233,-25.266157478354664,133.73151965337857,0.0,-25.266157478354668,133.7315196533786,0.0,37.07814701461809,-95.6816845534598,2.00040093659652,0.0,37.07814701461809,-95.68168455345979,0.9996739577478626,0.0,0.0010992705815731332,37.07814701461809,-95.6816845534598,1.0131643272629354,0.0020837330164788642,37.07814701461809,-95.68168455345977,0.9996739577478626,0.0,37.07814701461809,-95.68168455345982,1.0349263890008211,0.0,0.0,37.07814701461809,-95.68168455345977,0.9996739577478626,0.0,0.0,37.0781470146181,-95.68168455345977,0.0,37.07814701461809,-95.68168455345977,1.9993479154957252,0.0,0.0,56.11206512905606,-106.3120974592756,0.9996739577478626,0.0,56.11206512905606,-106.31209745927563,0.0,37.07814701461809,-95.6816845534598,0.9996739577478626,0.0,0.0009538950470441556,0.0,0.0,60.980111422619636,0.0,0.0,0.0,0.0,37.07814701461809,-95.6816845534598,0.0,37.07814701461809,-95.68168455345977,0.9996739577478626,0.0,0.0,37.07814701461809,-95.68168455345977,0.9996739577478626,0.0,0.0,0.0,0.0,0.0,0.0,37.07814701461809,-95.68168455345977,1.0008096176325099,0.0,0.0,37.07814701461809,-95.68168455345977,10.99641353522649,0.0,0.0,37.07814701461809,-95.68168455345977,4.998369788739313,0.0,0.0,37.07814701461809,-95.68168455345977,1.9993479154957252,0.0,0.0,37.07814701461809,-95.68168455345977,0.0,0.0,37.07814701461809,-95.68168455345977,0.0,0.0,37.07814701461809,-95.68168455345977,0.0,0.0,37.07814701461808,-95.68168455345982,36.01301521197719,0.0,0.0,-1.3596794561399943e+39,-4.4033582780563394e+39,1.5008026706539667e+39,-5.242683786713718e+39,5.773751750297256e+36,3.687388587140035e+37,6.788364739408171e+37,-1.0522483831601284e+39,-1.2355081496103747e+38,-2.0040408225977738e+39,-6.484781290722247e+30,-2.547744925066966e+30,-6.5410844843249345,0.15905200450523663,23.01122965890383,-4.6171104893246466e+48,1.1556503973798593e+51,-2.7143859637095245e+46,5.169938269353466e+50,-6.8825233218781015e+41,-1.1426173355207398e+42,0.6689969828623856,0.33581464392352695,171.52176608107095,109.72962724124956,3.055709282745778,0.2357669144466506,221.92544173234342,32.29880806115232,1.119554226583093,1.7880900110610929,113.97362327292805,65.6980710315234,326.87804546946103,1.0614995011744481,32.48212362423269,89.66748952990349,15.713022610927418,142.250574724275,221.32078336244493,59.92149187072734,4.767584328140967,1.9177992062152387,42.72163153348114,0.7647761900513119,40.10868887188965,1.2916713440177174,173.36365727444618,214.44914500627425,1.9094408168739518,209.6927696222432,0.39310398030028504,510.830958551787,1.1544961708388848,82.28201599534336,175.40152369428012,344.3099038658772,15.378385505519232,30.67283183633873,73.92966953780372,5.0788003658354235,14.668349228100283,37.12835717650985,0.3182469941807792,55.243237940689845,51.368041725965625,2.1779259121743393,80.58108684188252,1.125340157791198,192.81296104204998,51.80156624749554,281.33355858785393,107.56828952689773,77.81131005159466,0.4974748970837374,145.06494138779706,0.6728066868841265,1.826544918847715,15.234824611041894,0.24823966427091448,0.10989724883985591,0.4998369788739313,2.105825522324953,1.0007269788486561,0.5008788453821709,0.4998369788739313,0.9996739577478626,2.4991848943696566,0.9996739577478626,5.498206767613245,1.1170165014246476,3.998972041833217,3.324111181170523,100.84204095396956,31.35365671572625,1.5553566266494157,4.498532809865383,38.185593489178174,0.3469591259230329,23482.167694140608,792.1855483865716,4499.663597292889,533.5154049491359,162.2646454511609,5.873936338821008,69.56484304261859,1.0246320687178831,18.12128319855082,28.32250267736744,109.18247109599778,32.429613363476044,0.8189014463938684,0.7543130143660007,20.549422669197185,51.528597891517364,28.15412853602916,113.55941911585978,14.429269860805821,0.2656102223503546,1.1082247958668572,36.46864447590637,12.603178515006645,18.750654891478543,27.075206206275222,109.15210789126199,7.324238562031596,1.2831405380011143,80.8977951871844,22.830762655676647,5.3007077088178916,12.033112454372421,3.443321410020416,0.5998043746487175,0.19993479154957253,3.456486776102102,5.383240113899078,4.067004193685879,1.6682366350413356,1.6995345878670363,2.5100298883274905,1.3433432238646346,380.6653655965341,0.47488448453886284,1.667288158298811,0.3338071002754742
2020-03-10 01:00:00,0.11676404339071206,35.849958338392504,104.16139803629464,35.84995833839252,104.16139803629464,35.849958338392504,104.16139803629467,35.8499583383925,104.16139803629463,35.84995833839249,104.16139803629464,35.84995833839251,104.16139803629464,35.849958338392504,104.16139803629464,35.849958338392504,104.16139803629464,35.849958338392504,104.16139803629466,0.0,35.84995833839251,104.16139803629464,35.849958338392504,104.16139803629463,35.849958338392504,104.16139803629464,35.84995833839251,104.16139803629463,35.849958338392504,104.16139803629466,35.8499583383925,104.16139803629463,35.84995833839251,104.16139803629463,35.849958338392504,104.16139803629464,35.8499583383925,104.16139803629463,35.84995833839252,104.16139803629463,0.0,35.849958338392504,104.16139803629466,35.8499583383925,104.16139803629461,0.0,35.84995833839251,104.16139803629463,0.0,35.84995833839251,104.16139803629466,0.0066681252908219225,35.849958338392504,104.16139803629464,0.0,35.849958338392504,104.16139803629463,0.0,37.0781374526717,-95.68165987846356,1.8751048967044355,0.08014421077390055,0.0039378703172737485,37.0781374526717,-95.68165987846356,0.9996736999456382,0.0,0.0,37.0781374526717,-95.68165987846356,0.0,0.01779958843269268,37.0781374526717,-95.68165987846356,2.9571480919800863,0.012432031246701655,0.014409043709148917,37.078137452671704,-95.68165987846356,1.1861750557800759,0.0,0.037867031402686775,56.11205065852283,-106.31207004284151,0.0,0.16207553851241144,-25.26615096255863,133.73148516585096,6.318535560994434,0.1325713195082862,-25.26615096255863,133.73148516585096,0.0,51.148995632245246,10.448115666498039,0.0,0.0,56.11205065852284,-106.3120700428415,0.04022382690620636,0.18419527926500995,-25.266150962558633,133.73148516585093,0.0,-25.266150962558637,133.73148516585096,0.0,37.078137452671704,-95.68165987846356,2.0004003631492884,0.0,37.0781374526717,-95.68165987846356,0.9996736999456382,0.0,0.0010991891713583275,37.0781374526717,-95.68165987846358,1.0131635479035765,0.0020836437209492886,37.0781374526717,-95.68165987846356,0.9996736999456382,0.0,37.07813745267171,-95.68165987846359,1.0349212369332954,0.0,0.0,37.0781374526717,-95.68165987846356,0.9996736999456382,0.0,0.0,37.07813745267171,-95.68165987846355,0.0,37.0781374526717,-95.68165987846356,1.9993473998912763,0.0,0.0,56.11205065852284,-106.31207004284147,0.9996736999456382,0.0,56.11205065852284,-106.31207004284151,0.0,37.0781374526717,-95.68165987846358,0.9996736999456382,0.0,0.000954011879481154,0.0,0.0,60.98009569668394,0.0,0.0,0.0,0.0,37.0781374526717,-95.68165987846358,0.0,37.0781374526717,-95.68165987846356,0.9996736999456382,0.0,0.0,37.0781374526717,-95.68165987846356,0.9996736999456382,0.0,0.0,0.0,0.0,0.0,0.0,37.0781374526717,-95.68165987846356,1.0008092816384113,0.0,0.0,37.0781374526717,-95.68165987846356,10.996410699402018,0.0,0.0,37.0781374526717,-95.68165987846356,4.998368499728191,0.0,0.0,37.0781374526717,-95.68165987846356,1.9993473998912763,0.0,0.0,37.0781374526717,-95.68165987846356,0.0,0.0,37.0781374526717,-95.68165987846356,0.0,0.0,37.0781374526717,-95.68165987846356,0.0,0.0,37.078137452671704,-95.6816598784636,36.01300491595302,0.0,0.0,-1.3646420066805328e+39,-4.4194296306860213e+39,1.5047966829737322e+39,-5.2566358831766126e+39,5.635674285702511e+36,3.5992058440801585e+37,6.736608262799768e+37,-1.0442257339773146e+39,-1.2440258924282328e+38,-2.017856922741474e+39,-6.505824898776771e+30,-2.556012550947072e+30,-6.541079810763701,0.15957749683012085,23.01123278803174,-4.6339619935898996e+48,1.158725872933524e+51,-2.6494722736151456e+46,5.1305211491225364e+50,-6.904857633047355e+41,-1.1346718398882615e+42,0.6690062067200868,0.33581492581356837,171.52186798923555,109.99812515829063,2.9947809170287645,0.2367441824029668,221.9379960325779,32.16801571500199,1.1218072949834637,1.7880515891843296,113.96586222799984,65.98508022735697,326.9426295321019,1.0622382049123085,32.48244414524788,89.66691224961673,15.75860396110313,142.25532162247458,220.6761795436224,59.00363027808005,4.7670337993983605,1.9168627671859944,42.700949630794824,0.764498247069741,40.122779247067754,1.3023876793495377,175.12001007826814,215.08651293349575,1.909705885850653,209.85563674086518,0.3931243739923602,510.826509547049,1.155690538337531,82.41567515817042,175.56394793429283,344.4531126265799,15.37737802107139,30.682630813547746,73.99493770091082,5.0591345557443805,14.498075863047637,37.12802924977712,0.31822523953113935,55.22986828415582,51.38600357367909,2.1770111817667055,80.48165197537466,1.1308796933191618,194.36019976609163,52.126267600055165,281.5002610059275,107.56823315587091,77.81421053964023,0.4963540619621398,144.99419568830433,0.6719286947640704,1.8265151130983397,15.357315185878141,0.248256475546109,0.1098982606950035,0.4998368499728191,2.1060478427164666,1.000726663203649,0.5008786718332938,0.4998368499728191,0.9996736999456382,2.4991842498640957,0.9996736999456382,5.498205349701009,1.117765135040401,3.998971010657162,3.3138208898539703,100.84200970221792,31.353648630047527,1.5703669750560707,4.498531649755373,38.18558364163651,0.3633342751885148,23469.71808143604,791.5963389965132,4490.563619611324,533.5288226955372,162.2956398134227,5.876374710198765,69.59001230642417,1.0253808362604504,18.12123463929675,28.312171323245607,109.08799936762203,32.336694436845,0.8163382264732183,0.754366182537233,20.560031704405475,51.43610473749838,28.119609204476433,113.40570719951432,14.454684334056017,0.26615744949359516,1.1212226291526033,36.473639581734055,12.610891333640588,18.735161593717546,27.03947908981718,109.0078776040905,7.327781431873565,1.2946979009256165,80.83424972025334,22.706807883751,5.327282553524303,12.0331093511975,3.4433205220349756,0.5998042199673828,0.1999347399891276,3.4640132931670964,5.376243106426584,4.096849124707023,1.6682863844014908,1.6995438181828517,2.5013718202272783,1.3427795580514972,380.6653662236783,0.4748863692672626,1.6672882945808511,0.33380729731760667
2020-03-10 02:00:00,0.11684605380273883,35.84994567916092,104.16136125512888,35.84994567916093,104.16136125512887,35.84994567916091,104.1613612551289,35.84994567916091,104.16136125512887,35.8499456791609,104.16136125512888,35.84994567916092,104.16136125512888,35.84994567916092,104.16136125512887,35.84994567916092,104.16136125512887,35.84994567916092,104.16136125512888,0.0,35.84994567916092,104.16136125512887,35.84994567916092,104.16136125512885,35.84994567916091,104.16136125512888,35.84994567916092,104.16136125512888,35.84994567916092,104.16136125512888,35.84994567916091,104.16136125512888,35.849945679160925,104.16136125512888,35.84994567916092,104.16136125512887,35.84994567916091,104.16136125512888,35.849945679160925,104.16136125512888,0.0,35.84994567916091,104.16136125512888,35.84994567916091,104.16136125512887,0.0,35.84994567916092,104.16136125512885,0.0,35.84994567916092,104.16136125512888,0.007148593258275325,35.84994567916092,104.16136125512887,0.0,35.84994567916092,104.16136125512887,0.0,37.078124359749125,-95.68162609163794,2.1452531492209825,0.10352790481355734,0.004957098036533308,37.078124359749125,-95.68162609163794,0.9996733469438086,0.0,0.0,37.07812435974912,-95.68162609163794,0.0,0.020991484838244125,37.078124359749125,-95.68162609163794,3.161764560716358,0.015306707211279622,0.01729727707517152,37.078124359749125,-95.68162609163794,1.1873623680198366,0.0,0.03809771858419858,56.11203084440094,-106.31203250223678,0.0,0.1606032966869633,-25.2661420406499,133.7314379429832,6.336863983177184,0.13067902578086976,-25.2661420406499,133.7314379429832,0.0,51.14897757066271,10.44811197709024,0.0,0.0,56.11203084440095,-106.31203250223678,0.03962351411109924,0.18178626946519028,-25.266142040649903,133.73143794298318,0.0,-25.2661420406499,133.7314379429832,0.0,37.078124359749125,-95.68162609163794,2.0003995915359756,0.0,37.078124359749125,-95.68162609163794,0.9996733469438086,0.0,0.001099101819017851,37.078124359749125,-95.68162609163795,1.0131625658532648,0.0020835381933468136,37.078124359749125,-95.68162609163794,0.9996733469438086,0.0,37.07812435974913,-95.68162609163795,1.0349226746751434,0.0,0.0,37.078124359749125,-95.68162609163794,0.9996733469438086,0.0,0.0,37.07812435974914,-95.68162609163792,0.0,37.078124359749125,-95.68162609163794,1.9993466938876172,0.0,0.0,56.11203084440095,-106.31203250223676,0.9996733469438086,0.0,56.112030844400955,-106.31203250223679,0.0,37.078124359749125,-95.68162609163795,0.9996733469438086,0.0,0.000954118828756166,0.0,0.0,60.98007416357233,0.0,0.0,0.0,0.0,37.078124359749125,-95.68162609163794,0.0,37.078124359749125,-95.68162609163794,0.9996733469438086,0.0,0.0,37.078124359749125,-95.68162609163794,0.9996733469438086,0.0,0.0,0.0,0.0,0.0,0.0,37.078124359749125,-95.68162609163794,1.000808845860519,0.0,0.0,37.078124359749125,-95.68162609163794,10.996406816381894,0.0,0.0,37.078124359749125,-95.68162609163794,4.998366734719044,0.0,0.0,37.078124359749125,-95.68162609163794,1.9993466938876172,0.0,0.0,37.078124359749125,-95.68162609163794,0.0,0.0,37.078124359749125,-95.68162609163794,0.0,0.0,37.078124359749125,-95.68162609163794,0.0,0.0,37.07812435974913,-95.68162609163797,36.012991042897596,0.0,0.0,-1.36606194803406e+39,-4.4240281487302437e+39,1.504519981852697e+39,-5.2556692960899686e+39,5.444579437359338e+36,3.4771637138819415e+37,6.648675620600436e+37,-1.0305955028195658e+39,-1.2503086803239922e+38,-2.028047841698008e+39,-6.507369725132538e+30,-2.556619483290902e+30,-6.541074333063415,0.1602204109859058,23.0112345400362,-4.6387837374854776e+48,1.1585128071076628e+51,-2.5596337775188546e+46,5.0635526891939316e+50,-6.906497210844151e+41,-1.1206976327188323e+42,0.6690220126783227,0.3358151555064029,171.52195096985406,110.2718473181801,2.9501418230517715,0.23747228522683883,221.91107014242067,31.983177496664126,1.1239974532252042,1.7880224744007984,113.9600524129088,66.32390861362771,326.99386734565456,1.0628237861993084,32.482758369469295,89.66646418900021,15.81483223442251,142.26481235478954,219.95158242266095,57.97006357129104,4.766637754790308,1.9157592650230308,42.67653698907435,0.7644323670970347,40.13960989157935,1.3134169436213479,176.92899751686934,215.8580356146347,1.9087975283492813,210.0137425470486,0.3930291404121434,510.8230898677881,1.1571247983479291,82.52668586141039,175.7667622414902,344.59971951954526,15.376622251109909,30.70166982788426,74.04355591967625,5.037028030428412,14.330658904893095,37.1277857081797,0.318209526404672,55.2284403345018,51.35223914491637,2.1755045879018726,80.31026560918336,1.1365807122386073,195.95136651336884,52.441599895764284,281.70044033044536,107.56816396888688,77.80397090626988,0.4952519848606625,144.8949367181822,0.6706968278211053,1.8264925268954195,15.448578083409913,0.24827291046890282,0.10989924356286479,0.4998366734719043,2.106198922482074,1.0007262445921654,0.5008784425685778,0.4998366734719043,0.9996733469438086,2.499183367359522,0.9996733469438086,5.498203408190947,1.1182787149007654,3.9989696091339932,3.305621862020316,100.84196852889777,31.35363755853957,1.5869970574252936,4.4985300612471395,38.185570157655796,0.3803385076891636,23466.418538430862,791.467727001388,4490.345755308272,533.4657395945069,162.18097248098854,5.879419458793241,69.62138614256347,1.02631422053669,18.12117859202814,28.297564030172573,108.98113982470343,32.26736487784321,0.8143814571438623,0.7541793254991116,20.549505661006165,51.34515848310538,28.08048405901855,113.23564826315213,14.487653223627035,0.2668789794367503,1.1378147999151769,36.47977362660732,12.620364461357918,18.73154406195143,26.999761051643937,108.84736050230637,7.331734440068406,1.3075946855363805,80.78328020173298,22.60850071874939,5.359024607006538,12.033105102101404,3.4433193061397853,0.5998040081662851,0.1999346693887617,3.471408032100211,5.363468515125142,4.127841837174141,1.66837266729001,1.6995526258024838,2.4941677206159123,1.3423102701979333,380.66532338199363,0.4748880898855134,1.6672882648855374,0.33380745897086456
2020-03-10 03:00:00,0.11697134757407993,35.849929819451305,104.16131517503278,35.84992981945132,104.16131517503278,35.84992981945131,104.1613151750328,35.8499298194513,104.16131517503278,35.84992981945129,104.1613151750328,35.849929819451305,104.16131517503278,35.849929819451305,104.16131517503277,35.849929819451305,104.16131517503278,35.849929819451305,104.16131517503278,0.0,35.849929819451305,104.16131517503278,35.849929819451305,104.16131517503275,35.8499298194513,104.1613151750328,35.849929819451305,104.16131517503278,35.849929819451305,104.16131517503278,35.849929819451305,104.16131517503278,35.84992981945131,104.16131517503278,35.849929819451305,104.16131517503277,35.8499298194513,104.16131517503278,35.84992981945131,104.16131517503278,0.0,35.8499298194513,104.1613151750328,35.8499298194513,104.16131517503277,0.0,35.849929819451305,104.16131517503277,0.0,35.849929819451305,104.16131517503278,0.007717106277707278,35.849929819451305,104.16131517503277,0.0,35.849929819451305,104.16131517503277,0.0,37.07810795670376,-95.68158376290421,2.4532023421295683,0.13017098016911144,0.006117107800507865,37.07810795670376,-95.68158376290421,0.9996729046968629,0.0,0.0,37.07810795670376,-95.68158376290421,0.0,0.024478882088053877,37.07810795670376,-95.68158376290421,3.3879997421905395,0.0184877058599731,0.020488411563623826,37.07810795670377,-95.68158376290421,1.1867603848645802,0.0,0.03796678457089363,56.11200602091801,-106.3119854707021,0.0,0.1595119511953233,-25.266130863124573,133.73137878133787,6.355255806357129,0.1286701390019587,-25.266130863124577,133.73137878133787,0.0,51.14895494279213,10.448107354934788,0.0,0.0,56.11200602091802,-106.3119854707021,0.03883789523653844,0.17864792034476568,-25.266130863124577,133.73137878133784,0.0,-25.266130863124577,133.73137878133787,0.0,37.07810795670376,-95.68158376290421,2.0003986341967073,0.0,37.07810795670376,-95.68158376290421,0.9996729046968629,0.0,0.001099008978919529,37.07810795670376,-95.68158376290422,1.0131613940571944,0.0020834175029336667,37.07810795670376,-95.68158376290421,0.9996729046968629,0.0,37.078107956703775,-95.68158376290424,1.034929144823696,0.0,0.0,37.07810795670376,-95.68158376290421,0.9996729046968629,0.0,0.0,37.078107956703775,-95.6815837629042,0.0,37.07810795670376,-95.68158376290421,1.9993458093937257,0.0,0.0,56.11200602091802,-106.31198547070208,0.9996729046968629,0.0,56.11200602091802,-106.3119854707021,0.0,37.07810795670376,-95.68158376290422,0.9996729046968629,0.0,0.0009542163252528758,0.0,0.0,60.980047186508635,0.0,0.0,0.0,0.0,37.07810795670376,-95.68158376290422,0.0,37.07810795670376,-95.68158376290421,0.9996729046968629,0.0,0.0,37.07810795670376,-95.68158376290421,0.9996729046968629,0.0,0.0,0.0,0.0,0.0,0.0,37.07810795670376,-95.68158376290421,1.0008083166236943,0.0,0.0,37.07810795670376,-95.68158376290421,10.99640195166549,0.0,0.0,37.07810795670376,-95.68158376290421,4.998364523484314,0.0,0.0,37.07810795670376,-95.68158376290421,1.9993458093937257,0.0,0.0,37.07810795670376,-95.68158376290421,0.0,0.0,37.07810795670376,-95.68158376290421,0.0,0.0,37.07810795670376,-95.68158376290421,0.0,0.0,37.07810795670377,-95.68158376290425,36.012973817344104,0.0,0.0,-1.362990235069872e+39,-4.4140803241546617e+39,1.4988473057681192e+39,-5.2358532019975104e+39,5.1887460427947346e+36,3.3137765126088356e+37,6.516000921345348e+37,-1.0100299110847868e+39,-1.2537108889052917e+38,-2.03356635234974e+39,-6.484281278028989e+30,-2.54754847976765e+30,-6.5410681047327595,0.16094665229484142,23.01123499287596,-4.6283530156832515e+48,1.1541447242813645e+51,-2.439360062041111e+46,4.9625092079749655e+50,-6.881992641062605e+41,-1.0992690724212874e+42,0.6690461090258295,0.33581533571727834,171.5220152030195,110.52327681392858,2.9228396059361303,0.23792887763555917,221.84591868609613,31.746596390149136,1.1260408606352768,1.7880006056730995,113.95576613423404,66.69438496283797,327.015636010953,1.063071410821496,32.48306455300935,89.66611526273128,15.877067966207917,142.2793245884942,219.16120449110832,56.84119950802381,4.766362352096572,1.9144679880324178,42.64793027091085,0.764586164255195,40.15952588304441,1.3243581743442032,178.7245791495344,216.72412514583542,1.9067504089088605,210.1611220708389,0.39282146535989293,510.8204669192359,1.15870839627875,82.59119369115139,176.01645663885589,344.73446832630356,15.376062080302614,30.730506775633707,74.07403184905489,5.012914210487268,14.168698593859437,37.12760750796678,0.31819852658972125,55.239358999181036,51.26839712013213,2.1735175732800833,80.0805863048993,1.1422891590792486,197.54395424540058,52.73569926338653,281.92145611172737,107.56808279338028,77.78097950109424,0.49418578232000804,144.76835409660353,0.6691258480404566,1.8264755359810263,15.505814004314006,0.24828896970078435,0.10990019208314183,0.49983645234843144,2.1063253377208877,1.0007257294998435,0.5008781610998984,0.49983645234843144,0.9996729046968629,2.499182261742157,0.9996729046968629,5.498200975832745,1.1187049874101906,3.9989678604758985,3.30078463851265,100.84191806021894,31.35362368795825,1.605224739648678,4.498528071135882,38.18555326468587,0.39772002815220675,23472.942127243994,791.8333419283526,4499.639997794174,533.3282643336217,161.92475734216026,5.88316806740378,69.65629706689727,1.027352887240949,18.12111555739904,28.278372592380084,108.86083644179844,32.22313391338501,0.8130692583776908,0.7537595349777556,20.51857070804524,51.25717163451818,28.036791679698204,113.04912946607286,14.52786344279269,0.2677672756417354,1.1578599416154818,36.48726746127481,12.631938165135013,18.74023210601986,26.956052481658784,108.67050646137224,7.336102139664625,1.321845601281244,80.74619165891765,22.538490343787053,5.3965839110005085,12.033099778758535,3.4433177828447494,0.5998037428181177,0.19993458093937252,3.478889029416784,5.346273957529079,4.159528086303316,1.6685048806796408,1.6995610237608647,2.4882098314599164,1.341921867151029,380.66523964008945,0.4748896536749513,1.6672880788401157,0.3338075870716265
2020-03-10 04:00:00,0.11714346026092509,35.84991102969152,104.16126058172951,35.84991102969153,104.1612605817295,35.849911029691526,104.16126058172952,35.84991102969152,104.16126058172951,35.84991102969151,104.16126058172952,35.849911029691526,104.16126058172951,35.84991102969152,104.1612605817295,35.849911029691526,104.16126058172951,35.84991102969152,104.16126058172951,0.0,35.849911029691526,104.1612605817295,35.84991102969152,104.16126058172948,35.84991102969152,104.16126058172952,35.849911029691526,104.16126058172951,35.84991102969151,104.16126058172951,35.849911029691526,104.16126058172951,35.84991102969153,104.16126058172951,35.849911029691526,104.1612605817295,35.84991102969151,104.16126058172951,35.84991102969153,104.16126058172951,0.0,35.84991102969152,104.16126058172951,35.84991102969152,104.1612605817295,0.0,35.849911029691526,104.1612605817295,0.0,35.849911029691526,104.16126058172951,0.008383973963205784,35.84991102969152,104.1612605817295,0.0,35.84991102969152,104.1612605817295,0.0,37.07808852322801,-95.68153361402013,2.8010505137107007,0.1602523463722394,0.007425423631514754,37.07808852322801,-95.68153361402013,0.9996723807456632,0.0,0.0,37.07808852322801,-95.68153361402013,0.0,0.028246068160432194,37.07808852322801,-95.68153361402013,3.635472522878076,0.021970165598173455,0.023976639385448147,37.07808852322802,-95.68153361402013,1.1844091824325789,0.0,0.03748129749745454,56.1119766113454,-106.31192975018384,0.0,0.1589255705769344,-25.266117620573418,133.73130868969486,6.374194157675804,0.1266229008036501,-25.266117620573418,133.73130868969486,0.0,51.14892813446695,10.448101878845199,0.0,0.0,56.111976611345405,-106.31192975018384,0.03792046990596969,0.17499128228453065,-25.26611762057342,133.73130868969486,0.0,-25.266117620573418,133.73130868969486,0.0,37.07808852322802,-95.68153361402015,2.0003975068805473,0.0,37.07808852322801,-95.68153361402014,0.9996723807456632,0.0,0.0010989112170651676,37.07808852322801,-95.68153361402015,1.0131600488759143,0.002083282997272235,37.07808852322801,-95.68153361402013,0.9996723807456632,0.0,37.078088523228026,-95.68153361402015,1.0349394273909207,0.0,0.0,37.07808852322801,-95.68153361402013,0.9996723807456632,0.0,0.0,37.078088523228026,-95.68153361402014,0.0,37.07808852322801,-95.68153361402013,1.9993447614913264,0.0,0.0,56.111976611345405,-106.31192975018382,0.9996723807456632,0.0,56.111976611345405,-106.31192975018384,0.0,37.07808852322801,-95.68153361402015,0.9996723807456632,0.0,0.0009543049346606818,0.0,0.0,60.98001522548545,0.0,0.0,0.0,0.0,37.07808852322801,-95.68153361402014,0.0,37.07808852322801,-95.68153361402013,0.9996723807456632,0.0,0.0,37.07808852322801,-95.68153361402013,0.9996723807456632,0.0,0.0,0.0,0.0,0.0,0.0,37.07808852322801,-95.68153361402013,1.0008077019283652,0.0,0.0,37.07808852322801,-95.68153361402013,10.996396188202292,0.0,0.0,37.07808852322801,-95.68153361402013,4.998361903728315,0.0,0.0,37.07808852322801,-95.68153361402013,1.9993447614913264,0.0,0.0,37.07808852322801,-95.68153361402013,0.0,0.0,37.07808852322801,-95.68153361402013,0.0,0.0,37.07808852322801,-95.68153361402013,0.0,0.0,37.07808852322802,-95.68153361402017,36.01295352355799,0.0,0.0,-1.3542489519717453e+39,-4.3857714450897055e+39,1.4863865324422463e+39,-5.192324565246736e+39,4.854244264739095e+36,3.100147993038892e+37,6.328237305945294e+37,-9.809251165863294e+38,-1.2534199485119358e+38,-2.0330944360573075e+39,-6.43023772199287e+30,-2.5263158137067757e+30,-6.541061193177283,0.1617175246140218,23.011234246274228,-4.5986699387636865e+48,1.144549660301747e+51,-2.2821023602108649e+46,4.819510660001571e+50,-6.8246343404289986e+41,-1.0686656922890253e+42,0.6690805962420573,0.3358154699457296,171.5220614705674,110.72433012684888,2.9136013485878736,0.23809983810650062,221.74635587368613,31.463023970284798,1.1278662647312432,1.787984350633078,113.95266375766556,67.07439160999263,326.99202859931876,1.0627986985199287,32.48336165779046,89.66584194980626,15.939832651295493,142.29927040872212,218.3207272017586,55.63957583999775,4.76618067504395,1.9129680457669866,42.61466259968164,0.764952507148788,40.18288946521355,1.3348207655016673,180.4424862740753,217.63991148472726,1.9036744767444833,210.29271064256372,0.39251208776076574,510.8184573518446,1.1603418794834521,82.58573926132084,176.32053643754205,344.84177966867765,15.375653185377919,30.76996017125696,74.0854225902387,4.987271303901849,14.014309588969533,37.127479611334124,0.3181911846180122,55.26220342094706,51.139445066449085,2.1711950781365634,79.81030112218697,1.1478599182774274,199.0979232108073,52.998493501203896,282.1494259465863,107.567990674085,77.74646759541,0.4931693756628789,144.61693528733852,0.6672466279026422,1.8264628603664346,15.52725398420097,0.24830465665036344,0.10990110342809958,0.4998361903728316,2.106458101151215,1.0007251261348833,0.5008778318714676,0.4998361903728316,0.9996723807456632,2.4991809518641577,0.9996723807456632,5.498198094101146,1.1191427116204484,3.998965794075347,3.30028390524461,100.84185908859388,31.353607254814296,1.6249802351301317,4.498525713355483,38.18553325077297,0.4151848017333465,23489.44271057644,792.7007376774245,4518.577015318999,533.1235016010439,161.54062472988412,5.887733276490795,69.69159140445932,1.028403041622211,18.12104616533006,28.25435611860461,108.72615557204495,32.20504388474718,0.8124275169094326,0.7531293030221071,20.469291415712355,51.173293047611544,27.988688179256417,112.84652813624992,14.57488218723712,0.2688121307821761,1.1811574747378677,36.496373387165264,12.646001135867579,18.7608282395237,26.908472213396905,108.47773084572665,7.340878464370748,1.3374306972056047,80.72392093823964,22.49868390094642,5.440642614484237,12.033093471938539,3.44331597812395,0.5998034284473976,0.19993447614913257,3.486560837274117,5.326211190557551,4.191377036540176,1.6686945781134206,1.6995690300592006,2.4833116864528213,1.3416022412506754,380.66511826799876,0.47489107019287113,1.6672877487210276,0.33380768398768246
2020-03-10 05:00:00,0.11736705233796052,35.84988965257696,104.16119847091427,35.84988965257698,104.16119847091426,35.84988965257698,104.16119847091429,35.84988965257696,104.16119847091427,35.84988965257695,104.16119847091429,35.84988965257697,104.16119847091427,35.84988965257696,104.16119847091426,35.84988965257696,104.16119847091427,35.84988965257696,104.16119847091427,0.0,35.84988965257697,104.16119847091426,35.84988965257696,104.16119847091424,35.84988965257696,104.16119847091429,35.84988965257697,104.16119847091427,35.849889652576955,104.16119847091427,35.84988965257697,104.16119847091429,35.84988965257697,104.16119847091427,35.84988965257697,104.16119847091426,35.849889652576955,104.16119847091427,35.84988965257698,104.16119847091427,0.0,35.84988965257696,104.16119847091429,35.84988965257696,104.16119847091426,0.0,35.84988965257697,104.16119847091426,0.0,35.84988965257697,104.16119847091427,0.009159686429535668,35.84988965257696,104.16119847091426,0.0,35.84988965257696,104.16119847091426,0.0,37.07806641375763,-95.68147655962177,3.1902684036311904,0.19389604728248533,0.008887120362784832,37.07806641375763,-95.68147655962177,0.999671784646248,0.0,0.0,37.07806641375763,-95.68147655962177,0.0,0.03226657283833026,37.07806641375764,-95.68147655962177,3.9031359945101007,0.02573997539651824,0.027746664135065963,37.07806641375764,-95.68147655962176,1.1804081354908935,0.0,0.03665997417906382,56.11194315206704,-106.31186635693582,0.0,0.15892564417044358,-25.26610255451955,133.73122894641452,6.3937306860181655,0.12459401725195354,-25.26610255451955,133.73122894641452,0.0,51.148897634628455,10.448095648696663,0.0,0.0,56.11194315206705,-106.31186635693584,0.036929017976799705,0.1710447396118161,-25.266102554519552,133.73122894641452,0.0,-25.26610255451955,133.73122894641452,0.0,37.07806641375764,-95.68147655962179,2.000396229540021,0.0,37.07806641375763,-95.68147655962177,0.999671784646248,0.0,0.0010988092414556325,37.07806641375763,-95.68147655962179,1.0131585510092698,0.002083136377595006,37.07806641375763,-95.68147655962177,0.999671784646248,0.0,37.07806641375765,-95.68147655962179,1.0349525661109775,0.0,0.0,37.07806641375763,-95.68147655962177,0.999671784646248,0.0,0.0,37.078066413757654,-95.68147655962177,0.0,37.07806641375763,-95.68147655962177,1.999343569292496,0.0,0.0,56.11194315206705,-106.31186635693582,0.999671784646248,0.0,56.111943152067056,-106.31186635693584,0.0,37.07806641375763,-95.68147655962179,0.999671784646248,0.0,0.000954385394152778,0.0,0.0,60.979978863421124,0.0,0.0,0.0,0.0,37.07806641375763,-95.68147655962177,0.0,37.07806641375763,-95.68147655962177,0.999671784646248,0.0,0.0,37.07806641375763,-95.68147655962177,0.999671784646248,0.0,0.0,0.0,0.0,0.0,0.0,37.07806641375763,-95.68147655962177,1.0008070119036296,0.0,0.0,37.07806641375763,-95.68147655962177,10.996389631108723,0.0,0.0,37.07806641375763,-95.68147655962177,4.998358923231239,0.0,0.0,37.07806641375763,-95.68147655962177,1.999343569292496,0.0,0.0,37.07806641375763,-95.68147655962177,0.0,0.0,37.07806641375763,-95.68147655962177,0.0,0.0,37.07806641375763,-95.68147655962177,0.0,0.0,37.07806641375764,-95.6814765596218,36.012930521684446,0.0,0.0,-1.3383835393958495e+39,-4.334390882203842e+39,1.4654241098947516e+39,-5.1190975148363625e+39,4.424622823282024e+36,2.825771596454524e+37,6.072956329476128e+37,-9.413546154342878e+38,-1.2484186745688588e+38,-2.024982181071305e+39,-6.337494433333346e+30,-2.4898787725139683e+30,-6.541053683462915,0.16249214387721206,23.011232427579962,-4.544795209325959e+48,1.128408143218422e+51,-2.080126511432873e+46,4.625091688666069e+50,-6.726202671182041e+41,-1.0268226746696311e+42,0.669128043112545,0.335815562686389,171.52209118944893,110.84799349715428,2.9228341113411185,0.23798005027395397,221.6185008802993,31.139374769088185,1.129419223749522,1.7879724263311128,113.95047720164632,67.44104337714896,326.908705848397,1.0618412068258316,32.48364926954448,89.66562610253516,15.997135224534468,142.32519296552306,217.4468479013985,54.389209323210295,4.766071420964223,1.9112390949261822,42.57627969766343,0.765509982430185,40.21006932635965,1.3444412673575996,182.02296615199458,218.55803422914252,1.89974754587906,210.40464450288408,0.3921185514206504,510.8169181790402,1.161922210093265,82.48924364378152,176.68750650574822,344.906660117703,15.375360783734136,30.821102787526016,74.07738691334025,4.96060848230297,13.869114474143363,37.12739025543903,0.31818666632009507,55.29575344374495,50.97333893536468,2.1687055312628987,79.51991324040974,1.153163043774138,200.57742549973065,53.22229996486296,282.36996718551984,107.56788893183945,77.7024263278135,0.4922134484444755,144.44431439928758,0.6651042728112195,1.826453499355631,15.512257349295936,0.2483199781644741,0.10990197706232036,0.499835892323124,2.1066102976375314,1.0007244448937727,0.5008774605119215,0.499835892323124,0.999671784646248,2.4991794616156193,0.999671784646248,5.498194815554362,1.119634428719811,3.9989634471756914,3.304743983267584,100.84179261757512,31.35358855882217,1.646140455403881,4.498523030908115,38.18551048093909,0.4324034148330605,23515.553762572647,794.0513370178982,4546.787311794947,532.8630573210875,161.05077572767686,5.893242848815013,69.72381784565205,1.0293620354942299,18.120971210043272,28.225356014674677,108.57636031868455,32.2136736088641,0.8124700431783459,0.7523250041955033,20.40493593377213,51.09440442129712,27.936467628716862,112.62879731197282,14.628136493919175,0.2700002114423355,1.207437527571023,36.507376384144116,12.662992362611124,18.792133726015077,26.85727822188566,108.26999562626371,7.346044894225332,1.3542893713655164,80.71703555717997,22.490241518428007,5.491894762001697,12.033086296667799,3.4433139248926308,0.5998030707877485,0.19993435692924952,3.4944019395025405,5.3049506692414745,4.222793923198834,1.6689558879355662,1.699576668978062,2.4793080470832463,1.3413406666914849,380.6649634264268,0.4748923518809801,1.6672872901683362,0.3338077527610445
2020-03-10 06:00:00,0.11764786038793817,35.84986612235387,104.16113010428157,35.84986612235387,104.16113010428155,35.84986612235387,104.16113010428158,35.849866122353866,104.16113010428157,35.84986612235386,104.16113010428158,35.849866122353866,104.16113010428157,35.84986612235387,104.16113010428155,35.84986612235387,104.16113010428157,35.84986612235387,104.16113010428157,0.0,35.849866122353866,104.16113010428155,35.84986612235387,104.16113010428155,35.849866122353866,104.16113010428158,35.849866122353866,104.16113010428158,35.849866122353866,104.16113010428157,35.84986612235387,104.16113010428158,35.84986612235388,104.16113010428157,35.849866122353866,104.16113010428157,35.849866122353866,104.16113010428157,35.84986612235387,104.16113010428157,0.0,35.84986612235386,104.16113010428158,35.84986612235386,104.16113010428155,0.0,35.849866122353866,104.16113010428155,0.0,35.849866122353866,104.16113010428157,0.010054522764591812,35.84986612235387,104.16113010428155,0.0,35.84986612235387,104.16113010428155,0.0,37.07804207741565,-95.68141375868956,3.6215141111818836,0.2311550962554909,0.010504106656751305,37.07804207741565,-95.68141375868956,0.9996711285075445,0.0,0.0,37.078042077415645,-95.68141375868956,0.0,0.03650232973351081,37.07804207741565,-95.68141375868956,4.189195988978822,0.029772656263836052,0.03177252829624069,37.07804207741566,-95.68141375868956,1.1749114996025738,0.0,0.03553225757344536,56.11190632276147,-106.31179657870338,0.0,0.15954698685546465,-25.266085971008813,133.73114117137024,6.413476093433037,0.12261661563686171,-25.266085971008813,133.73114117137024,0.0,51.1488640628383,10.448088791045942,0.0,0.0,56.11190632276148,-106.3117965787034,0.03592281851272888,0.1670428947623101,-25.266085971008817,133.7311411713702,0.0,-25.266085971008813,133.73114117137024,0.0,37.07804207741565,-95.68141375868959,2.0003948274528525,0.0,37.07804207741565,-95.68141375868957,0.9996711285075445,0.0,0.001098703940172657,37.07804207741565,-95.68141375868957,1.013156926655077,0.002082979793327014,37.07804207741565,-95.68141375868956,0.9996711285075445,0.0,37.07804207741567,-95.68141375868959,1.03496780915698,0.0,0.0,37.07804207741565,-95.68141375868956,0.9996711285075445,0.0,0.0,37.07804207741567,-95.68141375868957,0.0,37.07804207741565,-95.68141375868956,1.999342257015089,0.0,0.0,56.11190632276148,-106.31179657870338,0.9996711285075445,0.0,56.11190632276148,-106.3117965787034,0.0,37.07804207741565,-95.68141375868957,0.9996711285075445,0.0,0.0009544586577547136,0.0,0.0,60.97993883896021,0.0,0.0,0.0,0.0,37.07804207741565,-95.68141375868957,0.0,37.07804207741565,-95.68141375868956,0.9996711285075445,0.0,0.0,37.07804207741565,-95.68141375868956,0.9996711285075445,0.0,0.0,0.0,0.0,0.0,0.0,37.07804207741565,-95.68141375868956,1.0008062593754428,0.0,0.0,37.07804207741565,-95.68141375868956,10.996382413582985,0.0,0.0,37.07804207741565,-95.68141375868956,4.998355642537721,0.0,0.0,37.07804207741565,-95.68141375868956,1.999342257015089,0.0,0.0,37.07804207741565,-95.68141375868956,0.0,0.0,37.07804207741565,-95.68141375868956,0.0,0.0,37.07804207741565,-95.68141375868956,0.0,0.0,37.07804207741566,-95.68141375868959,36.01290526799721,0.0,0.0,-1.3136073686497028e+39,-4.254152590699986e+39,1.4338620407352616e+39,-5.008843214592137e+39,3.8805796478932375e+36,2.4783201155804627e+37,5.7353163000920425e+37,-8.89017832033854e+38,-1.2374408337060262e+38,-2.0071757091026407e+39,-6.196613744234011e+30,-2.4345294793610387e+30,-6.541045683035468,0.16323002836353276,23.01122969911607,-4.460661910612971e+48,1.1041046698308081e+51,-1.8243581267164215e+46,4.367949037057374e+50,-6.576681109103116e+41,-9.712762367394143e+41,0.6691915732525002,0.33581561969333873,171.52210648297745,110.86989764812378,2.950624017034719,0.23757366947852293,221.47036567436615,30.7843371640295,1.1306651516841701,1.7879638341812971,113.94899632949758,67.77194984574881,326.75414990243746,1.060066792587569,32.483927557011235,89.6654539890709,16.042831196458366,142.35776086740054,216.55679249305936,53.11489398951852,4.766017816705318,1.9092622474714085,42.53236011586075,0.7662242840095271,40.24142688751925,1.352900233605229,183.4135354882448,219.4316394160372,1.8952032546013904,210.49447754177976,0.391663997786133,510.81573954312296,1.1633484490025698,82.28484781883225,177.12682015970654,344.91557707342986,15.37515779337122,30.885250827249994,74.05020309401895,4.9334510119636015,13.734261294649471,37.12733035562831,0.3181843163884722,55.33806802772655,50.78048850669927,2.166229383081387,79.23135396425002,1.1580892937596827,201.95233704579735,53.40225638842866,282.5689904646854,107.56777923733333,77.65147192209005,0.49132556211085504,144.25506607239404,0.6627555616518729,1.8264466786326417,15.461345144271057,0.24833494539437162,0.10990281465173327,0.49983556425377224,2.1067763318108472,1.0007236989453074,0.5008770541504357,0.49983556425377224,0.9996711285075445,2.4991778212688605,0.9996711285075445,5.498191206791493,1.120164219809232,3.9989608669660743,3.3144060507443776,100.8417199182069,31.35356797976486,1.6685253173543728,4.498520078283949,38.185485417721615,0.4490212815893535,23550.41752131895,795.841900048333,4583.429585563153,532.5622403439787,160.48445775010327,5.899838803194859,69.74943484816838,1.0301245345835506,18.12089169400662,28.191312793697094,108.41099296062949,32.24913995274022,0.8131986883595932,0.7513944325552094,20.3297588930126,51.02112984719792,27.880579923347256,112.39753954448952,14.686894348251526,0.27131463521334154,1.236351664163281,36.52059431478585,12.683401423935525,18.83222651733834,26.802885674375403,108.04887951656357,7.351568910754184,1.3723153216283004,80.7257341074318,22.513574137762905,5.551020437316322,12.033078398701923,3.4433116648593187,0.5998026771045265,0.19993422570150882,3.502263256087564,5.284200702486268,4.253138810112604,1.6693059885815416,1.699583972723825,2.476054150639154,1.3411277513031155,380.6647804040618,0.4748935148283266,1.6672867230815918,0.3338077972870239
2020-03-10 07:00:00,0.11799262117173294,35.84984098888843,104.16105707945759,35.84984098888844,104.16105707945758,35.84984098888843,104.16105707945759,35.84984098888843,104.16105707945759,35.849840988888424,104.1610570794576,35.84984098888843,104.16105707945759,35.84984098888843,104.16105707945758,35.84984098888843,104.16105707945759,35.84984098888843,104.16105707945759,0.0,35.84984098888843,104.16105707945758,35.84984098888843,104.16105707945756,35.84984098888843,104.16105707945758,35.849840988888424,104.1610570794576,35.849840988888424,104.16105707945759,35.84984098888844,104.1610570794576,35.849840988888445,104.16105707945759,35.84984098888843,104.16105707945758,35.849840988888424,104.16105707945759,35.84984098888844,104.16105707945759,0.0,35.849840988888424,104.1610570794576,35.84984098888842,104.16105707945758,0.0,35.84984098888843,104.16105707945758,0.0,35.84984098888843,104.16105707945759,0.011078068504831099,35.84984098888843,104.16105707945758,0.0,35.84984098888843,104.16105707945758,0.0,37.078016082906046,-95.68134667878758,4.094449004558686,0.2719953944546001,0.012274409089028715,37.078016082906046,-95.68134667878758,0.999670427662535,0.0,0.0,37.078016082906046,-95.68134667878758,0.0,0.040903333879443726,37.07801608290605,-95.68134667878758,4.491055051829726,0.03403260633972041,0.036016794402470596,37.07801608290606,-95.68134667878758,1.1681212412244575,0.0,0.03413683913903408,56.11186698407459,-106.31172204609967,0.0,0.16077652068256046,-25.26606825757311,133.73104741573383,6.432630836711395,0.12070030776000314,-25.26606825757311,133.7310474157338,0.0,51.14882820361911,10.448081466146105,0.0,0.0,56.111866984074595,-106.31172204609969,0.034959861406253685,0.16321543439943156,-25.266068257573117,133.7310474157338,0.0,-25.26606825757311,133.73104741573383,0.0,37.07801608290605,-95.6813466787876,2.000393332622099,0.0,37.078016082906046,-95.68134667878759,0.999670427662535,0.0,0.001098596428917715,37.078016082906046,-95.6813466787876,1.0131552089554459,0.0020828159600800675,37.078016082906046,-95.68134667878758,0.999670427662535,0.0,37.07801608290606,-95.6813466787876,1.0349845614776287,0.0,0.0,37.078016082906046,-95.68134667878758,0.999670427662535,0.0,0.0,37.07801608290607,-95.68134667878759,0.0,37.078016082906046,-95.68134667878758,1.99934085532507,0.0,0.0,56.111866984074595,-106.31172204609967,0.999670427662535,0.0,56.1118669840746,-106.31172204609967,0.0,37.078016082906046,-95.6813466787876,0.999670427662535,0.0,0.0009545259529755937,0.0,0.0,60.97989608741464,0.0,0.0,0.0,0.0,37.078016082906046,-95.68134667878759,0.0,37.078016082906046,-95.68134667878758,0.999670427662535,0.0,0.0,37.078016082906046,-95.68134667878758,0.999670427662535,0.0,0.0,0.0,0.0,0.0,0.0,37.078016082906046,-95.68134667878758,1.0008054605758272,0.0,0.0,37.078016082906046,-95.68134667878758,10.996374704287884,0.0,0.0,37.078016082906046,-95.68134667878758,4.998352138312674,0.0,0.0,37.078016082906046,-95.68134667878758,1.99934085532507,0.0,0.0,37.078016082906046,-95.68134667878758,0.0,0.0,37.078016082906046,-95.68134667878758,0.0,0.0,37.078016082906046,-95.68134667878758,0.0,0.0,37.07801608290606,-95.6813466787876,36.012878340172826,0.0,0.0,-1.2777381468346691e+39,-4.1379891566689494e+39,1.3891459404351608e+39,-4.852638552492075e+39,3.1996231845972985e+36,2.0434293894651293e+37,5.2977020597363495e+37,-8.211842823442003e+38,-1.218919263581738e+38,-1.9771330237189925e+39,-5.996158352429162e+30,-2.3557744397880567e+30,-6.541037327611576,0.16389370198229075,23.011226267349013,-4.3388595552576226e+48,1.0696723090071397e+51,-1.5042233606567932e+46,4.0346672092123144e+50,-6.3639308485712176e+41,-8.9910434011736e+41,0.669274962077452,0.33581564831007116,171.52211029214953,110.7697212582914,2.996732816409409,0.23689384814897485,221.31131770663868,30.407916960216575,1.1315909112098659,1.7879578072010935,113.94805783954016,68.04648903187311,326.52071863757243,1.0573876888544211,32.48419726825933,89.6653155387682,16.070991825326303,142.3977594385706,215.66781976078903,51.84148628083318,4.76600673036842,1.9070211610673558,42.482539555076954,0.7670504536206955,40.27729940437156,1.3599379917601646,184.57155863393177,220.21739180628214,1.8903153579521705,210.5612945535651,0.3911755946010244,510.81483892059236,1.1645274876788636,81.96145724711731,177.64878080841112,344.85723859757377,15.375023343997581,30.96394688563988,74.00475060725019,4.906325130781665,13.61045977421093,37.12729302535105,0.31818362368155384,55.386611481176935,50.573060790874344,2.1639470362397453,78.96652238046157,1.1625544767677711,203.19946000503302,53.53654558735742,282.7334999299609,107.56766370316478,77.59666985566894,0.4905103946662429,144.05446365879087,0.6602659439387533,1.8264418076902695,15.376165734550273,0.24834957487625772,0.10990362011024923,0.4998352138312675,2.1069328580067803,1.0007229049595636,0.5008766218113077,0.4998352138312675,0.999670427662535,2.499176069156337,0.999670427662535,5.498187352143942,1.1206606729614528,3.998958113196236,3.3291190484539412,100.84164259936249,31.35354599854422,1.691896779409252,4.4985169244814065,38.185458646810545,0.46467201898825417,23592.74285016981,798.0074351476127,4627.246763112112,532.2390233574941,159.8759809375522,5.9076759391960065,69.76502382590716,1.0305888578372204,18.120808882798713,28.152284270504325,108.22996237892497,32.31109589207842,0.814603372416975,0.750393588511114,20.248718949233265,50.95385551132559,27.82164412483197,112.15506132105627,14.75024989405874,0.272734638285904,1.2674656552534849,36.536376741138234,12.707766634030087,18.878586917430567,26.745880494740057,107.81662971508288,7.3574029232076885,1.3913530293830076,80.7498464342934,22.56834069016678,5.618653891289726,12.033069962604587,3.4433092508376193,0.5998022565975208,0.19993408553250697,3.5098782098332393,5.265625808701089,4.281751122571719,1.6697656410776265,1.699590983483541,2.473424478891709,1.3409553573433257,380.664575913774,0.4748945797234811,1.6672860727380197,0.3338078225377425
2020-03-10 08:00:00,0.1184089595866159,35.849814947563885,104.1609814168656,35.84981494756389,104.16098141686558,35.84981494756389,104.16098141686558,35.849814947563885,104.1609814168656,35.84981494756388,104.1609814168656,35.84981494756389,104.16098141686558,35.849814947563885,104.16098141686558,35.84981494756389,104.16098141686558,35.849814947563885,104.1609814168656,0.0,35.849814947563885,104.16098141686558,35.849814947563885,104.16098141686557,35.849814947563885,104.16098141686558,35.849814947563885,104.16098141686561,35.84981494756388,104.1609814168656,35.84981494756389,104.16098141686561,35.8498149475639,104.1609814168656,35.849814947563885,104.16098141686558,35.849814947563885,104.1609814168656,35.84981494756389,104.1609814168656,0.0,35.849814947563885,104.1609814168656,35.84981494756388,104.16098141686558,0.0,35.849814947563885,104.16098141686558,0.0,35.84981494756389,104.1609814168656,0.012238641619784975,35.849814947563885,104.16098141686558,0.0,35.849814947563885,104.16098141686558,0.0,37.077989149435126,-95.68127717585723,4.607568234165212,0.31628088428044593,0.014191507118626342,37.077989149435126,-95.68127717585723,0.9996697015019351,0.0,0.0,37.07798914943512,-95.68127717585723,0.0,0.04540793457521695,37.07798914943513,-95.68127717585723,4.805292151772921,0.03847285523984151,0.04043022436458638,37.07798914943513,-95.68127717585723,1.1602778059321845,0.0,0.03251976435653001,56.11182622441434,-106.31164482126464,0.0,0.16255500873882422,-25.266049904301095,133.73095027350078,6.45005429545079,0.11883327698883825,-25.266049904301095,133.73095027350078,0.0,51.14879104911024,10.448073876659715,0.0,0.0,56.111826224414344,-106.31164482126465,0.03409419873673946,0.15977656031953935,-25.266049904301102,133.73095027350078,0.0,-25.266049904301095,133.73095027350078,0.0,37.077989149435126,-95.68127717585726,2.000391785515321,0.0,37.077989149435126,-95.68127717585725,0.9996697015019351,0.0,0.001098488110069038,37.077989149435126,-95.68127717585726,1.0131534397934143,0.0020826483062341226,37.077989149435126,-95.68127717585723,0.9996697015019351,0.0,37.07798914943513,-95.68127717585725,1.035002346401736,0.0,0.0,37.077989149435126,-95.68127717585723,0.9996697015019351,0.0,0.0,37.07798914943513,-95.68127717585725,0.0,37.077989149435126,-95.68127717585723,1.9993394030038703,0.0,0.0,56.11182622441435,-106.31164482126464,0.9996697015019351,0.0,56.11182622441435,-106.31164482126465,0.0,37.077989149435126,-95.68127717585726,0.9996697015019351,0.0,0.0009545888511558035,0.0,0.0,60.979851791618046,0.0,0.0,0.0,0.0,37.077989149435126,-95.68127717585725,0.0,37.077989149435126,-95.68127717585723,0.9996697015019351,0.0,0.0,37.077989149435126,-95.68127717585723,0.9996697015019351,0.0,0.0,0.0,0.0,0.0,0.0,37.077989149435126,-95.68127717585723,1.0008046360238132,0.0,0.0,37.077989149435126,-95.68127717585723,10.996366716521285,0.0,0.0,37.077989149435126,-95.68127717585723,4.998348507509675,0.0,0.0,37.077989149435126,-95.68127717585723,1.9993394030038703,0.0,0.0,37.077989149435126,-95.68127717585723,0.0,0.0,37.077989149435126,-95.68127717585723,0.0,0.0,37.077989149435126,-95.68127717585723,0.0,0.0,37.07798914943513,-95.68127717585726,36.012850468684604,0.0,0.0,-1.228125846900682e+39,-3.977318396644404e+39,1.328183951329954e+39,-4.639682886742668e+39,2.3557342584471912e+36,1.5044823530014532e+37,4.7393408228687435e+37,-7.346340259470335e+38,-1.1909259741229615e+38,-1.931726852297246e+39,-5.722348087058818e+30,-2.2481996916579108e+30,-6.541028788496193,0.16445113270508874,23.011222394275755,-4.170389354880364e+48,1.022730263718938e+51,-1.1074899444766046e+46,3.6094258974354586e+50,-6.073326516258924e+41,-8.068634873416757e+41,0.6693827437174827,0.33581565787934275,171.52210653090762,110.53232365226665,3.0605921473312923,0.23596194463917722,221.15145775143804,30.02095128136075,1.1322047891309528,1.7879537678311497,113.94753628995767,68.24701295505632,326.20541674760113,1.0537693368454484,32.4844597619626,89.66520376377562,16.076258908496303,142.44607779806077,214.79674456682025,50.59321650433289,4.766027949435818,1.9045032986512773,42.42653898202405,0.767935848266332,40.317979867004,1.3653681260065915,185.4664516788055,220.87829651037822,1.8853795375057092,210.60570918977072,0.39068271831790924,510.8141565808419,1.1653794711939505,81.5148684849133,178.2643837855356,344.7232229996347,15.374941585995092,31.058934651617786,73.94245732472123,4.879743501505878,13.49803067269484,37.12727319710636,0.3181841931207227,55.43842054443897,50.36417361278598,2.162027028294933,78.74585589543527,1.166502160592487,204.30327103547006,53.6263905099488,282.8523503757635,107.56754499819698,77.54133123844552,0.48977006589944266,143.8482216760372,0.6577063415209365,1.8264384460809315,15.259395669189058,0.2483638898725337,0.10990439977920294,0.49983485075096756,2.1070413225861504,1.0007220840133852,0.5008761749040846,0.49983485075096756,0.9996697015019351,2.4991742537548376,0.9996697015019351,5.4981833582606425,1.1210048447812992,3.9989552614244306,3.348354986620591,100.84156269511277,31.353523223328366,1.715961353302213,4.498513656758707,38.18543090889334,0.4789934985297269,23640.888719341125,800.4653975975123,4676.646765960594,531.9128409789146,159.26242388152656,5.91691946409754,69.76749403697778,1.0306630697007928,18.120724373276378,28.108464302258454,108.03363223961985,32.39872522599549,0.8166620229244923,0.7493829578196864,20.167152022991992,50.89275654025123,27.760455212011134,111.90440003441016,14.81711540460551,0.2742353939513534,1.3002555791688923,36.55510194819136,12.736670416602827,18.92826399124728,26.68702649643446,107.57618743024726,7.36348385650519,1.4111963970355834,80.78883297873978,22.653443539413377,5.695345622410989,12.033061221782551,3.443306749617775,0.5998018209011609,0.19993394030038697,3.5168838630250314,5.250768391528707,4.307979060528925,1.6703597759004947,1.6995977559771087,2.4713112211606383,1.3408165026263972,380.6643584605237,0.4748955730371373,1.6672853711814408,0.333807834839753
2020-03-10 09:00:00,0.11890523061075585,35.84978887622758,104.16090566707494,35.84978887622758,104.16090566707493,35.84978887622758,104.16090566707493,35.84978887622758,104.16090566707494,35.84978887622757,104.16090566707494,35.849788876227585,104.16090566707493,35.84978887622757,104.16090566707493,35.84978887622758,104.16090566707493,35.84978887622758,104.16090566707494,0.0,35.84978887622758,104.16090566707493,35.84978887622758,104.16090566707491,35.84978887622758,104.16090566707493,35.84978887622758,104.16090566707496,35.84978887622757,104.16090566707494,35.849788876227585,104.16090566707496,35.849788876227585,104.16090566707494,35.84978887622758,104.16090566707493,35.84978887622757,104.16090566707494,35.84978887622758,104.16090566707494,0.0,35.84978887622758,104.16090566707494,35.84978887622757,104.16090566707493,0.0,35.84978887622758,104.16090566707493,0.0,35.849788876227585,104.16090566707494,0.013542633461100568,35.84978887622758,104.16090566707493,0.0,35.84978887622758,104.16090566707493,0.0,37.07796218492425,-95.68120759282705,5.158061953367712,0.3637613281060256,0.01624377916199276,37.07796218492425,-95.68120759282705,0.9996689745044589,0.0,0.0,37.077962184924246,-95.68120759282705,0.0,0.04994388293141623,37.07796218492426,-95.68120759282705,5.127688073303942,0.04303546828583091,0.04495209660164752,37.07796218492426,-95.68120759282702,1.1516496568252585,0.0,0.0307322883867043,56.11178541777992,-106.31156750743052,0.0,0.16478166497009689,-25.26603152987754,133.73085301931454,6.464367425112135,0.11698614321965722,-25.266031529877537,133.73085301931454,0.0,51.14875385178202,10.448066278426692,0.0,0.0,56.11178541777993,-106.31156750743054,0.033373555296857614,0.15691545825382341,-25.266031529877544,133.73085301931454,0.0,-25.266031529877537,133.73085301931454,0.0,37.07796218492426,-95.68120759282706,2.000390237213867,0.0,37.07796218492425,-95.68120759282705,0.9996689745044589,0.0,0.0010983807456745724,37.07796218492425,-95.68120759282705,1.013151672013394,0.0020824811541063463,37.07796218492425,-95.68120759282705,0.9996689745044589,0.0,37.07796218492425,-95.68120759282705,1.0350207745382518,0.0,0.0,37.07796218492425,-95.68120759282705,0.9996689745044589,0.0,0.0,37.07796218492426,-95.68120759282704,0.0,37.07796218492425,-95.68120759282705,1.9993379490089178,0.0,0.0,56.111785417779934,-106.31156750743052,0.9996689745044589,0.0,56.111785417779934,-106.31156750743054,0.0,37.07796218492425,-95.68120759282705,0.9996689745044589,0.0,0.0009546493544095201,0.0,0.0,60.97980744477199,0.0,0.0,0.0,0.0,37.07796218492425,-95.68120759282704,0.0,37.07796218492425,-95.68120759282705,0.9996689745044589,0.0,0.0,37.07796218492425,-95.68120759282705,0.9996689745044589,0.0,0.0,0.0,0.0,0.0,0.0,37.07796218492425,-95.68120759282705,1.0008038116141196,0.0,0.0,37.07796218492425,-95.68120759282705,10.996358719549049,0.0,0.0,37.07796218492425,-95.68120759282705,4.998344872522295,0.0,0.0,37.07796218492425,-95.68120759282705,1.9993379490089178,0.0,0.0,37.07796218492425,-95.68120759282705,0.0,0.0,37.07796218492425,-95.68120759282705,0.0,0.0,37.07796218492425,-95.68120759282705,0.0,0.0,37.07796218492427,-95.68120759282706,36.01282257559961,0.0,0.0,-1.1615721685514777e+39,-3.7617825295908436e+39,1.2472566709872215e+39,-4.356983402758656e+39,1.3190413832129429e+36,8.424016744701471e+36,4.0359013107450406e+37,-6.255955287982117e+38,-1.1511038474544725e+38,-1.8671338607322137e+39,-5.358681427062069e+30,-2.1053221070663583e+30,-6.541020281625786,0.1648778272310632,23.01121841149183,-3.944390730703458e+48,9.604145139433842e+50,-6.201145409413338e+45,3.0736946877095463e+50,-5.68735447547492e+41,-6.9052279964233234e+41,0.669520326641412,0.3358156602496752,171.52210029084728,110.14852745426252,3.141297020193087,0.2348062875853521,221.0009569190442,29.63462768586873,1.1325348236186217,1.7879512948292187,113.94733693660523,68.35990401998984,325.8103255743071,1.0492353084366843,32.48471707313616,89.66511433451741,16.054160828493675,142.5036906136326,213.9595047834646,49.39306267612924,4.7660735991380445,1.9017013271521293,42.364195870914145,0.7688236612107011,40.363693925980655,1.36908750675115,186.0813209409838,221.386122439718,1.8806940207812382,210.62974439941536,0.39021501889284976,510.81365213740054,1.1658425493567341,80.9483926547862,178.9850857863738,344.50841424159165,15.37490075094215,31.172123090715388,73.86521703183745,4.854191999874618,13.396963028861114,37.127267330840965,0.3181857231635402,55.4903025970644,50.16703642239065,2.1606152573380664,78.5870272646127,1.1699044053087364,205.25612150701212,53.67581523180888,282.9169106122434,107.56742648889332,77.48879587183121,0.4891045145945126,143.64224108055268,0.6551499850788017,1.8264362771793603,15.114584835577666,0.2483779220281098,0.10990516274090589,0.49983448725222945,2.107051913401082,1.000721262709408,0.5008757278292827,0.49983448725222945,0.9996689745044589,2.4991724362611474,0.9996689745044589,5.498179359774524,1.1210425809703912,3.9989524070311875,3.3712481167091157,100.84148277269763,31.35350042186483,1.7403767298037074,4.498510385270063,38.18540313900909,0.4916457593201471,23692.96870650251,803.1209447476646,4729.803586990941,531.6033101100725,158.6811908136306,5.927741533263475,69.75426511991785,1.030270407473202,18.120640177840666,28.06020083596899,107.82290447585741,32.51073601980133,0.8193404732207659,0.7484235470754393,20.090423251352174,50.837828139038166,27.69798224329992,111.64931568336326,14.886222564641495,0.2757880399323808,1.3341084877646407,36.57717174203498,12.770731238953898,18.97807299949814,26.627264197471238,107.33117962374409,7.369733583838512,1.4315901350252598,80.84178389511847,22.767023607708577,5.781518837892445,12.033052470887004,3.4433042455153573,0.5998013847026752,0.19993379490089172,3.522851679764406,5.240977150688944,4.331212407788695,1.671118127311722,1.6996043606109674,2.46962257127766,1.3407052510941277,380.66413879600964,0.4748965284833972,1.6672846589386778,0.3338078422171095
2020-03-10 10:00:00,0.11949030507094183,35.84976388060578,104.16083304275313,35.84976388060577,104.16083304275311,35.84976388060578,104.16083304275311,35.84976388060577,104.16083304275313,35.849763880605764,104.16083304275313,35.849763880605785,104.16083304275311,35.84976388060577,104.1608330427531,35.84976388060578,104.16083304275311,35.84976388060578,104.16083304275311,0.0,35.84976388060577,104.16083304275311,35.84976388060578,104.1608330427531,35.84976388060578,104.16083304275311,35.84976388060578,104.16083304275314,35.84976388060577,104.16083304275313,35.849763880605785,104.16083304275314,35.849763880605785,104.16083304275313,35.84976388060578,104.16083304275311,35.84976388060577,104.16083304275313,35.84976388060578,104.16083304275313,0.0,35.84976388060578,104.16083304275313,35.84976388060577,104.16083304275311,0.0,35.84976388060577,104.16083304275311,0.0,35.849763880605785,104.16083304275311,0.014993779876322045,35.84976388060578,104.16083304275311,0.0,35.84976388060578,104.16083304275313,0.0,37.07793633298066,-95.6811408808225,5.74172538569323,0.41406427921008776,0.018414127742523677,37.07793633298066,-95.6811408808225,0.9996682775032102,0.0,0.0,37.077936332980656,-95.6811408808225,0.0,0.05443021573728743,37.07793633298066,-95.6811408808225,5.453304982697928,0.04765272060369219,0.04951128020446489,37.07793633298066,-95.68114088082248,1.1425224538226826,0.0,0.028828656995599573,56.11174629484473,-106.31149338359833,0.0,0.16732141089086527,-25.26601391359057,133.73075977787772,6.474080964516728,0.11511722086706387,-25.26601391359057,133.7307597778777,0.0,51.148718189231495,10.44805899370002,0.0,0.0,56.11174629484474,-106.31149338359835,0.03283728716413373,0.1547881564251047,-25.266013913590577,133.7307597778777,0.0,-25.26601391359057,133.73075977787772,0.0,37.07793633298067,-95.6811408808225,2.0003887520547714,0.0,37.07793633298066,-95.68114088082248,0.9996682775032102,0.0,0.0010982765471869856,37.07793633298066,-95.6811408808225,1.0131499721507107,0.002082319942672128,37.07793633298066,-95.6811408808225,0.9996682775032102,0.0,37.07793633298066,-95.68114088082251,1.0350395183234142,0.0,0.0,37.07793633298066,-95.6811408808225,0.9996682775032102,0.0,0.0,37.07793633298067,-95.68114088082248,0.0,37.07793633298066,-95.6811408808225,1.9993365550064204,0.0,0.0,56.11174629484474,-106.31149338359833,0.9996682775032102,0.0,56.11174629484474,-106.31149338359835,0.0,37.07793633298066,-95.6811408808225,0.9996682775032102,0.0,0.0009547100025021696,0.0,0.0,60.979764927695825,0.0,0.0,0.0,0.0,37.07793633298066,-95.68114088082248,0.0,37.07793633298066,-95.6811408808225,0.9996682775032102,0.0,0.0,37.07793633298066,-95.6811408808225,0.9996682775032102,0.0,0.0,0.0,0.0,0.0,0.0,37.07793633298066,-95.6811408808225,1.0008030199553573,0.0,0.0,37.07793633298066,-95.6811408808225,10.996351052535312,0.0,0.0,37.07793633298066,-95.6811408808225,4.99834138751605,0.0,0.0,37.07793633298066,-95.6811408808225,1.9993365550064204,0.0,0.0,37.07793633298066,-95.6811408808225,0.0,0.0,37.07793633298066,-95.6811408808225,0.0,0.0,37.07793633298066,-95.6811408808225,0.0,0.0,37.07793633298067,-95.68114088082251,36.01279582226721,0.0,0.0,-1.0742419712976668e+39,-3.4789613504773757e+39,1.1419187686254176e+39,-3.9890114343998554e+39,5.552565317705854e+34,3.546128560317239e+35,3.1590865432503334e+37,-4.896825428516523e+38,-1.0965898446254147e+38,-1.7787100918504798e+39,-4.885525452312059e+30,-1.9194282920877138e+30,-6.54101207868439,0.16515841805716608,23.01121473747844,-3.6478405637103825e+48,8.793020591857335e+50,-2.6104006567531834e+44,2.4059229347732634e+50,-5.1851776270802125e+41,-5.453970847033634e+41,0.6696941158138167,0.33581567039794175,171.5220981024926,109.61550106133743,3.237601254365849,0.23346060540843044,220.86939665453704,29.2600374380321,1.1326255972224688,1.787950097946389,113.94739010452065,68.37640706873572,325.3426647999847,1.0438680113089052,32.48497201431446,89.66504529091942,16.00136774158498,142.5716333538623,213.1707914210879,48.26221501191247,4.766137678246636,1.8986146055822342,42.295497460125965,0.7696567786902827,40.41457438033354,1.3710818880999864,186.41387500918103,221.72323745129643,1.8765402947533332,210.6366034776517,0.38980049481632895,510.8133020569461,1.1658766198439863,80.2729363544375,179.82249027401855,344.2112153832784,15.374892424243104,31.30553779389136,73.77528458965034,4.830118431601205,13.306974652274764,37.127273198322754,0.31818798796912046,55.53905273686722,49.99409509687884,2.159825931883123,78.50385056960752,1.1727603491793608,206.0578421879108,53.691188058079554,282.9215861464777,107.56731241306169,77.44221637004327,0.48851189723148075,143.44237273726768,0.6526694762535814,1.8264350883515275,14.94595964384738,0.24839171340468533,0.10990592127310288,0.4998341387516051,2.106908591169479,1.0007204745515614,0.5008752987229412,0.4998341387516051,0.9996682775032102,2.499170693758025,0.9996682775032102,5.498175526267656,1.120600187221345,3.998949670152918,3.3966561496549614,100.84140606524325,31.35347856119944,1.7647629546616685,4.498507248764445,38.18537651492217,0.5023296774186801,23746.970391914998,805.8729396960997,4784.772755352846,531.328957127146,158.16758146811532,5.940316529282954,69.72341453130281,1.0293536646205528,18.120558828047418,28.008011655664767,107.59929150563899,32.64535656512432,0.8225924126298876,0.7475729384533895,20.023580574918775,50.78891850499104,27.63535622292635,111.39424062216199,14.956135246575212,0.27735996413509645,1.3683286946703497,36.60300358882672,12.81059143549447,19.024811644983068,26.56769969694902,107.08587050838332,7.376060358195206,1.4522344004260537,80.90741972111873,22.906458970466872,5.877421301443692,12.033044081057158,3.4433018447332784,0.599800966501926,0.19993365550064196,3.5273256074588235,5.237344868147501,4.3509167234161055,1.6720759030699206,1.6996108873541862,2.4682809664063496,1.340616599892424,380.6639304774959,0.4748974888157184,1.6672839871293033,0.33380785481304664
2020-03-10 11:00:00,0.12017328967409503,35.84974134981177,104.16076757994337,35.849741349811765,104.16076757994335,35.84974134981177,104.16076757994335,35.849741349811765,104.16076757994337,35.84974134981176,104.16076757994337,35.84974134981178,104.16076757994335,35.849741349811765,104.16076757994334,35.84974134981177,104.16076757994335,35.84974134981177,104.16076757994335,0.0,35.849741349811765,104.16076757994335,35.849741349811765,104.16076757994334,35.84974134981177,104.16076757994335,35.84974134981177,104.16076757994338,35.849741349811765,104.16076757994337,35.84974134981178,104.16076757994338,35.84974134981178,104.16076757994337,35.84974134981177,104.16076757994335,35.849741349811765,104.16076757994337,35.84974134981177,104.16076757994337,0.0,35.84974134981177,104.16076757994337,35.849741349811765,104.16076757994335,0.0,35.849741349811765,104.16076757994335,0.0,35.84974134981177,104.16076757994335,0.01659238799192614,35.84974134981177,104.16076757994335,0.0,35.84974134981177,104.16076757994337,0.0,37.07791303030709,-95.68108074731416,6.352936720717213,0.466692885806967,0.020679855016134566,37.07791303030709,-95.68108074731416,0.9996676492335203,0.0,0.0,37.07791303030708,-95.68108074731416,0.0,0.05878000154287982,37.07791303030709,-95.68108074731416,5.776625941637859,0.05224912261060299,0.054028147290024246,37.07791303030709,-95.68108074731416,1.1331886850748845,0.0,0.026863976512808273,56.111711029837096,-106.31142656914551,0.0,0.17001439661764844,-25.26599803445238,133.73067573101451,6.4777389113346935,0.11317868030692878,-25.26599803445238,133.73067573101451,0.0,51.148686043378675,10.44805242732302,0.0,0.0,56.1117110298371,-106.31142656914552,0.032514748516052,0.1535110119219555,-25.265998034452384,133.73067573101451,0.0,-25.265998034452377,133.73067573101451,0.0,37.07791303030709,-95.68108074731416,2.000387410859811,0.0,37.07791303030709,-95.68108074731416,0.9996676492335203,0.0,0.001098178285159012,37.07791303030709,-95.68108074731416,1.0131484237680344,0.002082171499825154,37.07791303030709,-95.68108074731416,0.9996676492335203,0.0,37.07791303030709,-95.68108074731416,1.0350582908391883,0.0,0.0,37.07791303030709,-95.68108074731416,0.9996676492335203,0.0,0.0,37.077913030307094,-95.68108074731414,0.0,37.07791303030709,-95.68108074731416,1.9993352984670405,0.0,0.0,56.1117110298371,-106.31142656914551,0.9996676492335203,0.0,56.11171102983711,-106.31142656914551,0.0,37.07791303030709,-95.68108074731416,0.9996676492335203,0.0,0.0009547740034930763,0.0,0.0,60.979726603244735,0.0,0.0,0.0,0.0,37.07791303030709,-95.68108074731414,0.0,37.07791303030709,-95.68108074731416,0.9996676492335203,0.0,0.0,37.07791303030709,-95.68108074731416,0.9996676492335203,0.0,0.0,0.0,0.0,0.0,0.0,37.07791303030709,-95.68108074731416,1.000802302005658,0.0,0.0,37.07791303030709,-95.68108074731416,10.996344141568722,0.0,0.0,37.07791303030709,-95.68108074731416,4.998338246167601,0.0,0.0,37.07791303030709,-95.68108074731416,1.9993352984670405,0.0,0.0,37.07791303030709,-95.68108074731416,0.0,0.0,37.07791303030709,-95.68108074731416,0.0,0.0,37.07791303030709,-95.68108074731416,0.0,0.0,37.077913030307094,-95.68108074731417,36.01277166760632,0.0,0.0,-9.615677008291177e+38,-3.114062712529163e+39,1.006893637728893e+39,-3.5173344588774195e+39,-1.473225272028034e+36,-9.40870735234163e+36,2.076234261518387e+37,-3.2183216851347805e+38,-1.0239300426412265e+38,-1.6608531522713183e+39,-4.2796808477397146e+30,-1.6814036853231477e+30,-6.541004520690431,0.1652876112949209,23.01121189872456,-3.265228651977741e+48,7.753297987227111e+50,6.92600266294746e+45,1.5812354487158859e+50,-4.54217373327587e+41,-3.660811975486414e+41,0.6699116380322907,0.3358157071903227,171.52210826186212,108.93672572142009,3.3479185291785467,0.23196225381427737,220.76515213593692,28.907783784940225,1.132533747023655,1.7879499993033845,113.94764685537749,68.29317588288575,324.8144917924966,1.037805243229394,32.48522831447287,89.66499687524164,15.915868315930146,142.65096993264248,212.44375400342736,47.21964860816613,4.7662156927077195,1.89525069090134,42.22061442743213,0.7703817190057286,40.47063412505139,1.3714264103834375,186.47650131661382,221.8837023010508,1.873165095769189,210.6303496527976,0.3894636960668616,510.81309801693135,1.1654657898902077,79.5065486590025,180.78793942834835,343.8335316640412,15.37491099685983,31.46125731493497,73.67515761900343,4.807923546099986,13.22757204686366,37.12728973407862,0.3181908235005108,55.58167546200955,49.85623306715275,2.1597347884092755,78.50546199946656,1.175092683773763,206.71476258122638,53.68058243002904,282.8641630117941,107.56720809223413,77.40435658208705,0.48798898307172334,143.25421017921727,0.6503342130836791,1.8264347566174508,14.758200889509832,0.24840531896496,0.1099066914560994,0.4998338246167601,2.106554783127148,1.0007197616262908,0.5008749103666729,0.4998338246167601,0.9996676492335203,2.4991691230838007,0.9996676492335203,5.498172070784361,1.1195021481598963,3.998947201711923,3.423240397669673,100.84133663397573,31.353458856222602,1.7887182928947896,4.49850442155084,38.18535251624661,0.5108050744501695,23800.8821089563,808.6203240002802,4839.613875302026,531.1060297543112,157.7525220744973,5.95481493844724,69.67377974716855,1.0278782285208816,18.120483501287083,27.952595933739318,107.36496978613624,32.800338998748565,0.826359516390454,0.7468816055576705,19.97103111661954,50.745761446019884,27.57384649903842,111.14418280247055,15.02527530903349,0.27891538358538703,1.4021504248555863,36.633019693363366,12.856900300100783,19.06548092554088,26.509582494272014,106.84506839427274,7.382361344539095,1.472793017814592,80.9840963512436,23.068372686826933,5.9830742551426646,12.033036518551633,3.443299680693235,0.5998005895401121,0.19993352984670398,3.52986447762733,5.240657494454253,4.366666514171186,1.6732744709320349,1.6996174504754968,2.4672213477879086,1.3405463682111731,380.6637505508077,0.47489850802167083,1.6672834200442195,0.3338078854053496
2020-03-10 12:00:00,0.12096317344533172,35.849723023785266,104.16071433400863,35.84972302378526,104.16071433400863,35.849723023785266,104.16071433400865,35.849723023785266,104.16071433400865,35.84972302378525,104.16071433400865,35.84972302378527,104.16071433400865,35.84972302378526,104.16071433400863,35.849723023785266,104.16071433400863,35.849723023785266,104.16071433400863,0.0,35.84972302378526,104.16071433400863,35.84972302378526,104.16071433400863,35.849723023785266,104.16071433400863,35.849723023785266,104.16071433400865,35.84972302378526,104.16071433400865,35.84972302378527,104.16071433400866,35.84972302378527,104.16071433400865,35.849723023785266,104.16071433400865,35.84972302378526,104.16071433400865,35.849723023785266,104.16071433400865,0.0,35.849723023785266,104.16071433400865,35.84972302378526,104.16071433400863,0.0,35.84972302378526,104.16071433400863,0.0,35.84972302378527,104.16071433400865,0.01833455551779489,35.849723023785266,104.16071433400865,0.0,35.849723023785266,104.16071433400865,0.0,37.07789407645159,-95.6810318361099,6.984720980459849,0.5210310979851901,0.023012857044134714,37.07789407645159,-95.6810318361099,0.9996671382134922,0.0,0.0,37.077894076451585,-95.6810318361099,0.0,0.06290390344920486,37.07789407645159,-95.6810318361099,6.091756144606513,0.056744321785119525,0.0584173486650154,37.07789407645159,-95.6810318361099,1.123938422672955,0.0,0.0248923094187469,56.11168234609588,-106.3113722238156,0.0,0.1726872536770289,-25.265985118728803,133.73060736924074,6.474065467586594,0.1111230613828197,-25.265985118728803,133.73060736924074,0.0,51.14865989668582,10.448047086383909,0.0,0.0,56.11168234609589,-106.31137222381561,0.03242410336115546,0.15315596962128109,-25.26598511872881,133.73060736924072,0.0,-25.2659851187288,133.73060736924074,0.0,37.0778940764516,-95.6810318361099,2.0003863148586727,0.0,37.07789407645159,-95.6810318361099,0.9996671382134922,0.0,0.0010980894225405913,37.07789407645159,-95.6810318361099,1.0131471315093252,0.0020820443732136717,37.07789407645159,-95.6810318361099,0.9996671382134922,0.0,37.07789407645159,-95.6810318361099,1.035076827753525,0.0,0.0,37.07789407645159,-95.6810318361099,0.9996671382134922,0.0,0.0,37.0778940764516,-95.68103183610988,0.0,37.07789407645159,-95.6810318361099,1.9993342764269844,0.0,0.0,56.1116823460959,-106.3113722238156,0.9996671382134922,0.0,56.1116823460959,-106.3113722238156,0.0,37.07789407645159,-95.6810318361099,0.9996671382134922,0.0,0.0009548453924764816,0.0,0.0,60.97969543102302,0.0,0.0,0.0,0.0,37.07789407645159,-95.68103183610988,0.0,37.07789407645159,-95.6810318361099,0.9996671382134922,0.0,0.0,37.07789407645159,-95.6810318361099,0.9996671382134922,0.0,0.0,0.0,0.0,0.0,0.0,37.07789407645159,-95.6810318361099,1.000801709059896,0.0,0.0,37.07789407645159,-95.6810318361099,10.996338520348413,0.0,0.0,37.07789407645159,-95.6810318361099,4.99833569106746,0.0,0.0,37.07789407645159,-95.6810318361099,1.9993342764269844,0.0,0.0,37.07789407645159,-95.6810318361099,0.0,0.0,37.07789407645159,-95.6810318361099,0.0,0.0,37.07789407645159,-95.6810318361099,0.0,0.0,37.07789407645161,-95.68103183610991,36.01275193892111,0.0,0.0,-8.181485731915428e+38,-2.6495960324872654e+39,8.359632847306353e+38,-2.920231450038347e+39,-3.310191235114156e+36,-2.1140433308345155e+37,7.49942996728308e+36,-1.1624689244941376e+38,-9.289873890872931e+37,-1.5068525869267313e+39,-3.5139322370006463e+30,-1.3805558927108158e+30,-6.540998034504456,0.16527041106523355,23.01121055537984,-2.7782153669016506e+48,6.437097435154233e+50,1.5562041830645474e+46,5.71147713396955e+49,-3.7294581711258935e+41,-1.4638866312892377e+41,0.6701816656783807,0.33581579430683284,171.52214123260487,108.12156848167106,3.470333272555617,0.23035038121157164,220.69485388321726,28.587657211356298,1.1323225570564648,1.7879509205823594,113.94807575210179,68.11249394407076,324.2420745542352,1.0312330074819742,32.48549079917284,89.66497147610401,15.797056911180668,142.74275183906386,211.78978506978984,46.281810040268695,4.766304370546506,1.8916267678406247,42.139932892379605,0.7709523797874499,40.531738854221686,1.3702807537856372,186.29546532929595,221.8735255872667,1.8707646912958562,210.61552026563496,0.38922415606035304,510.8130460269696,1.1646193774894733,78.67348727112383,181.89200697836674,343.3805350445618,15.374953269046731,31.64133270754589,73.56745405661565,4.787954465555238,13.158106846819521,37.12731694543012,0.31819411692935107,55.615595494997436,49.76207381593079,2.160374967913917,78.59582296555111,1.1769422761407171,207.23821658852884,53.65300751134457,282.74594775688183,107.56712018972686,77.3774156847109,0.4875315264370096,143.08291804377103,0.6482082579784564,1.8264352390732488,14.556213828279066,0.2484188095879322,0.10990749394883734,0.4998335691067461,2.10593926007425,1.0007191766451808,0.500874591293353,0.4998335691067461,0.9996671382134922,2.49916784553373,0.9996671382134922,5.4981692601742065,1.1175894076543644,3.998945190742424,3.4495604292290976,100.84127956530293,31.353442828650397,1.8118395366970963,4.498502121960714,38.185332996279215,0.5169068566348421,23852.81838998021,811.2684232846906,4892.5118171956765,530.9474604840702,157.46058506005275,5.9713957397317134,69.6050088313606,1.025833582349914,18.120418174750746,27.894839533994066,107.12280693099639,32.972976530627015,0.8305719041172231,0.746389698093319,19.93625859043354,50.708007120530034,27.514825307235743,110.90458108485896,15.09196200268472,0.28041622997842813,1.4347571054786088,36.66763269413422,12.910291946834025,19.097495218335425,26.45427187237696,106.61398650313436,7.388526277713948,1.4929053629627276,81.06981772975337,23.24865697673285,6.0982208531137365,12.033030367384628,3.4432979205131384,0.5998002829280951,0.19993342764269834,3.530085277531622,5.251355889058517,4.378174817332926,1.6747620355498438,1.6996241942979138,2.4663894997399467,1.3404910916093826,380.6636203800976,0.47489965398901424,1.6672830382784332,0.33380795003247055
2020-03-10 13:00:00,0.12186839574602651,35.84971107470961,104.16067961618793,35.8497110747096,104.16067961618793,35.84971107470961,104.16067961618795,35.84971107470961,104.16067961618795,35.849711074709596,104.16067961618795,35.84971107470962,104.16067961618795,35.8497110747096,104.16067961618793,35.84971107470961,104.16067961618793,35.84971107470961,104.16067961618793,0.0,35.8497110747096,104.16067961618793,35.8497110747096,104.16067961618793,35.84971107470961,104.16067961618792,35.84971107470961,104.16067961618795,35.8497110747096,104.16067961618795,35.84971107470962,104.16067961618795,35.84971107470962,104.16067961618795,35.84971107470961,104.16067961618795,35.8497110747096,104.16067961618795,35.84971107470961,104.16067961618795,0.0,35.84971107470961,104.16067961618795,35.8497110747096,104.16067961618793,0.0,35.8497110747096,104.16067961618793,0.0,35.84971107470961,104.16067961618795,0.020211430970601463,35.84971107470961,104.16067961618795,0.0,35.84971107470961,104.16067961618793,0.0,37.07788171801408,-95.68099994465322,7.628915039202716,0.5763575936954712,0.02538019437697695,37.07788171801408,-95.68099994465322,0.9996668050143136,0.0,0.0,37.07788171801408,-95.68099994465322,0.0,0.06671443120565795,37.07788171801409,-95.68099994465322,6.392682531361229,0.06105683299678556,0.06259140611680734,37.07788171801409,-95.68099994465322,1.1150516830260095,0.0,0.02296509453614969,56.11166364350403,-106.31133678915884,0.0,0.17516540991270377,-25.26597669732015,133.7305627954753,6.462103194615927,0.10890957464948087,-25.26597669732015,133.7305627954753,0.0,51.148642848319604,10.44804360394403,0.0,0.0,56.111663643504045,-106.31133678915884,0.03257160192673575,0.15374767125066052,-25.265976697320156,133.73056279547527,0.0,-25.265976697320145,133.7305627954753,0.0,37.07788171801409,-95.68099994465324,2.000385590425292,0.0,37.07788171801408,-95.68099994465321,0.9996668050143136,0.0,0.0010980142756343361,37.07788171801408,-95.68099994465324,1.0131462259944954,0.0020819492297201045,37.07788171801408,-95.68099994465322,0.9996668050143136,0.0,37.07788171801408,-95.68099994465321,1.035094871419029,0.0,0.0,37.07788171801408,-95.68099994465322,0.9996668050143136,0.0,0.0,37.0778817180141,-95.68099994465321,0.0,37.07788171801408,-95.68099994465322,1.9993336100286272,0.0,0.0,56.111663643504045,-106.31133678915884,0.9996668050143136,0.0,56.111663643504045,-106.31133678915884,0.0,37.07788171801408,-95.68099994465324,0.9996668050143136,0.0,0.0009549292232470573,0.0,0.0,60.97967510587311,0.0,0.0,0.0,0.0,37.07788171801408,-95.68099994465321,0.0,37.07788171801408,-95.68099994465322,0.9996668050143136,0.0,0.0,37.07788171801408,-95.68099994465322,0.9996668050143136,0.0,0.0,0.0,0.0,0.0,0.0,37.07788171801408,-95.68099994465322,1.000801305148816,0.0,0.0,37.07788171801408,-95.68099994465322,10.996334855157446,0.0,0.0,37.07788171801408,-95.68099994465322,4.998334025071566,0.0,0.0,37.07788171801408,-95.68099994465322,1.9993336100286272,0.0,0.0,37.07788171801408,-95.68099994465322,0.0,0.0,37.07788171801408,-95.68099994465322,0.0,0.0,37.07788171801408,-95.68099994465322,0.0,0.0,37.0778817180141,-95.68099994465322,36.01273891739427,0.0,0.0,-6.3764720201932326e+38,-2.0650375151377957e+39,6.2185669402361674e+38,-2.1723029090803018e+39,-5.502995751611776e+36,-3.5144711111847544e+37,-8.622538315782295e+36,1.3365592966521146e+38,-8.068437962238627e+37,-1.308731071990323e+39,-2.5565985237411233e+30,-1.0044380253215087e+30,-6.540993152758823,0.16512159458648384,23.0112115322121,-2.1652806267220204e+48,4.788430548624874e+50,2.5870967565863757e+46,-6.566823164195128e+49,-2.713406694145902e+41,1.2070175166191654e+41,0.6705143324752408,0.33581596135747804,171.5222101354551,107.18451560277501,3.60262567659808,0.2286641636949434,220.66295560428125,28.308381153413446,1.1320560760509062,1.7879528753307015,113.94866055747197,67.8421551630369,323.64499834576833,1.0243752777609756,32.48576561644927,89.66497367666827,15.645727869069006,142.84796819879034,211.21837995428803,45.46241242391187,4.766401444212134,1.8877708885813886,42.054082202260474,0.77133331850892,40.597581221490714,1.3678791380722717,185.90926411426364,221.71004949390465,1.8694722673769213,210.59670716118728,0.3890951336023358,510.81316625151,1.1633713891831627,77.8028923883021,183.14389183087368,342.86024051046036,15.375018184276572,31.847689164164034,73.45479438056582,4.770500412109097,13.09782672968226,37.12735587594395,0.31819779881763915,55.63884223354374,49.71742097453597,2.161735785996051,78.77357413726088,1.1783614014392183,207.64266325097162,53.617571417979754,282.57169481719376,107.56705702222588,77.3628870604052,0.4871346028129126,142.93309806853028,0.6463486715422627,1.8264365674973733,14.344906960203364,0.24843227570532034,0.10990835495421859,0.4998334025071568,2.105021701378958,1.000718785410979,0.5008743771220168,0.4998334025071568,0.9996668050143136,2.499167012535783,0.9996668050143136,5.498167427578723,1.1147366721110044,3.998943873234898,3.4741776391938712,100.84124120874537,31.353432378230455,1.8337460712386782,4.498500622564409,38.18532026872111,0.5205578327658612,23901.134845442884,813.7347191402416,4941.887539966291,530.8620351372283,157.3083998089915,5.990197305167547,69.51755745848035,1.0232332141776452,18.120367811383094,27.835812039666642,106.87635490031593,33.160140335572095,0.8351490790296717,0.7461244618502338,19.92159643860383,50.67524979621171,27.459721075262646,110.68111520559809,15.154464376203709,0.28182332833355844,1.4653069975405981,36.70722778585971,12.97135764510657,19.118866179834022,26.403192413772842,106.39806023904295,7.3944421734260715,1.512201671198679,81.16225992570132,23.442521338758638,6.222277308080137,12.033026356653773,3.443296772827079,0.5998000830085879,0.19993336100286258,3.5277037025816997,5.269511173297111,4.385316725159197,1.6765942703151573,1.6996313001452563,2.465740503703863,1.3404479242853453,380.66356664954316,0.474901011723772,1.6672829425130613,0.3338080687493739
2020-03-10 14:00:00,0.12289633559726422,35.84970820464335,104.1606712772629,35.84970820464334,104.1606712772629,35.84970820464334,104.16067127726292,35.84970820464335,104.16067127726292,35.849708204643335,104.16067127726292,35.849708204643356,104.16067127726294,35.84970820464334,104.16067127726292,35.84970820464335,104.1606712772629,35.84970820464335,104.1606712772629,0.0,35.84970820464334,104.1606712772629,35.84970820464334,104.16067127726292,35.84970820464335,104.1606712772629,35.84970820464335,104.16067127726292,35.84970820464334,104.16067127726292,35.849708204643356,104.16067127726292,35.849708204643356,104.16067127726292,35.84970820464334,104.16067127726294,35.84970820464334,104.16067127726292,35.84970820464335,104.16067127726292,0.0,35.84970820464335,104.16067127726292,35.84970820464334,104.1606712772629,0.0,35.84970820464334,104.16067127726292,0.0,35.84970820464335,104.16067127726294,0.022208573761872158,35.84970820464335,104.16067127726292,0.0,35.84970820464335,104.1606712772629,0.0,37.07787874962259,-95.68099228459678,8.276443614092997,0.6318692788525984,0.027745076757335604,37.07787874962259,-95.68099228459678,0.9996667249827068,0.0,0.0,37.077878749622585,-95.68099228459678,0.0,0.07013067098744342,37.07787874962259,-95.68099228459678,6.673582540357786,0.06510846619059345,0.06646499226586289,37.07787874962259,-95.6809922845968,1.1067926569900506,0.0,0.02112994856976646,56.11165915130066,-106.3113282780559,0.0,0.1772856868816514,-25.26597467456947,133.73055208923623,6.441330817665975,0.10650966415598113,-25.26597467456947,133.73055208923623,0.0,51.148638753447145,10.44804276749161,0.0,0.0,56.111659151300664,-106.31132827805591,0.032951330746732926,0.15526244980394216,-25.265974674569478,133.73055208923623,0.0,-25.265974674569467,133.73055208923623,0.0,37.0778787496226,-95.6809922845968,2.0003853947574863,0.0,37.07787874962259,-95.68099228459677,0.9996667249827068,0.0,0.0010979582071461963,37.07787874962259,-95.6809922845968,1.0131458696894844,0.002081899334594772,37.07787874962259,-95.68099228459678,0.9996667249827068,0.0,37.07787874962259,-95.68099228459677,1.035112156318576,0.0,0.0,37.07787874962259,-95.68099228459678,0.9996667249827068,0.0,0.0,37.0778787496226,-95.68099228459677,0.0,37.07787874962259,-95.68099228459678,1.9993334499654136,0.0,0.0,56.11165915130067,-106.31132827805591,0.9996667249827068,0.0,56.11165915130067,-106.31132827805591,0.0,37.07787874962259,-95.6809922845968,0.9996667249827068,0.0,0.0009550317981672617,0.0,0.0,60.979670223945114,0.0,0.0,0.0,0.0,37.07787874962259,-95.68099228459677,0.0,37.07787874962259,-95.68099228459678,0.9996667249827068,0.0,0.0,37.07787874962259,-95.68099228459678,0.9996667249827068,0.0,0.0,0.0,0.0,0.0,0.0,37.07787874962259,-95.68099228459678,1.0008011699159878,0.0,0.0,37.07787874962259,-95.68099228459678,10.996333974809774,0.0,0.0,37.07787874962259,-95.68099228459678,4.998333624913532,0.0,0.0,37.07787874962259,-95.68099228459678,1.9993334499654136,0.0,0.0,37.07787874962259,-95.68099228459678,0.0,0.0,37.07787874962259,-95.68099228459678,0.0,0.0,37.07787874962259,-95.68099228459678,0.0,0.0,37.077878749622606,-95.68099228459678,36.0127354406062,0.0,0.0,-4.1268745792921995e+38,-1.3364993682272607e+39,3.561411396856919e+38,-1.2440911888825933e+39,-8.103855750891072e+36,-5.175502255725656e+37,-2.8081388741888924e+37,4.3528297365948474e+38,-6.516991201475626e+37,-1.0570805552667634e+39,-1.3711030469823926e+30,-5.3867982173749334e+29,-6.540990537757116,0.16486447452273809,23.011215855713626,-1.4013770541381938e+48,2.742363520860198e+50,3.809826479119745e+46,-2.138645342235532e+50,-1.4551992233020231e+41,4.430870829010386e+41,0.6709212330163964,0.3358162452207093,171.52233133806507,106.14414701932985,3.7423146111974157,0.2269412205811496,220.67142915863036,28.07742448438666,1.1317932391357735,1.787955965834863,113.94939873523595,67.495017817702,323.0450817837399,1.0174815809889932,32.48606051384279,89.66501040291442,15.46398170643128,142.96748674302387,210.73706168628752,44.77232436097862,4.766505488965388,1.883722892737662,41.963955614013656,0.7715023147088469,40.667658529998015,1.3645157927471856,185.36623653613353,221.42050863959741,1.8693490239976407,210.57813745711138,0.3890827247739776,510.8134934913337,1.161778534838267,76.92718001892489,184.55071993398187,342.28293884270266,15.375106676177026,32.08200969617194,73.33969592284973,4.7557904235056645,13.045919574946913,37.12740861820355,0.3182018376487763,55.65019362202035,49.72486296246048,2.1637644734934858,79.03224992018134,1.1794062107187189,207.94359609865387,53.582645127368465,282.34932970839856,107.5670289334772,77.36145870480217,0.4867929006979888,142.80869072553548,0.6448042883253567,1.8264388467060024,14.128993431053571,0.24844583165708486,0.10990930739742781,0.4998333624913534,2.1037774826087143,1.0007186697747799,0.5008743121586507,0.4998333624913534,0.9996667249827068,2.499166812456766,0.9996667249827068,5.498166987404887,1.1108672916874953,3.9989435427415625,3.495761173710098,100.84122946225254,31.35342986812853,1.8541065559315442,4.498500262422179,38.18531721166998,0.5217770748580456,23944.52335098851,815.9536275200439,4986.489649861581,530.853806217317,157.30353030608728,6.011326923537068,69.4126351609854,1.0201130155742995,18.120338582968202,27.776753732828325,106.62980288740671,33.35834143419145,0.840001482639788,0.7460984171866782,19.92806766503357,50.64705196174319,27.409962248551754,110.47947756848944,15.211064722478683,0.2830978246905074,1.4929642088505304,36.75214127958497,13.040612642081523,19.12834635698948,26.357780301415563,106.20272782502161,7.399998908068239,1.530321168310387,81.25880999608587,23.64457164893646,6.354290649295672,12.03302539331036,3.4432964971626556,0.599800034989624,0.19993334499654128,3.522568600686702,5.294814414930773,4.388144771088221,1.6788348586186839,1.6996389946710158,2.465237328598847,1.3404145507483092,380.663622564467,0.47490268720840845,1.6672832580504138,0.3338082665338533
2020-03-10 15:00:00,0.12405272821910651,35.84971776175658,104.16069904528055,35.84971776175657,104.16069904528055,35.84971776175657,104.16069904528057,35.84971776175658,104.16069904528055,35.849717761756565,104.16069904528055,35.84971776175659,104.16069904528057,35.84971776175657,104.16069904528055,35.84971776175658,104.16069904528055,35.84971776175658,104.16069904528054,0.0,35.84971776175658,104.16069904528054,35.84971776175657,104.16069904528055,35.84971776175659,104.16069904528054,35.84971776175658,104.16069904528057,35.84971776175657,104.16069904528057,35.84971776175659,104.16069904528057,35.84971776175659,104.16069904528055,35.84971776175657,104.16069904528057,35.84971776175657,104.16069904528055,35.84971776175658,104.16069904528055,0.0,35.84971776175658,104.16069904528055,35.84971776175657,104.16069904528055,0.0,35.84971776175657,104.16069904528055,0.0,35.84971776175658,104.16069904528057,0.024305481133311956,35.84971776175658,104.16069904528057,0.0,35.84971776175658,104.16069904528055,0.0,37.07788863415174,-95.68101779203108,8.917708230084498,0.6867145446178811,0.03006827090390062,37.07788863415174,-95.68101779203108,0.9996669914821726,0.0,0.0,37.07788863415174,-95.68101779203108,0.0,0.07308320520491218,37.07788863415174,-95.68101779203108,6.929166700913573,0.06882923400004251,0.06995968410389017,37.07788863415175,-95.6810177920311,1.0994058629959689,0.0,0.019429864249451156,56.11167411001321,-106.31135661941356,0.0,0.1789083348068476,-25.265981410183038,133.7305877402385,6.411750965516854,0.10391139179480541,-25.265981410183038,133.7305877402385,0.0,51.14865238907647,10.448045552817707,0.0,0.0,56.11167411001322,-106.31135661941357,0.033545439188254596,0.15762921958279152,-25.265981410183038,133.7305877402385,0.0,-25.265981410183034,133.7305877402385,0.0,37.07788863415175,-95.68101779203111,2.0003859226389697,0.0,37.07788863415174,-95.68101779203108,0.9996669914821726,0.0,0.0010979278560782583,37.07788863415174,-95.68101779203111,1.013146263895793,0.0020819111220236816,37.07788863415174,-95.68101779203108,0.9996669914821726,0.0,37.07788863415174,-95.6810177920311,1.03512839517041,0.0,0.0,37.07788863415174,-95.68101779203108,0.9996669914821726,0.0,0.0,37.07788863415174,-95.68101779203108,0.0,37.07788863415174,-95.68101779203108,1.9993339829643453,0.0,0.0,56.11167411001322,-106.31135661941356,0.9996669914821726,0.0,56.111674110013226,-106.31135661941356,0.0,37.07788863415174,-95.68101779203111,0.9996669914821726,0.0,0.0009551609418808503,0.0,0.0,60.979686480412525,0.0,0.0,0.0,0.0,37.07788863415174,-95.68101779203107,0.0,37.07788863415174,-95.68101779203108,0.9996669914821726,0.0,0.0,37.07788863415174,-95.68101779203108,0.9996669914821726,0.0,0.0,0.0,0.0,0.0,0.0,37.07788863415174,-95.68101779203108,1.000801402043038,0.0,0.0,37.07788863415174,-95.68101779203108,10.996336906303899,0.0,0.0,37.07788863415174,-95.68101779203108,4.9983349574108615,0.0,0.0,37.07788863415174,-95.68101779203108,1.9993339829643453,0.0,0.0,37.07788863415174,-95.68101779203108,0.0,0.0,37.07788863415174,-95.68101779203108,0.0,0.0,37.07788863415174,-95.68101779203108,0.0,0.0,37.07788863415175,-95.6810177920311,36.01274502459012,0.0,0.0,-1.3475862914609603e+38,-4.36419424085902e+38,2.912232033616686e+37,-1.0173163977082624e+38,-1.1169374593962348e+37,-7.133286324814122e+37,-5.140955491564984e+37,7.968873670700217e+38,-4.567706939846266e+37,-7.40899295241526e+38,8.441087117929378e+28,3.3163395807302845e+28,-6.5409910099287245,0.16452904431434648,23.011224798256652,-4.576045312354618e+47,2.2424814219224325e+49,5.251004014799476e+46,-3.915290877432351e+50,8.958818555024398e+39,8.295636629575266e+41,0.6714154958855338,0.33581669163695116,171.52252515932568,105.02194819005298,3.88672105513686,0.22521629267433851,220.71960052762634,27.900871860666523,1.131582464725639,1.787960384162202,113.9503006498629,67.08827048663659,322.4651847345345,1.0108133411487772,32.486385172675355,89.66509117047913,15.255055421359076,143.10198638090293,210.35135663443086,44.219532074824784,4.7666158080295515,1.8795348708545623,41.87072082332975,0.7714520108592943,40.741256306234334,1.360526877818659,184.7215907716968,221.03987303201882,1.8703793741559434,210.56328832661703,0.38918538413149134,510.8140782986387,1.159916954192702,76.08027607900459,186.11677127567646,341.66053929626514,15.375221615266634,32.34560220475737,73.22448476227592,4.7439926186257235,13.00155031869975,37.12747837317823,0.31820623636467715,55.649267965180286,49.78356003742739,2.166370806922131,79.36084374953255,1.1801291537517415,208.1554410727153,53.555094061870335,282.08949244811515,107.56704873925692,77.37295959717933,0.4865009656118197,142.7129077945891,0.6436148760876436,1.8264422563423102,13.912825348192758,0.24845962087017495,0.10991039234372714,0.4998334957410863,2.102201296002762,1.0007189311567974,0.500874451302098,0.4998334957410863,0.9996669914821726,2.4991674787054308,0.9996669914821726,5.4981684531519495,1.105964508880166,3.9989445630026075,3.513189063977258,100.84125411189099,31.353438226586505,1.8726666611767433,4.498501461669775,38.185327391429276,0.5206830409282612,23982.07945170876,817.8798759519933,5025.458806270548,530.9217771230208,157.44386961361886,6.034849201452488,69.29210784615094,1.0165283791878124,18.120338135859555,27.719051260447596,106.38788558576717,33.56382125837591,0.8450327594121095,0.7463083769779149,19.955298677886493,50.62296449611736,27.366914564963643,110.30511871900072,15.260129727749355,0.2842027876783422,1.516933457621389,36.802635879687216,13.118457900118617,19.12552112299324,26.31942316338512,106.0331857352,7.405095368898831,1.546932049260953,81.35662223555433,23.84892559009365,6.4929075217456775,12.0330286011743,3.44329741510526,0.5998001948893035,0.19993339829643442,3.514687459777084,5.326581215192929,4.386894742302547,1.681555888263657,1.6996475597729883,2.4648495668072163,1.34038910757785,380.66382928125347,0.47490481199418566,1.6672841402131426,0.33380857436548494
2020-03-10 16:00:00,0.1253410224920653,35.84974387765682,104.16077492455089,35.84974387765682,104.16077492455089,35.84974387765682,104.1607749245509,35.84974387765682,104.16077492455089,35.84974387765681,104.16077492455089,35.849743877656834,104.16077492455092,35.84974387765682,104.16077492455089,35.84974387765683,104.16077492455089,35.84974387765683,104.16077492455088,0.0,35.84974387765682,104.16077492455088,35.84974387765682,104.1607749245509,35.84974387765683,104.16077492455088,35.84974387765682,104.1607749245509,35.84974387765682,104.1607749245509,35.849743877656834,104.1607749245509,35.849743877656834,104.16077492455089,35.84974387765681,104.16077492455092,35.84974387765682,104.1607749245509,35.84974387765682,104.16077492455089,0.0,35.84974387765683,104.16077492455089,35.84974387765681,104.16077492455089,0.0,35.84974387765682,104.16077492455089,0.0,35.84974387765683,104.1607749245509,0.02647535270886325,35.84974387765683,104.1607749245509,0.0,35.84974387765683,104.16077492455089,0.0,37.077915644753254,-95.68108749400008,9.543081198354159,0.740035607802017,0.03230990352512284,37.077915644753254,-95.68108749400008,0.999667719722311,0.0,0.0,37.07791564475326,-95.68108749400008,0.0,0.0755188784891735,37.077915644753254,-95.68108749400008,7.1550342589742115,0.07216244341622186,0.07300889965248078,37.07791564475326,-95.68108749400011,1.0931140893504105,0.0,0.017902783795485065,56.111714986398724,-106.3114340654008,0.0,0.17992765644012026,-25.265999816014137,133.73068516066203,6.373940943611972,0.10112232865886302,-25.265999816014137,133.73068516066206,0.0,51.148689649986366,10.448053164038448,0.0,0.0,56.11171498639873,-106.3114340654008,0.034324840431000356,0.16073225346367923,-25.265999816014137,133.73068516066206,0.0,-25.265999816014133,133.73068516066203,0.0,37.07791564475326,-95.68108749400011,2.00038741442833,0.0,37.077915644753254,-95.68108749400008,0.999667719722311,0.0,0.0010979314094044105,37.077915644753254,-95.68108749400011,1.0131476570093056,0.0020820048693908693,37.077915644753254,-95.68108749400008,0.999667719722311,0.0,37.077915644753254,-95.6810874940001,1.035143265107462,0.0,0.0,37.077915644753254,-95.68108749400008,0.999667719722311,0.0,0.0,37.077915644753254,-95.68108749400008,0.0,37.077915644753254,-95.68108749400008,1.999335439444622,0.0,0.0,56.11171498639873,-106.3114340654008,0.999667719722311,0.0,56.11171498639873,-106.3114340654008,0.0,37.077915644753254,-95.68108749400011,0.999667719722311,0.0,0.0009553263247448554,0.0,0.0,60.979730903060975,0.0,0.0,0.0,0.0,37.077915644753254,-95.68108749400007,0.0,37.077915644753254,-95.68108749400008,0.999667719722311,0.0,0.0,37.077915644753254,-95.68108749400008,0.999667719722311,0.0,0.0,0.0,0.0,0.0,0.0,37.077915644753254,-95.68108749400008,1.000802123296408,0.0,0.0,37.077915644753254,-95.68108749400008,10.996344916945421,0.0,0.0,37.077915644753254,-95.68108749400008,4.998338598611554,0.0,0.0,37.077915644753254,-95.68108749400008,1.999335439444622,0.0,0.0,37.077915644753254,-95.68108749400008,0.0,0.0,37.077915644753254,-95.68108749400008,0.0,0.0,37.077915644753254,-95.68108749400008,0.0,0.0,37.07791564475326,-95.6810874940001,36.01277200803208,0.0,0.0,2.058676160062266e+38,6.6670777956604736e+38,-3.702392584371978e+38,1.293339487840592e+39,-1.4760147474516173e+37,-9.426522250325495e+37,-7.919410601561158e+37,1.227569130559279e+39,-2.141984051742165e+37,-3.474378928538925e+38,1.8573871619531665e+30,7.297314286484241e+29,-6.54099558144723,0.16414965126489284,23.011239930231476,6.990717738525251e+47,-2.850922073267013e+50,6.939116688736752e+46,-6.031329416060276e+50,1.971309422294047e+41,1.2898272192295052e+42,0.672011818241994,0.33581735709127997,171.52281670294033,103.84106011987595,4.0330528926069915,0.22352023307911817,220.80413401887338,27.783340027621563,1.1314571514791982,1.7879664170857867,113.95138938440202,66.64246910433987,321.9279883356723,1.0046299042997013,32.48675160612158,89.66522843054912,15.023094905896794,143.25188297803322,210.06480469602434,43.80915139099284,4.766732357030988,1.8752710390570828,41.775817391189435,0.7711904994715559,40.817440245319226,1.3562700799202434,184.0340500301697,220.60814311151296,1.8724704468388849,210.55456612865243,0.3893938751222843,510.81498871459655,1.1578779209341425,75.29580966407195,187.8426600631321,341.00587808677795,15.37536784558689,32.639253068499286,73.11122852961589,4.735214518646438,12.963890497001612,37.12756955459493,0.3182110306375581,55.63655618945246,49.88922298674681,2.16943438892671,79.7446952204821,1.1805720937900352,208.2896476875637,53.53963776553473,281.8049383144282,107.56713225316601,77.39635427801247,0.48625339624481195,142.64818958056898,0.6428106003452633,1.8264470558831327,13.70026725314397,0.24847382196790846,0.10991166068394857,0.4998338598611555,2.1003093276141414,1.0007196947060188,0.5008748622958509,0.4998338598611555,0.999667719722311,2.499169299305777,0.999667719722311,5.498172458472711,1.1000782167922682,3.99894738286292,3.5256373614688994,100.84132723316606,31.353461067024764,1.8892759828873769,4.498504738750399,38.1853552087808,0.5174911328678321,24013.335869356848,819.490171550107,5058.359015801521,531.0598704014427,157.7175765760132,6.060773763287736,69.15836696105197,1.0125503038557906,18.12037590509847,27.66420148933015,106.15574553674008,33.772672085633936,0.8501427636251525,0.7467353449837937,20.001510967019584,50.60254289490669,27.331815749824468,110.16298254215428,15.30018475891641,0.28510488107316845,1.5364963578537538,36.85887329601239,13.205137699444597,19.110841512385054,26.289397206964978,105.89413438761048,7.409645773685435,1.5617519960368536,81.45269305866508,24.049366945574274,6.636358706892476,12.033037367027818,3.4432999234879595,0.5998006318333865,0.1999335439444621,3.5042409172536204,5.363771622748524,4.381981305745444,1.6848380320514376,1.699657344304956,2.4645523163077407,1.3403701153879637,380.6642375965854,0.47490754862535745,1.6672857807227985,0.3338090305002437
2020-03-10 17:00:00,0.1267617022394874,35.84979162829468,104.16091366315555,35.84979162829468,104.16091366315555,35.84979162829468,104.16091366315555,35.84979162829468,104.16091366315555,35.849791628294675,104.16091366315554,35.84979162829469,104.16091366315557,35.84979162829468,104.16091366315554,35.84979162829468,104.16091366315554,35.84979162829469,104.16091366315554,0.0,35.84979162829468,104.16091366315555,35.849791628294675,104.16091366315555,35.84979162829469,104.16091366315554,35.84979162829468,104.16091366315555,35.84979162829468,104.16091366315555,35.849791628294696,104.16091366315555,35.849791628294696,104.16091366315554,35.849791628294675,104.16091366315557,35.849791628294675,104.16091366315555,35.84979162829468,104.16091366315555,0.0,35.84979162829469,104.16091366315554,35.849791628294675,104.16091366315555,0.0,35.84979162829468,104.16091366315554,0.0,35.84979162829469,104.16091366315555,0.02868516118406026,35.84979162829468,104.16091366315555,0.0,35.84979162829468,104.16091366315554,0.0,37.077965031274076,-95.68121493794989,10.143485231533205,0.7910182785341863,0.034431589564110514,37.077965031274076,-95.68121493794989,0.9996690512456667,0.0,0.0,37.07796503127408,-95.68121493794989,0.0,0.07740504033505893,37.077965031274076,-95.68121493794989,7.348016918671148,0.07506961658437702,0.07556267023408882,37.07796503127408,-95.68121493794992,1.0881178437712178,0.0,0.01658149760662628,56.11178972529201,-106.31157566861017,0.0,0.1802804411863792,-25.266033469465373,133.73086328538002,6.329063090680954,0.09817078899194738,-25.266033469465373,133.73086328538005,0.0,51.148757778298936,10.44806708048942,0.0,0.0,56.11178972529202,-106.31157566861019,0.035250378623394474,0.1644158140769772,-25.266033469465373,133.73086328538002,0.0,-25.26603346946537,133.73086328538002,0.0,37.07796503127408,-95.68121493794992,2.000390165419882,0.0,37.077965031274076,-95.68121493794989,0.9996690512456667,0.0,0.0010979789204903136,37.077965031274076,-95.6812149379499,1.0131503541987157,0.002082205487546598,37.077965031274076,-95.68121493794989,0.9996690512456667,0.0,37.077965031274076,-95.6812149379499,1.035156393432017,0.0,0.0,37.077965031274076,-95.68121493794989,0.9996690512456667,0.0,0.0,37.07796503127408,-95.68121493794986,0.0,37.077965031274076,-95.68121493794989,1.9993381024913335,0.0,0.0,56.11178972529202,-106.31157566861017,0.9996690512456667,0.0,56.11178972529201,-106.31157566861017,0.0,37.077965031274076,-95.6812149379499,0.9996690512456667,0.0,0.0009555398418734646,0.0,0.0,60.979812125985674,0.0,0.0,0.0,0.0,37.077965031274076,-95.68121493794987,0.0,37.077965031274076,-95.68121493794989,0.9996690512456667,0.0,0.0,37.077965031274076,-95.68121493794989,0.9996690512456667,0.0,0.0,0.0,0.0,0.0,0.0,37.077965031274076,-95.68121493794989,1.000803483269046,0.0,0.0,37.077965031274076,-95.68121493794989,10.996359563702335,0.0,0.0,37.077965031274076,-95.68121493794989,4.9983452562283315,0.0,0.0,37.077965031274076,-95.68121493794989,1.9993381024913335,0.0,0.0,37.077965031274076,-95.68121493794989,0.0,0.0,37.077965031274076,-95.68121493794989,0.0,0.0,37.077965031274076,-95.68121493794989,0.0,0.0,37.07796503127408,-95.6812149379499,36.01282172123075,0.0,0.0,6.201994283041133e+38,2.008532433388081e+39,-8.543865990149495e+38,2.984588752290137e+39,-1.894014922807713e+37,-1.2096067361874866e+38,-1.1207496903918314e+38,1.7372476213541088e+39,8.503819422735881e+36,1.3793515871618862e+38,4.001048762722433e+30,1.5719345376776926e+30,-6.541005495622742,0.16376237622430515,23.011263181099007,2.106032618912523e+48,-6.578960925205279e+50,8.904240680699714e+46,-8.535497041115756e+50,4.246451836521788e+41,1.8344431821710386e+42,0.6727264479652986,0.3358183110194061,171.52323683510778,102.62506212989356,4.178509627480999,0.22187932867677845,220.91916550194924,27.72792743996455,1.1314324220563667,1.7879744546996998,113.9527011150183,66.18041721328417,321.4548188460468,0.999175065904722,32.487174627767786,89.66543801676025,14.772890964771356,143.41725101274983,209.87898841742003,43.54346704289908,4.766855701762809,1.8710069116049157,41.68093854479108,0.7707408100045663,40.895058936273756,1.352103225704974,183.36233667808673,220.1673044692689,1.8754559066692602,210.55307464034453,0.3896916509563921,510.8163126288412,1.1557628479033233,74.60537117215145,189.72450840173687,340.33204514268544,15.375552303977997,32.96307246875371,73.00169133911751,4.729503947157453,12.932140871495886,37.12768793758052,0.3182162886642586,55.61339190964902,50.034284367338756,2.1728141790595648,80.16665057848954,1.1807607882267017,208.35316061787006,53.53838698906034,281.5098411218261,107.56729890282782,77.42978577906247,0.4860449953703719,142.6161800687058,0.6424117108687122,1.8264535927237198,13.494611020067572,0.24848865591647168,0.1099131751163788,0.49983452562283337,2.0981398534037154,1.0007211141742158,0.5008756283666065,0.49983452562283337,0.9996690512456667,2.4991726281141657,0.9996690512456667,5.498179781851167,1.0933267994599813,3.9989525537496275,3.5326506349500044,100.84146366125601,31.353502828767063,1.9039120955067896,4.498510730605499,38.18540607037341,0.5125058520599932,24038.258810297546,820.7829936409388,5085.172606403754,531.2571808803702,158.10355657692077,6.089042855772414,69.01417770377927,1.0082608758889267,18.120463482700462,27.61376404349261,105.93875210789437,33.980985272009235,0.8552312597117605,0.7473452972471528,20.063591068428906,50.585359770445265,27.305712353805795,110.05725023946736,15.329985838253092,0.28577598445240354,1.5510465659519932,36.920885208653424,13.300694671892078,19.085595350649122,26.268806096033366,105.78953247134751,7.413585684367833,1.574567682862399,81.54395393901726,24.239537506598108,6.7824638965446535,12.033053394623767,3.4433045098461843,0.5998014307473999,0.19993381024913323,3.4915852881544995,5.405025555337601,4.373983723276367,1.68877043774188,1.6996687777969615,2.4643252032843974,1.3403564207109198,380.66490992657475,0.4749110969928978,1.6672884151733738,0.3338096819638536
2020-03-10 18:00:00,0.12831160435463357,35.849867220821956,104.1611332958605,35.84986722082195,104.1611332958605,35.84986722082195,104.16113329586048,35.849867220821956,104.16113329586051,35.84986722082194,104.16113329586048,35.84986722082196,104.16113329586051,35.84986722082195,104.16113329586048,35.849867220821956,104.16113329586048,35.849867220821956,104.16113329586048,0.0,35.849867220821956,104.1611332958605,35.84986722082195,104.1611332958605,35.84986722082196,104.16113329586048,35.84986722082195,104.1611332958605,35.84986722082195,104.1611332958605,35.84986722082196,104.1611332958605,35.84986722082196,104.16113329586048,35.84986722082195,104.16113329586051,35.84986722082195,104.1611332958605,35.84986722082195,104.16113329586051,0.0,35.849867220821956,104.16113329586048,35.84986722082195,104.1611332958605,0.0,35.84986722082195,104.16113329586048,0.0,35.84986722082196,104.1611332958605,0.03089608781666177,35.849867220821956,104.1611332958605,0.0,35.849867220821956,104.16113329586048,0.0,37.07804321351602,-95.68141669044331,10.711027557351562,0.8389464883968045,0.03639877233774426,37.07804321351602,-95.68141669044331,0.9996711591382537,0.0,0.0,37.078043213516025,-95.68141669044331,0.0,0.07873290732789073,37.078043213516025,-95.68141669044331,7.506483824320265,0.07753485691528476,0.07759187441682532,37.078043213516025,-95.68141669044334,1.084595926196754,0.0,0.015493798297652961,56.11190804207442,-106.31179983618041,0.0,0.17995157741853784,-25.266086745181557,133.7311452689975,6.278834923160186,0.0951053989710541,-25.266086745181557,133.73114526899752,0.0,51.148865630079705,10.448089111183597,0.0,0.0,56.11190804207441,-106.31179983618043,0.03627444326623912,0.16849056324224587,-25.266086745181557,133.7311452689975,0.0,-25.266086745181557,133.7311452689975,0.0,37.078043213516025,-95.68141669044333,2.0003945367144866,0.0,37.07804321351602,-95.68141669044331,0.9996711591382537,0.0,0.0010980826789980713,37.07804321351602,-95.68141669044333,1.0131547286469875,0.002082543438843497,37.07804321351602,-95.68141669044331,0.9996711591382537,0.0,37.078043213516025,-95.68141669044333,1.0351673425233252,0.0,0.0,37.07804321351602,-95.68141669044331,0.9996711591382537,0.0,0.0,37.07804321351603,-95.68141669044329,0.0,37.07804321351602,-95.68141669044331,1.9993423182765073,0.0,0.0,56.11190804207442,-106.31179983618043,0.9996711591382537,0.0,56.111908042074404,-106.31179983618043,0.0,37.07804321351602,-95.68141669044333,0.9996711591382537,0.0,0.0009558160534196974,0.0,0.0,60.97994070743348,0.0,0.0,0.0,0.0,37.07804321351602,-95.6814166904433,0.0,37.07804321351602,-95.68141669044331,0.9996711591382537,0.0,0.0,37.07804321351602,-95.68141669044331,0.9996711591382537,0.0,0.0,0.0,0.0,0.0,0.0,37.07804321351602,-95.68141669044331,1.000805664886993,0.0,0.0,37.07804321351602,-95.68141669044331,10.996382750520791,0.0,0.0,37.07804321351602,-95.68141669044331,4.998355795691268,0.0,0.0,37.07804321351602,-95.68141669044331,1.9993423182765073,0.0,0.0,37.07804321351602,-95.68141669044331,0.0,0.0,37.07804321351602,-95.68141669044331,0.0,0.0,37.07804321351602,-95.68141669044331,0.0,0.0,37.078043213516025,-95.68141669044331,36.01290068230792,0.0,0.0,1.1205565375569552e+39,3.6289523118112166e+39,-1.4371885457805543e+39,5.020463539107893e+39,-2.377587736008465e+37,-1.5184390084367768e+38,-1.507409346084608e+38,2.336599620185365e+39,4.511826229640535e+37,7.318352332616022e+38,6.574429375171589e+30,2.582965920496022e+30,-6.541022272649619,0.1634023155171902,23.011296910240542,3.8051125359525975e+48,-1.106666150398917e+51,1.1177638141053086e+47,-1.1480251231438616e+51,6.97766994353712e+41,2.4747804461521268e+42,0.6735770980534156,0.33581963836950696,171.5238233204874,101.39686720769377,4.320402938999645,0.2203149425989066,221.05657902122584,27.736185827982904,1.1315033587943872,1.7879850025990685,113.95428599560013,65.72596625133518,321.06457427786546,0.9946647753440796,32.48767239708356,89.66573969585812,14.509601423391898,143.5977449586328,209.79356816761316,43.42198071528158,4.766987004527226,1.8668276939077866,41.58799562844024,0.7701393406074788,40.97275942975696,1.3483632496657607,182.76171428446452,219.75816940214244,1.8791039164802479,210.55848989421398,0.3900556485973442,510.8181607669271,1.1536779381154523,74.03692217665427,191.7531662805933,339.6517734057567,15.375784216738687,33.316338981534784,72.89731020449679,4.726850115783793,12.905547800545385,37.12784085140956,0.31822211231788544,55.58186182612942,50.20825486664027,2.176359718677354,80.60842897064195,1.1807012743929617,208.34742143797254,53.55059305393383,281.2190471406866,107.5675724456298,77.47066496328372,0.48587087991449207,142.61771396839413,0.6424283749562624,1.826462313255759,13.298530967942353,0.24850439430830468,0.10991501245251298,0.49983557956912683,2.095752262537627,1.0007233775762336,0.5008768512885484,0.49983557956912683,0.9996711591382537,2.499177897845634,0.9996711591382537,5.4981913752603955,1.08589408006866,3.998960749967927,3.534188412904049,100.84168153709328,31.353568940462836,1.916699738874295,4.498520216122141,38.18548658775492,0.5061081729370549,24057.20715745714,821.776515619777,5106.258988066192,531.4985022318649,158.57246467504706,6.119519650606946,68.86251924529603,1.0037485120042746,18.120615045646893,27.569304157794843,105.74228404609123,34.18502148710045,0.8602021745231943,0.7480908109827221,20.137235875501894,50.5710139892968,27.289403763925048,109.99111336911949,15.348583486384545,0.28619463072550466,1.5601209487533607,36.98854404256368,13.404924509635867,19.051819201887646,26.258526310493192,105.72237947201906,7.416877207474887,1.585251613338719,81.62737969345619,24.41316090937712,6.928660599711671,12.033078767404907,3.443311770365095,0.5998026954829521,0.19993423182765066,3.4772431882459838,5.448713483839824,4.363622762301321,1.6934502428942575,1.6996823863853818,2.464151535475937,1.3403471472480561,380.66592260489523,0.4749157017105795,1.667292331709913,0.33381058628582977
2020-03-10 19:00:00,0.12998327709743693,35.849978208493084,104.16145576850832,35.84997820849308,104.16145576850832,35.84997820849308,104.1614557685083,35.849978208493084,104.16145576850832,35.84997820849308,104.1614557685083,35.84997820849309,104.16145576850832,35.849978208493084,104.1614557685083,35.849978208493084,104.16145576850829,35.84997820849309,104.1614557685083,0.0,35.849978208493084,104.16145576850832,35.84997820849308,104.16145576850832,35.84997820849309,104.1614557685083,35.849978208493084,104.16145576850832,35.849978208493084,104.16145576850832,35.8499782084931,104.1614557685083,35.84997820849309,104.1614557685083,35.84997820849308,104.16145576850833,35.84997820849308,104.1614557685083,35.849978208493084,104.16145576850832,0.0,35.84997820849309,104.1614557685083,35.84997820849308,104.16145576850832,0.0,35.849978208493084,104.16145576850829,0.0,35.84997820849309,104.16145576850832,0.03306436289320268,35.849978208493084,104.16145576850832,0.0,35.849978208493084,104.16145576850829,0.0,37.07815800349951,-95.6817129107206,11.239646719274925,0.8832579960062511,0.03818312307357088,37.07815800349951,-95.6817129107206,0.9996742540220691,0.0,0.0,37.07815800349952,-95.6817129107206,0.0,0.07951974071324996,37.07815800349951,-95.6817129107206,7.630581647883584,0.07956828566021658,0.0790915713961132,37.07815800349951,-95.68171291072062,1.0827066861342036,0.0,0.01466280959255218,56.1120817590357,-106.31212896708081,0.0,0.17897642486057724,-25.26616496650687,133.7315592875008,6.22546266348464,0.09199313675931539,-25.26616496650687,133.73155928750083,0.0,51.14902398194869,10.44812145744226,0.0,0.0,56.1120817590357,-106.31212896708082,0.03734299496612765,0.172741606868973,-25.26616496650687,133.7315592875008,0.0,-25.26616496650687,133.7315592875008,0.0,37.07815800349951,-95.68171291072062,2.000400967722037,0.0,37.07815800349951,-95.6817129107206,0.9996742540220691,0.0,0.0010982576364738765,37.07815800349951,-95.6817129107206,1.01316123448258,0.002083055793356484,37.07815800349951,-95.6817129107206,0.9996742540220691,0.0,37.0781580034995,-95.68171291072062,1.0351755935479965,0.0,0.0,37.07815800349951,-95.6817129107206,0.9996742540220691,0.0,0.0,37.07815800349951,-95.68171291072058,0.0,37.07815800349951,-95.6817129107206,1.9993485080441382,0.0,0.0,56.11208175903571,-106.31212896708081,0.9996742540220691,0.0,56.112081759035696,-106.31212896708081,0.0,37.07815800349951,-95.68171291072062,0.9996742540220691,0.0,0.0009561726910699477,0.0,0.0,60.980129495346226,0.0,0.0,0.0,0.0,37.07815800349951,-95.68171291072059,0.0,37.07815800349951,-95.6817129107206,0.9996742540220691,0.0,0.0,37.07815800349951,-95.6817129107206,0.9996742540220691,0.0,0.0,0.0,0.0,0.0,0.0,37.07815800349951,-95.6817129107206,1.000808890742525,0.0,0.0,37.07815800349951,-95.6817129107206,10.996416794242762,0.0,0.0,37.07815800349951,-95.6817129107206,4.998371270110344,0.0,0.0,37.07815800349951,-95.6817129107206,1.9993485080441382,0.0,0.0,37.07815800349951,-95.6817129107206,0.0,0.0,37.07815800349951,-95.6817129107206,0.0,0.0,37.07815800349951,-95.6817129107206,0.0,0.0,37.07815800349952,-95.6817129107206,36.01301682286521,0.0,0.0,1.7205604875092605e+39,5.572081148507331e+39,-2.1339139690197653e+39,7.454301878838278e+39,-2.933522807071705e+37,-1.8734852114751892e+38,-1.959230307832877e+38,3.036956620329313e+39,8.95734240021506e+37,1.4529147248181368e+39,9.64219520941576e+30,3.788231678135651e+30,-6.541047762222235,0.1631009606445121,23.01134398837488,5.842566671521853e+48,-1.643159740112607e+51,1.3791228781749139e+47,-1.492126621915454e+51,1.0233596235216242e+42,3.222901738975433e+42,0.6745827772261472,0.33582144254860186,171.52462212892135,100.17778944758551,4.456286326128296,0.21884344626752755,221.20641441023446,27.808105253830508,1.1316448597720887,1.787998697537909,113.95620951634646,65.30280989000282,320.7727985172283,0.9912765290600808,32.48826704744478,89.66615782492832,14.238480421601974,143.7925254386107,209.80631493716527,43.44145564751745,4.76712803526497,1.8628258712433352,41.49906465512411,0.7694333657553172,41.04901706140287,1.3453467488681445,182.2807900353778,219.41733239124068,1.8831288762081302,210.56905079525893,0.3904574593261216,510.82067031379927,1.151728813349088,73.61342297601023,193.9135420825436,338.976923694647,15.37607536973574,33.69735331237139,72.79919084314164,4.727184637310496,12.883414175970515,37.128037416430764,0.3182286395264264,55.5446638422852,50.39824868766672,2.179923350020816,81.05210927403651,1.1803785086316196,208.26799711737013,53.57262777629769,280.947325978515,107.56798179208985,77.51580217225742,0.4857265556060716,142.65281111608553,0.6428606011853445,1.8264737768842445,13.114075246814005,0.24852136886776774,0.10991726627077907,0.49983712701103455,2.0932246512255968,1.0007267136999687,0.5008786549077127,0.49983712701103455,0.9996742540220691,2.499185635055172,0.9996742540220691,5.498208397121381,1.0780218225723712,3.9989727920419766,3.5306439569723103,100.84200293540454,31.35366600803569,1.9279233779582623,4.49853414309931,38.185604806274426,0.49873911901428314,24070.85820505964,822.504841074092,5122.2808102188,531.7651028117209,159.08818510227587,6.151978209823066,68.70642912620785,0.9991033255998476,18.12084784850873,27.532328653346738,105.5714870359223,34.381393362449806,0.864968165359473,0.748913465962803,20.217166815412625,50.55913689514771,27.283398175367306,109.96659524726125,15.355372886717545,0.2863471354473191,1.5634240663868217,37.06153545636852,13.517333282687709,19.01215848174799,26.259163486978,105.69454501658385,7.419512895596444,1.593774704562089,81.70010718211621,24.5642881193378,7.0720598397711205,12.033116020636019,3.4433224305204595,0.5998045524132414,0.19993485080441373,3.46188333085731,5.493001472844419,4.3517305701998215,1.6989816260197812,1.6996988111296563,2.4640175741467365,1.3403416557703167,380.6673685255338,0.4749216605948064,1.6672978810091503,0.33381181349354067
2020-03-10 20:00:00,0.13176443129598714,35.8501337352105,104.16190764854024,35.8501337352105,104.16190764854024,35.85013373521049,104.16190764854022,35.8501337352105,104.16190764854024,35.850133735210484,104.16190764854021,35.850133735210505,104.16190764854024,35.85013373521049,104.16190764854022,35.850133735210505,104.16190764854021,35.8501337352105,104.16190764854022,0.0,35.8501337352105,104.16190764854022,35.85013373521049,104.16190764854022,35.85013373521051,104.16190764854022,35.8501337352105,104.16190764854022,35.8501337352105,104.16190764854022,35.850133735210505,104.16190764854022,35.850133735210505,104.16190764854021,35.85013373521049,104.16190764854024,35.85013373521049,104.16190764854022,35.85013373521049,104.16190764854024,0.0,35.8501337352105,104.16190764854022,35.8501337352105,104.16190764854024,0.0,35.85013373521049,104.16190764854021,0.0,35.850133735210505,104.16190764854022,0.0351425241133581,35.8501337352105,104.16190764854022,0.0,35.8501337352105,104.16190764854021,0.0,37.07831885838675,-95.6821280033781,11.72572226098172,0.9235970029291747,0.039764818310342655,37.07831885838675,-95.6821280033781,0.999678590874223,0.0,0.0,37.07831885838675,-95.6821280033781,0.0,0.07980962397996286,37.07831885838675,-95.6821280033781,7.722387256124,0.08120822336955141,0.08008312376790419,37.078318858386744,-95.68212800337812,1.0825895151244682,0.0,0.014107407335543321,56.11232518813439,-106.31259017730368,0.0,0.1774397888095396,-25.266274577834277,133.7321394504875,6.17154447244885,0.08891609575448967,-25.266274577834277,133.73213945048752,0.0,51.149245879985905,10.448166784165304,0.0,0.0,56.11232518813439,-106.31259017730369,0.03839794318482907,0.17693793912920774,-25.266274577834277,133.73213945048752,0.0,-25.266274577834274,133.7321394504875,0.0,37.078318858386744,-95.6821280033781,2.000409990388833,0.0,37.07831885838675,-95.68212800337808,0.999678590874223,0.0,0.0010985218908648128,37.07831885838675,-95.6821280033781,1.013170421497953,0.0020837874313384616,37.07831885838675,-95.6821280033781,0.999678590874223,0.0,37.07831885838674,-95.68212800337811,1.0351805286966265,0.0,0.0,37.07831885838675,-95.6821280033781,0.999678590874223,0.0,0.0,37.07831885838675,-95.68212800337807,0.0,37.07831885838675,-95.6821280033781,1.999357181748446,0.0,0.0,56.11232518813439,-106.31259017730369,0.999678590874223,0.0,56.112325188134385,-106.31259017730368,0.0,37.07831885838675,-95.68212800337811,0.999678590874223,0.0,0.0009566312345864782,0.0,0.0,60.980394043327614,0.0,0.0,0.0,0.0,37.07831885838675,-95.68212800337808,0.0,37.07831885838675,-95.6821280033781,0.999678590874223,0.0,0.0,37.07831885838675,-95.6821280033781,0.999678590874223,0.0,0.0,0.0,0.0,0.0,0.0,37.07831885838675,-95.6821280033781,1.0008134303010894,0.0,0.0,37.07831885838675,-95.6821280033781,10.996464499616454,0.0,0.0,37.07831885838675,-95.6821280033781,4.998392954371114,0.0,0.0,37.07831885838675,-95.6821280033781,1.999357181748446,0.0,0.0,37.07831885838675,-95.6821280033781,0.0,0.0,37.07831885838675,-95.6821280033781,0.0,0.0,37.07831885838675,-95.6821280033781,0.0,0.0,37.07831885838675,-95.6821280033781,36.013179744766944,0.0,0.0,2.435070999352408e+39,7.886042547920299e+39,-2.961144432583204e+39,1.0344027373069864e+40,-3.56860904472616e+37,-2.2790810607349273e+38,-2.4838486566010453e+38,3.850155130513641e+39,1.431439600581468e+38,2.32184902669643e+39,1.327420259796043e+31,5.215177010156257e+30,-6.541084203411564,0.16288385656571375,23.011407890120427,8.268854694089456e+48,-2.280145023144677e+51,1.677692897079107e+47,-1.8916697493429537e+51,1.408837166035848e+42,4.0914040254160957e+42,0.6757635209159856,0.3358238487754458,171.52568892240544,98.98682037616423,4.58408472368549,0.21747639474274286,221.35738645228832,27.942108258196058,1.1318131199038577,1.788016326486641,113.95855430636084,64.93333771728324,320.590934136729,0.9891408088428703,32.48898540091775,89.66672211718608,13.964632701858001,144.0001962884274,209.91313793155297,43.59595368773558,4.767281204377615,1.859098035782272,41.41631591171559,0.7686778215787342,41.12217998738713,1.3432931834386097,181.95875158434689,219.1744495629524,1.887206369458694,210.58166585214684,0.3908648192055359,510.82400917810986,1.1500154126172997,73.3517238826034,196.18411653353954,338.3180855514255,15.376440448666031,34.103313195328624,72.70811978094089,4.7303823787199,12.865105810537885,37.128288825112676,0.318236047770898,55.504924298771755,50.58965274203432,2.1833726131661626,81.48163805418932,1.179757380032485,208.10486882146114,53.59819461214343,280.7086592345633,107.56856194307036,77.56157481642751,0.4856079620534848,142.72067583090674,0.6436982237174417,1.8264886729331546,12.942687700460262,0.24853998224041832,0.10992004993626195,0.4998392954371115,2.0906502386545567,1.0007313995146103,0.5008811891527807,0.4998392954371115,0.999678590874223,2.499196477185557,0.999678590874223,5.498232249808227,1.0699985684662618,3.99898967327424,3.522833951835204,100.84245457938901,31.353802028557794,1.938031806087277,4.498553658934004,38.18577046555972,0.49088075529416486,24080.106921874358,823.0129071303884,5134.104388758032,532.0357133042204,159.60971557416016,6.186096209187939,68.54886209676356,0.9944129216926066,18.12118278454719,27.504218892538535,105.43102169213229,34.56724761732859,0.8694551839663683,0.7497469020773586,20.297402673257224,50.549396099960674,27.28788448851995,109.98443668386362,15.350125772208264,0.2862283141825382,1.560843726076861,37.1393348579076,13.637100928864275,18.969687049495086,26.271023449005675,105.7066604631802,7.421517942690989,1.6002132894701526,81.75955749047637,24.68755012534544,7.20952949858255,12.033168223486019,3.4433373685667674,0.5998071545245337,0.1999357181748445,3.4462913815751652,5.535928774272469,4.3392156986071075,1.7054743067847495,1.6997188288502527,2.4639119114578203,1.3403395118633745,380.6693601497134,0.4749293343098792,1.6673054876363018,0.3338134483810395
2020-03-10 21:00:00,0.1336375443542207,35.85034481056698,104.16252092412664,35.85034481056699,104.16252092412662,35.85034481056698,104.16252092412662,35.85034481056699,104.16252092412664,35.85034481056697,104.16252092412661,35.850344810566995,104.16252092412664,35.85034481056698,104.16252092412662,35.850344810566995,104.16252092412661,35.85034481056699,104.16252092412662,0.0,35.85034481056698,104.16252092412662,35.85034481056698,104.16252092412662,35.850344810567,104.16252092412662,35.85034481056699,104.16252092412662,35.85034481056699,104.16252092412662,35.850344810566995,104.16252092412662,35.85034481056699,104.16252092412661,35.85034481056698,104.16252092412664,35.85034481056697,104.16252092412661,35.85034481056698,104.16252092412664,0.0,35.85034481056699,104.16252092412662,35.85034481056699,104.16252092412664,0.0,35.85034481056698,104.16252092412661,0.0,35.85034481056699,104.16252092412662,0.03708107100058442,35.85034481056699,104.16252092412662,0.0,35.85034481056699,104.16252092412661,0.0,37.07853716494674,-95.68269135244192,12.168593674981391,0.9598590895698622,0.04113450026094993,37.07853716494674,-95.68269135244192,0.9996844766964768,0.0,0.0,37.078537164946745,-95.68269135244192,0.0,0.07967273931220464,37.078537164946745,-95.68269135244192,7.78595661701954,0.08252187620527791,0.08061488812769516,37.07853716494674,-95.68269135244195,1.0843661525559467,0.0,0.013842654708618682,56.11265556149171,-106.31321611549504,0.0,0.17547161328620947,-25.266423338448476,133.73292682716,6.1199514922028335,0.08596729902672193,-25.266423338448472,133.73292682716,0.0,51.149547032148625,10.44822829998962,0.0,0.0,56.1126555614917,-106.31321611549507,0.03937978791661743,0.1808429357200122,-25.266423338448476,133.73292682716,0.0,-25.266423338448476,133.73292682716,0.0,37.07853716494674,-95.68269135244192,2.000422245199589,0.0,37.07853716494674,-95.6826913524419,0.9996844766964768,0.0,0.0010988972317546712,37.07853716494674,-95.68269135244192,1.0131829517082989,0.002084792396348549,37.07853716494674,-95.68269135244192,0.9996844766964768,0.0,37.07853716494673,-95.68269135244192,1.035181411750379,0.0,0.0,37.07853716494674,-95.68269135244192,0.9996844766964768,0.0,0.0,37.07853716494674,-95.68269135244189,0.0,37.07853716494674,-95.68269135244192,1.9993689533929535,0.0,0.0,56.11265556149171,-106.31321611549505,0.9996844766964768,0.0,56.11265556149169,-106.31321611549505,0.0,37.07853716494674,-95.68269135244192,0.9996844766964768,0.0,0.0009572175604914369,0.0,0.0,60.980753078485094,0.0,0.0,0.0,0.0,37.07853716494674,-95.68269135244189,0.0,37.07853716494674,-95.68269135244192,0.9996844766964768,0.0,0.0,37.07853716494674,-95.68269135244192,0.9996844766964768,0.0,0.0,0.0,0.0,0.0,0.0,37.07853716494674,-95.68269135244192,1.000819608007252,0.0,0.0,37.07853716494674,-95.68269135244192,10.996529243661245,0.0,0.0,37.07853716494674,-95.68269135244192,4.998422383482383,0.0,0.0,37.07853716494674,-95.68269135244192,1.9993689533929535,0.0,0.0,37.07853716494674,-95.68269135244192,0.0,0.0,37.07853716494674,-95.68269135244192,0.0,0.0,37.07853716494674,-95.68269135244192,0.0,0.0,37.078537164946745,-95.68269135244192,36.01340100894466,0.0,0.0,3.280055262270222e+39,1.0622546679202406e+40,-3.936611274460312e+39,1.3751580075622966e+40,-4.28946539537977e+37,-2.739453725740945e+38,-3.0890958267229576e+38,4.7883344721094896e+39,2.0722295249200814e+38,3.361234454861271e+39,1.7544735483279532e+31,6.892986638288227e+30,-6.541134292012569,0.16276869347615336,23.011492797988446,1.1138196939435877e+49,-3.0312755118417264e+51,2.0165856040550026e+47,-2.3526188331578133e+51,1.8620836343803502e+42,5.0932030814630925e+42,0.6771400083819795,0.3358270078516825,171.52709072723957,97.8401287468887,4.702213313279025,0.2162208911509097,221.49748888769471,28.13505334212023,1.1319486181082048,1.7880388489871797,113.9614223518837,64.63760123685165,320.52577388043323,0.9883347929759211,32.489859771804845,89.6674685164948,13.69280617050675,144.21875949787926,210.1081102276756,43.876869487448005,4.76744961460212,1.8557410714957463,41.34192928690129,0.767931619246961,41.19052766520085,1.3423715707447579,181.82317789945867,219.05002218254558,1.890990543144825,210.59212753116472,0.3912433422523316,510.8283808930848,1.1486273972039545,73.26174982277522,198.53671710676014,337.68430217266484,15.37689744609428,34.53022311075735,72.62458913668945,4.736262252308935,12.850054156668815,37.12860866660203,0.3182445586066022,55.46598847938195,50.76690511196697,2.18660193329569,81.88425044454215,1.17878598133214,207.84334812452076,53.618754091910795,280.5155999709122,107.569355044226,77.60412223679582,0.4855114940528146,142.819701250347,0.644920947469116,1.8265078403660773,12.785253409630709,0.2485607200912903,0.10992349999511582,0.4998422383482384,2.0881329272594615,1.000737768503113,0.5008846345464125,0.4998422383482384,0.9996844766964768,2.4992111917411917,0.9996844766964768,5.498264621830622,1.0621458101321537,3.999012589615356,3.5119600362402905,100.84306864453009,31.353986630796356,1.9476340274978203,4.498580145134145,38.18599529247873,0.4830358894049971,24085.948393822884,823.3505425388113,5142.683892262094,532.2876751241646,160.09335881050987,6.221451576467029,68.39257105623956,0.9897588481806991,18.12164501747302,27.486165339224,105.32482028452266,34.74043137994464,0.8736066578654651,0.7505203746148253,20.371577020574296,50.541497322696294,27.302722756155354,110.04405662358785,15.333000983052296,0.2858417190868813,1.5524561184093377,37.221190569246076,13.763054959161952,18.927700316188126,26.294100356373193,105.75808296180796,7.422950395982541,1.6047496329141986,81.80355318770958,24.778400360014164,7.337803860845538,12.03323907134648,3.44335764195453,0.599810686017886,0.1999368953392953,3.4313342824032462,5.575495094267266,4.327025608673169,1.7130414166146661,1.699743375558236,2.463824939866655,1.340340460677423,380.6720328873127,0.47493915721043695,1.667315662817381,0.33381559306045216
2020-03-10 22:00:00,0.1355796803370234,35.850624615186284,104.16333389132863,35.85062461518628,104.16333389132863,35.85062461518627,104.16333389132863,35.85062461518628,104.16333389132863,35.85062461518627,104.16333389132862,35.850624615186284,104.16333389132863,35.85062461518627,104.16333389132862,35.850624615186284,104.16333389132862,35.85062461518628,104.16333389132862,0.0,35.85062461518628,104.16333389132863,35.85062461518627,104.16333389132863,35.85062461518629,104.16333389132862,35.85062461518628,104.16333389132862,35.85062461518628,104.16333389132862,35.850624615186284,104.16333389132862,35.85062461518628,104.16333389132862,35.85062461518628,104.16333389132865,35.85062461518628,104.16333389132862,35.85062461518628,104.16333389132865,0.0,35.85062461518628,104.16333389132862,35.85062461518628,104.16333389132863,0.0,35.85062461518627,104.1633338913286,0.0,35.85062461518628,104.16333389132862,0.03883045363152349,35.85062461518628,104.16333389132863,0.0,35.85062461518628,104.1633338913286,0.0,37.078826555356514,-95.68343813630602,12.570936446125849,0.9922240120000989,0.042294731549827574,37.078826555356514,-95.68343813630602,0.9996922790296453,0.0,0.0,37.07882655535652,-95.68343813630602,0.0,0.07920316566706709,37.07882655535652,-95.68343813630602,7.827261617273164,0.0836043984879759,0.08076136602922815,37.078826555356514,-95.68343813630604,1.0881414422195028,0.0,0.013880184116858131,56.11309350930811,-106.31404586843377,0.0,0.17323976716185546,-25.266620537722304,133.7339705853407,6.073695559688355,0.08324592592660457,-25.266620537722304,133.7339705853407,0.0,51.149946243916595,10.44830984627759,0.0,0.0,56.113093509308094,-106.31404586843378,0.04023040661788801,0.18422542443659254,-25.266620537722307,133.7339705853407,0.0,-25.266620537722304,133.7339705853407,0.0,37.078826555356514,-95.68343813630601,2.0004384989426716,0.0,37.078826555356514,-95.683438136306,0.9996922790296453,0.0,0.001099409746053249,37.078826555356514,-95.68343813630601,1.0131996177405644,0.0020861353983874127,37.078826555356514,-95.68343813630602,0.9996922790296453,0.0,37.07882655535651,-95.68343813630602,1.0351773668731754,0.0,0.0,37.078826555356514,-95.68343813630602,0.9996922790296453,0.0,0.0,37.078826555356514,-95.683438136306,0.0,37.078826555356514,-95.68343813630602,1.9993845580592906,0.0,0.0,56.1130935093081,-106.31404586843378,0.9996922790296453,0.0,56.11309350930809,-106.31404586843377,0.0,37.078826555356514,-95.68343813630602,0.9996922790296453,0.0,0.0009579626625300422,0.0,0.0,60.981229020808364,0.0,0.0,0.0,0.0,37.078826555356514,-95.683438136306,0.0,37.078826555356514,-95.68343813630602,0.9996922790296453,0.0,0.0,37.078826555356514,-95.68343813630602,0.9996922790296453,0.0,0.0,0.0,0.0,0.0,0.0,37.078826555356514,-95.68343813630602,1.0008278122839078,0.0,0.0,37.078826555356514,-95.68343813630602,10.996615069326097,0.0,0.0,37.078826555356514,-95.68343813630602,4.998461395148225,0.0,0.0,37.078826555356514,-95.68343813630602,1.9993845580592906,0.0,0.0,37.078826555356514,-95.68343813630602,0.0,0.0,37.078826555356514,-95.68343813630602,0.0,0.0,37.078826555356514,-95.68343813630602,0.0,0.0,37.07882655535652,-95.68343813630601,36.01369445601358,0.0,0.0,4.272376714263764e+39,1.38362062372672e+40,-5.078943045848524e+39,1.7742034233260598e+40,-5.102343687147726e+37,-3.258595917063026e+38,-3.782831471878285e+38,5.863677708629365e+39,2.8330879903923527e+38,4.5953755857849315e+39,2.253136802827284e+31,8.852137948118457e+30,-6.541201255315053,0.1627639535394504,23.011603717685652,1.450785716640449e+49,-3.910895592054654e+51,2.3987401407937104e+47,-2.8809596926113902e+51,2.3913322435456856e+42,6.241257607144357e+42,0.6787330549049728,0.33583110034858893,171.52890778986648,96.75077892266707,4.809674156880425,0.21508008405282897,221.61464969343817,28.382252677913296,1.1319803756270395,1.7880674226441207,113.96493759873553,64.4324316225739,320.5791225489759,0.9888784732477601,32.49092885782862,89.668440177832,13.42723094884942,144.445595386285,210.3835016784759,44.27297506561612,4.767637129516256,1.8528478951677227,41.27799974399269,0.7672537601785452,41.252341113627025,1.3426712989579284,181.88852728143192,219.05382542284048,1.8941329507156814,210.595417459219,0.39155839970532014,510.8340301338705,1.147640237828299,73.34599571480612,200.93662746616724,337.08291672843063,15.377468131058954,34.97285324439071,72.54883033550804,4.744588223261338,12.837756182889445,37.129013293179945,0.31825444311010503,55.43119988603308,50.91433940289717,2.189542702185853,82.25169462736714,1.1774007929444716,207.46552472004896,53.6241300984743,280.37872750747135,107.57041155707003,77.63955698385666,0.48543400456500596,142.94748111072087,0.6464984847538938,1.8265322901935097,12.642160880683711,0.24858416448760193,0.10992777993916877,0.49984613951482265,2.0857823589376183,1.0007462199130266,0.5008892072140162,0.49984613951482265,0.9996922790296453,2.4992306975741125,0.9996922790296453,5.498307534663049,1.0548025935006893,3.9990429728221595,3.499545292249188,100.8438836509614,31.354231342258377,1.957486275397044,4.4986152556334025,38.18629332637301,0.47570771154910596,24089.354783408442,823.5662532101219,5148.94043590912,532.4981856765849,160.49509899752596,6.257524164751104,68.24001482865783,0.9852138443074663,18.122264683692418,27.479108680620826,105.25587164642197,34.89962658941172,0.8773868891001825,0.7511626089452533,20.433282572600852,50.535184724223015,27.327454108690784,110.14359141966554,15.30453260725193,0.2851993701450622,1.538520005778436,37.3061164083981,13.893658645571236,18.889497219496718,26.32808279255073,105.84693562044257,7.423899274334434,1.6076656025634917,81.83042160960119,24.833328031231765,7.4536152790776296,12.033332988319804,3.443384516657666,0.5998153674177871,0.19993845580592898,3.417920678127413,5.609753517889295,4.31610887975981,1.7217966788816,1.6997735724564909,2.463748400714603,1.3403444078409903,380.67554885012095,0.47495164937076767,1.6673290186174632,0.3338183697939091
2020-03-10 23:00:00,0.13756258737974295,35.85098883476232,104.164392124643,35.85098883476231,104.164392124643,35.850988834762305,104.164392124643,35.85098883476231,104.164392124643,35.85098883476231,104.16439212464299,35.85098883476232,104.164392124643,35.850988834762305,104.16439212464299,35.85098883476232,104.16439212464299,35.85098883476231,104.16439212464299,0.0,35.85098883476231,104.164392124643,35.85098883476231,104.164392124643,35.850988834762326,104.16439212464299,35.85098883476231,104.16439212464299,35.85098883476232,104.16439212464299,35.850988834762326,104.16439212464299,35.85098883476232,104.16439212464299,35.85098883476231,104.16439212464302,35.85098883476231,104.16439212464299,35.85098883476232,104.16439212464302,0.0,35.85098883476231,104.16439212464299,35.85098883476231,104.164392124643,0.0,35.850988834762305,104.16439212464297,0.0,35.85098883476232,104.16439212464299,0.04034329327614886,35.85098883476231,104.164392124643,0.0,35.85098883476231,104.16439212464297,0.0,37.07920325268419,-95.68441021926542,12.93895014533187,1.0211725209771303,0.043260783137084056,37.07920325268419,-95.68441021926542,0.9997024352682589,0.0,0.0,37.079203252684195,-95.68441021926542,0.0,0.07851533762499185,37.07920325268419,-95.68441021926542,7.854015219852301,0.08457632506828272,0.08062083215953827,37.07920325268418,-95.68441021926543,1.0940032607814025,0.0,0.01422847260832764,56.11366358269867,-106.31512595161581,0.0,0.1709405057456157,-25.2668772305392,133.7353292375425,6.0357922472330845,0.08085230496201232,-25.266877230539205,133.7353292375425,0.0,51.15046589488322,10.448415994469523,0.0,0.0,56.113663582698656,-106.31512595161583,0.040895839969571225,0.18687075105890869,-25.266877230539205,133.7353292375425,0.0,-25.266877230539205,133.7353292375425,0.0,37.07920325268418,-95.6844102192654,2.0004596641456884,0.0,37.07920325268419,-95.68441021926539,0.9997024352682589,0.0,0.0011000904811325958,37.07920325268419,-95.6844102192654,1.013221362959102,0.002087893459570573,37.07920325268419,-95.68441021926542,0.9997024352682589,0.0,37.07920325268419,-95.68441021926542,1.0351673556331236,0.0,0.0,37.07920325268419,-95.68441021926542,0.9997024352682589,0.0,0.0,37.07920325268419,-95.68441021926539,0.0,37.07920325268419,-95.68441021926542,1.9994048705365177,0.0,0.0,56.11366358269866,-106.31512595161583,0.9997024352682589,0.0,56.11366358269865,-106.31512595161581,0.0,37.07920325268419,-95.68441021926542,0.9997024352682589,0.0,0.0009589034402772223,0.0,0.0,60.9818485513638,0.0,0.0,0.0,0.0,37.07920325268419,-95.68441021926539,0.0,37.07920325268419,-95.68441021926542,0.9997024352682589,0.0,0.0,37.07920325268419,-95.68441021926542,0.9997024352682589,0.0,0.0,0.0,0.0,0.0,0.0,37.07920325268419,-95.68441021926542,1.000838505377745,0.0,0.0,37.07920325268419,-95.68441021926542,10.996726787950847,0.0,0.0,37.07920325268419,-95.68441021926542,4.9985121763412925,0.0,0.0,37.07920325268419,-95.68441021926542,1.9994048705365177,0.0,0.0,37.07920325268419,-95.68441021926542,0.0,0.0,37.07920325268419,-95.68441021926542,0.0,0.0,37.07920325268419,-95.68441021926542,0.0,0.0,37.079203252684195,-95.6844102192654,36.014076557020466,0.0,0.0,5.429490501010352e+39,1.7583550178160764e+40,-6.407310241165921e+39,2.2382357237655383e+40,-6.012905825229238e+37,-3.8401235928365286e+38,-4.572737931129826e+38,7.088093052386601e+39,3.7298385931748525e+38,6.049938889339046e+39,2.831340293100387e+31,1.1123787433208948e+31,-6.541288933907818,0.16286819610630227,23.011746604063227,1.8437108416031196e+49,-4.933766957592658e+51,2.826818311381246e+47,-3.482543106240727e+51,3.004999663955133e+42,7.548230061063688e+42,0.6805629732179611,0.33583634118755346,171.53123560635396,95.72864768201373,4.906120005591716,0.2140537445090716,221.6973984029852,28.677513011478002,1.1318311500657159,1.78810343149322,113.96924889968768,64.3307359605225,320.74767558852943,0.990733248617063,32.4922387136691,89.66968854671397,13.171508181140682,144.67747512824673,210.72983328635658,44.77049524509899,4.767848456247113,1.8505030218551535,41.226438922984315,0.7666995260610419,41.305981355360046,1.3441974683324818,182.15537010765152,219.18407962385717,1.896301729667007,210.5860785222964,0.3917770328474636,510.8412488082097,1.1471121020360482,73.5993421565319,203.3430958652775,336.51952888871557,15.378178575425157,35.42476164909552,72.48085319203975,4.755070965492477,12.827772149155487,37.12952222549,0.31826602814156824,55.40368375842197,51.01704434124834,2.1921709248273524,82.58115871436239,1.1755332454834402,206.95209667937803,53.6032492255175,280.30621402175655,107.57179154071055,77.66417986867971,0.48537279421977636,143.10083357087547,0.6483908405337153,1.826563230351386,12.513374208198199,0.24861100847537476,0.10993308431867461,0.49985121763412943,2.0837088098256644,1.00075722887743,0.5008951643639146,0.49985121763412943,0.9997024352682589,2.4992560881706463,0.9997024352682589,5.498363393975423,1.0483096149839817,3.999082526729098,3.4873505994635527,100.84494543971562,31.35454988133459,1.9684706112193557,4.4986609587071635,38.18668127485969,0.46938043106678995,24091.158674848073,823.7013348163521,5153.6477577070955,532.6455660276487,160.77302067872773,6.2937034206756595,68.0932946568063,0.9808399423414407,18.123077661720796,27.48369225588739,105.22605274054762,35.04443740674742,0.8807832957558788,0.7516057235917065,20.476421808151194,50.530240138812715,27.361329259110214,110.28000910620577,15.265596730117602,0.2843210041815708,1.5194604644928786,37.39289636413283,14.027017819961708,18.858166372153484,26.37237688645269,105.97022031102571,7.424480666264274,1.609329734209302,81.83907549948901,24.85002436081306,7.553841187976129,12.033455239340153,3.443419499257335,0.5998214611609551,0.1999404870536517,3.4069600150805264,5.636904050821012,4.307379038126804,1.7318508665817918,1.699810754372526,2.46367500015749,1.3403514057160146,380.6801009569878,0.4749674297347909,1.6673462834501995,0.33382192409097056
2020-03-11 00:00:00,0.1395531248413124,35.85145601941401,104.16574952110082,35.851456019414,104.1657495211008,35.851456019413995,104.1657495211008,35.851456019414,104.1657495211008,35.851456019413995,104.1657495211008,35.85145601941401,104.16574952110082,35.851456019413995,104.16574952110079,35.85145601941401,104.16574952110079,35.85145601941401,104.16574952110079,0.0,35.85145601941401,104.1657495211008,35.851456019414,104.16574952110082,35.851456019414016,104.1657495211008,35.851456019414,104.1657495211008,35.851456019414,104.1657495211008,35.85145601941401,104.1657495211008,35.851456019414,104.16574952110079,35.851456019414,104.16574952110082,35.851456019414,104.16574952110079,35.851456019414,104.16574952110082,0.0,35.85145601941401,104.1657495211008,35.851456019414,104.16574952110082,0.0,35.851456019414,104.16574952110079,0.0,35.85145601941401,104.16574952110079,0.04157669623002619,35.85145601941401,104.1657495211008,0.0,35.85145601941401,104.16574952110079,0.0,37.0796864425548,-95.68565711061524,13.282325873227194,1.047484433273014,0.04406064086747739,37.0796864425548,-95.68565711061524,0.9997154626811474,0.0,0.0,37.07968644255481,-95.68565711061524,0.0,0.07773939776741126,37.07968644255481,-95.68565711061524,7.875393696596944,0.08557948350660283,0.08031157409254626,37.0796864425548,-95.68565711061525,1.1020214413729585,0.0,0.014892974765962108,56.114394816152135,-106.316511374911,0.0,0.16878732954369957,-25.26720649055746,133.7370719814734,6.009126938283137,0.07888298883132037,-25.26720649055746,133.7370719814734,0.0,51.15113245146561,10.44855215081404,0.0,0.0,56.11439481615213,-106.31651137491102,0.041328910753458896,0.18859118189583907,-25.267206490557463,133.73707198147338,0.0,-25.26720649055746,133.7370719814734,0.0,37.0796864425548,-95.68565711061521,2.000486819984862,0.0,37.0796864425548,-95.68565711061521,0.9997154626811474,0.0,0.0011009761589089845,37.0796864425548,-95.68565711061522,1.0132493031275387,0.0020901576861964612,37.0796864425548,-95.68565711061524,0.9997154626811474,0.0,37.0796864425548,-95.68565711061524,1.0351501523843694,0.0,0.0,37.0796864425548,-95.68565711061524,0.9997154626811474,0.0,0.0,37.0796864425548,-95.68565711061521,0.0,37.0796864425548,-95.68565711061524,1.9994309253622948,0.0,0.0,56.114394816152135,-106.316511374911,0.9997154626811474,0.0,56.11439481615212,-106.316511374911,0.0,37.0796864425548,-95.68565711061522,0.9997154626811474,0.0,0.0009600835480803225,0.0,0.0,60.98264322355,0.0,0.0,0.0,0.0,37.0796864425548,-95.68565711061521,0.0,37.0796864425548,-95.68565711061524,0.9997154626811474,0.0,0.0,37.0796864425548,-95.68565711061524,0.9997154626811474,0.0,0.0,0.0,0.0,0.0,0.0,37.0796864425548,-95.68565711061524,1.0008522339514236,0.0,0.0,37.0796864425548,-95.68565711061524,10.996870089492623,0.0,0.0,37.0796864425548,-95.68565711061524,4.998577313405736,0.0,0.0,37.0796864425548,-95.68565711061524,1.9994309253622948,0.0,0.0,37.0796864425548,-95.68565711061524,0.0,0.0,37.0796864425548,-95.68565711061524,0.0,0.0,37.0796864425548,-95.68565711061524,0.0,0.0,37.07968644255481,-95.68565711061522,36.0145667907692,0.0,0.0,6.769034534531504e+39,2.1921699351622257e+40,-7.940956460727157e+39,2.773977185788971e+40,-7.025979285872665e+37,-4.4871198057441344e+38,-5.466076062874582e+38,8.472835388470455e+39,4.778834894067353e+38,7.75145045800462e+39,3.496984638230031e+31,1.3738975095173657e+31,-6.541401869689539,0.16307002477903457,23.01192849636231,2.2985844355339198e+49,-6.114707595380666e+51,3.303089633859842e+47,-4.162898857894518e+51,3.7114710966905215e+42,9.026083840814498e+42,0.6826488056934917,0.3358429845679981,171.53418710459226,94.78050880994738,4.991876760285234,0.2131388758926612,221.73550282398202,29.01321164538226,1.1314231530252286,1.788148516851329,113.9745332547518,64.34098821260174,321.0231172649055,0.9938030271585607,32.493843796274525,89.6712745250376,12.928547529506764,144.91061171286506,211.13597074621512,45.353239499364136,4.768089239732009,1.8487782735217686,41.18887997741035,0.766316995567343,41.34997116864095,1.346870961705813,182.61039991621098,219.42741459438867,1.8971998885769776,210.55862442406982,0.39186977732106437,510.8503826464197,1.1470816123332488,74.00919595978044,205.71028638995077,335.99804455511907,15.379059728745743,35.87839155860883,72.42048722171464,4.7673707037238975,12.819721919948844,37.13015859136683,0.31827970328711735,55.38614914624419,51.061683606529016,2.1945117485311507,82.87581664855036,1.1731169922033393,206.28439704327252,53.54495452471244,280.3035127860691,107.57356603151015,77.67468507062652,0.4853255915090616,143.27584321431831,0.6505488225524771,1.8266020927138182,12.39850932957583,0.2486420716760268,0.10993964315885407,0.4998577313405737,2.0820182271630348,1.000771357303715,0.5009028101836718,0.4998577313405737,0.9997154626811474,2.499288656702868,0.9997154626811474,5.498435044746311,1.042993756348088,3.999133266264314,3.4772769723144883,100.84630822297176,31.354958471583878,1.981566034496204,4.498719582065163,38.18717889659817,0.46450172795568356,24091.95402300818,823.7848792576588,5157.335515824753,532.710470231044,160.88961545317093,6.32930270639317,67.95411879377542,0.9766874041092138,18.124126401426054,27.50022975229905,105.23602213072385,35.17541859511676,0.8838071962566278,0.7517889711508763,20.495541383324614,50.526481544742474,27.403352987542707,110.44928817556362,15.217359788726535,0.2832329091873551,1.495843643488179,37.480103652478164,14.16090981697606,18.836390509578415,26.426143976776984,106.12399302426059,7.424832056505054,1.6101785051705622,81.82906381771794,24.827486804552038,7.6356572953017965,12.03361205079159,3.4434643714572846,0.5998292776086883,0.1999430925362294,3.3993225988034115,5.655382017949381,4.301681497169578,1.74330754613373,1.699856500329947,2.463598081892585,1.3403616441960535,380.68591734893255,0.4749872302494318,1.6673683187609418,0.33382642803989737
2020-03-11 01:00:00,0.1415140560620575,35.852047962788255,104.16746940174444,35.85204796278826,104.16746940174443,35.85204796278825,104.16746940174443,35.85204796278826,104.16746940174443,35.852047962788255,104.16746940174443,35.85204796278826,104.16746940174444,35.852047962788255,104.16746940174443,35.852047962788255,104.16746940174441,35.85204796278826,104.16746940174443,0.0,35.85204796278826,104.16746940174443,35.852047962788255,104.16746940174444,35.85204796278827,104.16746940174443,35.852047962788255,104.16746940174443,35.852047962788255,104.16746940174443,35.85204796278826,104.16746940174443,35.85204796278826,104.16746940174441,35.852047962788255,104.16746940174444,35.85204796278826,104.16746940174441,35.852047962788255,104.16746940174444,0.0,35.85204796278826,104.16746940174443,35.85204796278825,104.16746940174444,0.0,35.852047962788255,104.16746940174441,0.0,35.85204796278826,104.16746940174441,0.042494495992580664,35.85204796278826,104.16746940174443,0.0,35.85204796278826,104.16746940174441,0.0,37.080298665241024,-95.68723697645687,13.613976607024592,1.0722165883689798,0.04473417682860156,37.080298665241024,-95.68723697645687,0.9997319689827032,0.0,0.0,37.08029866524103,-95.68723697645687,0.0,0.07701573589629246,37.080298665241024,-95.68723697645687,7.9016714719316345,0.08677159204820474,0.07996697358882825,37.080298665241024,-95.68723697645689,1.1122456299191419,0.0,0.01587609556512603,56.115321320899774,-106.31826676678261,0.0,0.16699902383256332,-25.267623677392493,133.7392801142089,5.996330237272142,0.07742616948940781,-25.267623677392493,133.7392801142089,0.0,51.15197700779057,10.448724666853915,0.0,0.0,56.11532132089977,-106.31826676678266,0.04149150460945924,0.18923496245868177,-25.267623677392496,133.7392801142089,0.0,-25.26762367739249,133.7392801142089,0.0,37.08029866524102,-95.68723697645684,2.000521234344572,0.0,37.080298665241024,-95.68723697645684,0.9997319689827032,0.0,0.0011021099300858395,37.080298665241024,-95.68723697645686,1.0132847492757255,0.0020930351404343153,37.080298665241024,-95.68723697645687,0.9997319689827032,0.0,37.080298665241024,-95.68723697645687,1.0351243182899654,0.0,0.0,37.080298665241024,-95.68723697645687,0.9997319689827032,0.0,0.0,37.08029866524103,-95.68723697645684,0.0,37.080298665241024,-95.68723697645687,1.9994639379654064,0.0,0.0,56.115321320899774,-106.31826676678263,0.9997319689827032,0.0,56.11532132089976,-106.31826676678261,0.0,37.080298665241024,-95.68723697645686,0.9997319689827032,0.0,0.0009615542914189167,0.0,0.0,60.9836501079449,0.0,0.0,0.0,0.0,37.080298665241024,-95.68723697645683,0.0,37.080298665241024,-95.68723697645687,0.9997319689827032,0.0,0.0,37.080298665241024,-95.68723697645687,0.9997319689827032,0.0,0.0,0.0,0.0,0.0,0.0,37.080298665241024,-95.68723697645687,1.0008696402585942,0.0,0.0,37.080298665241024,-95.68723697645687,10.997051658809736,0.0,0.0,37.080298665241024,-95.68723697645687,4.998659844913515,0.0,0.0,37.080298665241024,-95.68723697645687,1.9994639379654064,0.0,0.0,37.080298665241024,-95.68723697645687,0.0,0.0,37.080298665241024,-95.68723697645687,0.0,0.0,37.080298665241024,-95.68723697645687,0.0,0.0,37.08029866524103,-95.68723697645686,36.01518804187669,0.0,0.0,8.30830815466125e+39,2.6906678132307833e+40,-9.698608809286e+39,3.3879696613256277e+40,-8.145296685324151e+37,-5.201968379535368e+38,-6.469404081138178e+38,1.0028070449527571e+40,5.996542759040091e+38,9.726618547485314e+39,4.2576896800084065e+31,1.6727637816053081e+31,-6.541545398724967,0.16334873866012314,23.012157660567162,2.821280895008115e+49,-7.468137779631714e+51,3.8293089050383385e+47,-4.9270216057815084e+51,4.5188337441558676e+42,1.0685619510483712e+43,0.6850074383777821,0.33585132916652993,171.5378949449555,93.91024911272176,5.067919443401671,0.21233031780741746,221.7205323563907,29.380420676518256,1.13068383459199,1.788204610074816,113.98099927484729,64.46692343857987,321.3924386073584,0.9979378372442343,32.4958080648953,89.67326970385882,12.700548880316674,145.14075348634958,211.58927617424533,46.002817664119476,4.768366165453903,1.847728969892902,41.16659320133741,0.7661441037518072,41.383074353992555,1.350533246296885,183.22722365639913,219.75962981916604,1.896581476510666,210.50795407727287,0.3918122766233823,510.8618381777708,1.1475665105846298,74.55595612386807,207.98868741260503,335.5207986042805,15.380148030173785,36.32525202871543,72.367422589866,4.781101820052031,12.813280346220196,37.13094959050265,0.31829592830934283,55.38072183577276,51.03722071932026,2.196640409706861,83.14493630322511,1.1700951611455859,205.44641339512938,53.438828593278004,280.3731729823019,107.57581849959018,77.66834155703654,0.48529052709597514,143.46792804272266,0.652914861107324,1.826650561746723,12.296909531786241,0.24867831662741588,0.10994772660860672,0.4998659844913516,2.080807653778723,1.0007892653618693,0.5009125020615687,0.4998659844913516,0.9997319689827032,2.4993299224567576,0.9997319689827032,5.498525829404868,1.0391538212669997,3.999197558604086,3.4712605623107082,100.84803569203379,31.35547617328914,1.9978133631037354,4.498793860422165,38.187809405091805,0.461467576422254,24092.024195695943,823.8301545108011,5160.219547644611,532.6769553709042,160.8138215116539,6.363580490550606,67.823792604668,0.9727944155983288,18.12546080082663,27.52869083840451,105.2851853835137,35.29403765138096,0.8864929554890778,0.7516620460319293,20.486127787295416,50.52376105508467,27.45234065729424,110.64664493373812,15.161213087905242,0.2819664467003512,1.4683447643496104,37.56613571846219,14.29283697855766,18.82628135059712,26.488349093067406,106.3035864168639,7.4251052766083205,1.6106931088492304,81.80058798015104,24.76605142707029,7.69668604776639,12.033810737754761,3.443521226495977,0.5998391813896219,0.1999463937965406,3.3958024770426403,5.6639353311297675,4.299764639380219,1.7562581687973309,1.6999126657786163,2.4635113476105217,1.3403754452722316,380.69326604534933,0.4750119107571556,1.6673961366243026,0.3338320838207999
2020-03-11 02:00:00,0.1434052181814876,35.852790092766924,104.16962564681934,35.85279009276693,104.16962564681934,35.85279009276691,104.16962564681934,35.85279009276693,104.16962564681934,35.852790092766924,104.16962564681934,35.852790092766924,104.16962564681936,35.852790092766924,104.16962564681933,35.852790092766924,104.16962564681933,35.852790092766924,104.16962564681933,0.0,35.852790092766924,104.16962564681934,35.852790092766924,104.16962564681936,35.85279009276693,104.16962564681933,35.85279009276692,104.16962564681933,35.852790092766924,104.16962564681933,35.85279009276693,104.16962564681934,35.85279009276693,104.16962564681933,35.85279009276692,104.16962564681936,35.852790092766924,104.16962564681933,35.852790092766924,104.16962564681936,0.0,35.852790092766924,104.16962564681933,35.85279009276692,104.16962564681934,0.0,35.852790092766924,104.16962564681933,0.0,35.85279009276693,104.16962564681933,0.043069248336543284,35.852790092766924,104.16962564681934,0.0,35.852790092766924,104.16962564681933,0.0,37.08106621975523,-95.68921768247426,13.949532218822938,1.0966608907937534,0.04533149905287846,37.08106621975523,-95.68921768247426,0.9997526632277178,0.0,0.0,37.081066219755236,-95.68921768247426,0.0,0.0764890323503081,37.081066219755236,-95.68921768247426,7.943788712498938,0.08831981548002349,0.07972972303165074,37.081066219755236,-95.68921768247428,1.1247021330497933,0.0,0.017177004713103988,56.116482896446534,-106.32046753291819,0.0,0.16578765170942794,-25.2681467119773,133.74204848965013,5.999667440203058,0.0765576253355117,-25.2681467119773,133.74204848965013,0.0,51.153035843136465,10.448940953293736,0.0,0.0,56.116482896446534,-106.32046753291823,0.041356353593782265,0.18869340007784427,-25.268146711977302,133.74204848965013,0.0,-25.268146711977295,133.74204848965013,0.0,37.08106621975523,-95.68921768247425,2.0005643865536027,0.0,37.08106621975523,-95.68921768247425,0.9997526632277178,0.0,0.001103542152714215,37.08106621975523,-95.68921768247425,1.0133292312862794,0.0020966507723020455,37.08106621975523,-95.68921768247426,0.9997526632277178,0.0,37.08106621975523,-95.68921768247426,1.03508817443812,0.0,0.0,37.08106621975523,-95.68921768247426,0.9997526632277178,0.0,0.0,37.081066219755236,-95.68921768247425,0.0,37.08106621975523,-95.68921768247426,1.9995053264554357,0.0,0.0,56.11648289644653,-106.3204675329182,0.9997526632277178,0.0,56.11648289644653,-106.32046753291819,0.0,37.08106621975523,-95.68921768247426,0.9997526632277178,0.0,0.0009633755517281313,0.0,0.0,60.98491245689079,0.0,0.0,0.0,0.0,37.08106621975523,-95.68921768247425,0.0,37.08106621975523,-95.68921768247426,0.9997526632277178,0.0,0.0,37.08106621975523,-95.68921768247426,0.9997526632277178,0.0,0.0,0.0,0.0,0.0,0.0,37.08106621975523,-95.68921768247426,1.0008914736619796,0.0,0.0,37.08106621975523,-95.68921768247426,10.997279295504896,0.0,0.0,37.08106621975523,-95.68921768247426,4.998763316138588,0.0,0.0,37.08106621975523,-95.68921768247426,1.9995053264554357,0.0,0.0,37.08106621975523,-95.68921768247426,0.0,0.0,37.08106621975523,-95.68921768247426,0.0,0.0,37.08106621975523,-95.68921768247426,0.0,0.0,37.081066219755236,-95.68921768247426,36.015967011005145,0.0,0.0,1.0063635020356847e+40,3.259135112626347e+40,-1.169776562287397e+40,4.086325762273171e+40,-9.373227081273507e+37,-5.986182305531208e+38,-7.588263262478537e+38,1.1762387637457458e+40,7.39900612198735e+38,1.2001467023742148e+40,5.120494706843727e+31,2.0117431596125533e+31,-6.541725746954171,0.16367562914490574,23.012443735690127,3.4173433012758776e+49,-9.007531606163794e+51,4.406589878541511e+47,-5.7791315205668944e+51,5.434558647311064e+42,1.25359564589737e+43,0.6876526195041746,0.3358617234958015,171.54251388947156,93.11917796923983,5.1358008197707985,0.2116213145891923,221.64630893252632,29.769091908295966,1.1295512723990115,1.7882739664379361,113.98889077724495,64.70743873511408,321.8384719000635,1.0029399103155512,32.49820611117461,89.67575763534212,12.489021452516793,145.36332158081518,212.07583570625957,46.69896507011798,4.768687066960101,1.8473909236224548,41.160419619213734,0.7662064150260013,41.40436634590175,1.3549557088200848,183.9678989707212,220.14720576053537,1.8942645187813938,210.4297377951516,0.39158657352796494,510.876089933748,1.1485632410458493,75.2138008183112,210.1269538223044,335.0887295803912,15.3814860419923,36.756184518805426,72.32124871350842,4.795839763068188,12.808172141985297,37.13192697407092,0.3183152408866062,55.38881790284611,50.9354987639928,2.1986794026078322,83.40352578867443,1.1664268755424287,204.42660232274736,53.275960163052424,280.5147827940341,107.57864635126104,77.64313831189611,0.4852661049404094,143.6719378862563,0.6554242184836343,1.8267106041192989,12.207716514339511,0.24872086547452232,0.10995764971769724,0.4998763316138589,2.080161220591343,1.000811723325885,0.5009246570000099,0.4998763316138589,0.9997526632277178,2.499381658069294,0.9997526632277178,5.498639647752448,1.0370480351803466,3.9992781655790526,3.4711669594196537,100.85020215924231,31.356125225161644,2.018275308598716,4.498886984524731,38.18859988484929,0.4606097544108496,24091.303994830727,823.8327057804116,5162.16586651773,532.5333386763127,160.5226550480746,6.395768055493361,67.7032302412922,0.9691874227793605,18.127139112328493,27.568705762683454,105.37173581329328,35.40256956908655,0.8888954624726934,0.7511877307178104,20.444843705420958,50.52196264920006,27.506981978698647,110.86679014041063,15.098699000499906,0.28055638676966255,1.4377120591798467,37.64926567911127,14.42010549488911,18.82925445919738,26.557815799512515,106.50386090826792,7.425458576973722,1.6113733573275717,81.7544819131372,24.667350109837667,7.735128767467153,12.034059835148456,3.4435925066732493,0.5998515979366305,0.1999505326455435,3.3970845463200123,5.661685036631065,4.302255644750937,1.7707766349958194,1.6999814157829274,2.463408617661411,1.340393260606662,380.70245974068183,0.475042474320932,1.6674309178771776,0.3338391273247301
2020-03-11 03:00:00,0.1451850492114066,35.85371186270499,104.17230383250957,35.853711862705,104.17230383250957,35.853711862704984,104.17230383250957,35.853711862705,104.17230383250956,35.85371186270499,104.17230383250957,35.85371186270499,104.17230383250958,35.85371186270499,104.17230383250956,35.85371186270499,104.17230383250954,35.85371186270499,104.17230383250956,0.0,35.85371186270499,104.17230383250956,35.85371186270499,104.17230383250958,35.853711862705005,104.17230383250956,35.853711862704984,104.17230383250956,35.85371186270499,104.17230383250956,35.853711862705,104.17230383250957,35.853711862705,104.17230383250956,35.85371186270499,104.17230383250958,35.853711862705,104.17230383250956,35.85371186270499,104.17230383250957,0.0,35.85371186270499,104.17230383250956,35.853711862704984,104.17230383250957,0.0,35.85371186270499,104.17230383250954,0.0,35.853711862705,104.17230383250956,0.0432838124523592,35.85371186270499,104.17230383250957,0.0,35.85371186270499,104.17230383250954,0.0,37.08201956849111,-95.69167783812823,14.3066189182572,1.1222841790921168,0.045910558621002275,37.08201956849111,-95.69167783812823,0.9997783667210325,0.0,0.0,37.08201956849112,-95.69167783812823,0.0,0.07630211310081028,37.08201956849112,-95.69167783812823,8.012873969595887,0.09039358430387817,0.07974549879278536,37.08201956849112,-95.69167783812824,1.1393899385402877,0.0,0.01879131254094573,56.11792564293378,-106.32320101643563,0.0,0.16534720336716968,-25.26879635229733,133.745486977964,6.0209453108668365,0.07633732945627929,-25.268796352297326,133.745486977964,0.0,51.154350980133025,10.449209594022406,0.0,0.0,56.11792564293377,-106.32320101643568,0.040908194571150705,0.18690546197206578,-25.26879635229733,133.745486977964,0.0,-25.268796352297322,133.745486977964,0.0,37.08201956849111,-95.69167783812821,2.0006179901543053,0.0,37.08201956849111,-95.69167783812821,0.9997783667210325,0.0,0.0011053311734750895,37.08201956849111,-95.69167783812821,1.0133845215397816,0.0021011493583281866,37.08201956849111,-95.69167783812823,0.9997783667210325,0.0,37.08201956849111,-95.69167783812823,1.0350397746965132,0.0,0.0,37.08201956849111,-95.69167783812823,0.9997783667210325,0.0,0.0,37.08201956849112,-95.69167783812821,0.0,37.08201956849111,-95.69167783812823,1.999556733442065,0.0,0.0,56.11792564293377,-106.32320101643565,0.9997783667210325,0.0,56.11792564293376,-106.32320101643563,0.0,37.08201956849111,-95.69167783812823,0.9997783667210325,0.0,0.0009656167138717155,0.0,0.0,60.986480369982985,0.0,0.0,0.0,0.0,37.08201956849111,-95.69167783812821,0.0,37.08201956849111,-95.69167783812823,0.9997783667210325,0.0,0.0,37.08201956849111,-95.69167783812823,0.9997783667210325,0.0,0.0,0.0,0.0,0.0,0.0,37.08201956849111,-95.69167783812823,1.0009186021684673,0.0,0.0,37.08201956849111,-95.69167783812823,10.997562033931358,0.0,0.0,37.08201956849111,-95.69167783812823,4.998891833605161,0.0,0.0,37.08201956849111,-95.69167783812823,1.999556733442065,0.0,0.0,37.08201956849111,-95.69167783812823,0.0,0.0,37.08201956849111,-95.69167783812823,0.0,0.0,37.08201956849111,-95.69167783812823,0.0,0.0,37.08201956849112,-95.69167783812823,36.016934625641916,0.0,0.0,1.2049613141429065e+40,3.9022994378628434e+40,-1.3953866616345033e+40,4.874438972020139e+40,-1.0710508486879673e+38,-6.840232913538879e+38,-8.826836944173715e+38,1.368227144455838e+40,9.001192683879653e+38,1.4600274062337825e+40,6.091512916493997e+31,2.3932374004936755e+31,-6.541950126045231,0.16401584356625803,23.012797879693963,4.0917287509467187e+49,-1.074477798812673e+52,5.035279512923571e+47,-6.722414582426706e+51,6.465133954985576e+42,1.4583970580621772e+43,0.690593918086449,0.33587457127143955,171.5482231717152,92.40639434555663,5.197536445655077,0.21100402784581046,221.50921457736345,30.168311833273762,1.127978740366807,1.7883591990932959,113.99849039518635,65.05670107556585,322.3406330926786,1.0085721363186857,32.50112428600212,89.67883510663809,12.294832223058267,145.57358888663364,212.58077638986651,47.41999653621291,4.7690610337012185,1.847778505581924,41.17072845068178,0.7665157310021753,41.4132902980319,1.3598531171838308,184.78515191633656,220.54947481069064,1.8901398329633559,210.320744909763,0.3911819910646413,510.8936876652168,1.1500474495161495,75.95178293598947,212.0741163125842,334.70158625298706,15.383123084687359,37.161710902023174,72.28148912567904,4.811130668374614,12.804166584106625,37.133127524842514,0.31833826436502544,55.41106486989488,50.751635043439464,2.2007919655179875,83.67152953417279,1.1620924286603904,203.21932791035397,53.0495936848773,280.7250403882245,107.58216243526915,77.59788344142828,0.4852511722658019,143.88228908293308,0.6580066486404869,1.8267844983712984,12.12993443907718,0.2487710164800595,0.10996977720238992,0.49988918336051624,2.0801468253622812,1.000839623433273,0.5009397580396804,0.49988918336051624,0.9997783667210325,2.4994459168025807,0.9997783667210325,5.498781016965679,1.0368836773173644,3.999378286127134,3.4786908838293185,100.85289370146224,31.356931386510098,2.0439931939471094,4.4990026502446465,38.18958170811214,0.46218615692079873,24089.379326870567,823.7703632920848,5162.691998835716,532.2727831777779,160.00232160396243,6.425102717550357,67.59298321221887,0.9658819698619692,18.129228853628717,27.6195881825524,105.49276687068131,35.50392973076967,0.8910860727817748,0.7503436992821836,20.36968876895313,50.52099980875998,27.565906980074004,111.10419460537823,15.031434670417807,0.27903918670481026,1.4047294875997027,37.72770933709739,14.539928252914521,18.845950915640923,26.63328278471776,106.71946463211707,7.426048367559535,1.612710503361996,81.6921576885054,24.534196294034935,7.749870423714813,12.034369229049467,3.4436810409280003,0.5998670200326194,0.19995567334420647,3.4037168394980193,5.648164620067904,4.3096413325401555,1.786913528478896,1.7000652582170797,2.463283626002898,1.3404156713575528,380.71386060485736,0.47508008253854117,1.667474030272136,0.33384783177555183
2020-03-11 04:00:00,0.1468124167478557,35.85484712893401,104.175602327767,35.85484712893401,104.17560232776698,35.854847128934004,104.175602327767,35.85484712893401,104.17560232776698,35.85484712893401,104.17560232776698,35.85484712893401,104.175602327767,35.854847128934004,104.17560232776697,35.854847128934004,104.17560232776697,35.85484712893401,104.17560232776697,0.0,35.85484712893402,104.17560232776698,35.85484712893401,104.175602327767,35.85484712893402,104.17560232776697,35.854847128934004,104.17560232776698,35.85484712893401,104.17560232776698,35.85484712893401,104.17560232776698,35.85484712893402,104.17560232776697,35.85484712893401,104.175602327767,35.85484712893402,104.17560232776697,35.85484712893401,104.175602327767,0.0,35.85484712893402,104.17560232776698,35.854847128934004,104.17560232776698,0.0,35.85484712893401,104.17560232776697,0.0,35.85484712893401,104.17560232776697,0.04313238029290582,35.85484712893401,104.17560232776698,0.0,35.85484712893401,104.17560232776697,0.0,37.08319372765993,-95.69470780419321,14.703958649298825,1.1506530044437118,0.0465341493177675,37.08319372765993,-95.69470780419321,0.9998100235441973,0.0,0.0,37.083193727659946,-95.69470780419321,0.0,0.07658988957471785,37.08319372765994,-95.69470780419321,8.119744169449106,0.09315698697088122,0.08015640927162195,37.08319372765994,-95.69470780419324,1.1562762053965092,0.0,0.020710644662053843,56.11970255200441,-106.32656761735934,0.0,0.16584349460365333,-25.269596459445413,133.7497218737882,6.0614381917389215,0.07680679469781085,-25.26959645944541,133.7497218737882,0.0,51.155970723365115,10.449540456132791,0.0,0.0,56.119702552004405,-106.32656761735937,0.0401442225392766,0.18385957134756037,-25.269596459445413,133.7497218737882,0.0,-25.269596459445406,133.7497218737882,0.0,37.08319372765993,-95.6947078041932,2.0006840148751825,0.0,37.08319372765993,-95.6947078041932,0.9998100235441973,0.0,0.0011075440838097309,37.08319372765993,-95.6947078041932,1.0134526577663203,0.0021066973777122073,37.08319372765993,-95.69470780419321,0.9998100235441973,0.0,37.08319372765994,-95.69470780419323,1.0349768791575409,0.0,0.0,37.08319372765993,-95.69470780419321,0.9998100235441973,0.0,0.0,37.083193727659946,-95.69470780419319,0.0,37.08319372765993,-95.69470780419321,1.9996200470883947,0.0,0.0,56.119702552004405,-106.32656761735934,0.9998100235441973,0.0,56.1197025520044,-106.32656761735934,0.0,37.08319372765993,-95.69470780419321,0.9998100235441973,0.0,0.0009683575629663927,0.0,0.0,60.988411436196046,0.0,0.0,0.0,0.0,37.08319372765993,-95.6947078041932,0.0,37.08319372765993,-95.69470780419321,0.9998100235441973,0.0,0.0,37.08319372765993,-95.69470780419321,0.9998100235441973,0.0,0.0,0.0,0.0,0.0,0.0,37.08319372765993,-95.69470780419321,1.0009520235610956,0.0,0.0,37.08319372765993,-95.69470780419321,10.997910258986172,0.0,0.0,37.08319372765993,-95.69470780419321,4.999050117720985,0.0,0.0,37.08319372765993,-95.69470780419321,1.9996200470883947,0.0,0.0,37.08319372765993,-95.69470780419321,0.0,0.0,37.08319372765993,-95.69470780419321,0.0,0.0,37.08319372765993,-95.69470780419321,0.0,0.0,37.083193727659946,-95.69470780419323,36.01812643644429,0.0,0.0,1.4278262900047473e+40,4.624053621849729e+40,-1.647935920342868e+40,5.756657487396276e+40,-1.2155992708881608e+38,-7.763386913505448e+38,-1.0187592021701785e+39,1.579154574723927e+40,1.0816223080240861e+39,1.754432182900837e+40,7.175546538750198e+31,2.819133207289299e+31,-6.542226825898528,0.16433069924034757,23.013232909541788,4.848519046709515e+49,-1.268946170232303e+52,5.714838013644296e+47,-7.758749549770101e+51,7.615656440231837e+42,1.6833703164709074e+43,0.6938356716522077,0.33589033659164785,171.55522878021577,91.76917937776798,5.255454319942188,0.21046998065520214,221.30833620924545,30.56663078605423,1.1259381116465574,1.7884633118019992,114.01012305513747,65.50445953913956,322.8758552395931,1.014568699103594,32.50466178046395,89.68261336807224,12.118275243700579,145.7668940500497,213.08867861962847,48.1433983409934,4.769498513836909,1.848883954875924,41.19740232218656,0.767069603413193,41.4096937814376,1.364900581455977,185.62517207210524,220.92131645858777,1.8841751730135001,210.17908810232268,0.3905955479442098,510.9152633019038,1.1519753840866191,76.73520951781627,213.78204664333873,334.35814824386676,15.385115848356861,37.532450230034826,72.24763175247193,4.826503881466894,12.80107227771829,37.13459351939609,0.3183657151832246,55.44727455472272,50.48420578045082,2.2031722604750015,83.97262001256236,1.1570966636384776,201.82579923761296,52.755612727036606,280.9979507114507,107.58649649853388,77.53225096018747,0.4852448897854343,144.09313751982756,0.6605885335774053,1.8268748634929954,12.062485421882402,0.24883025967892278,0.10998452802004423,0.4999050117720987,2.0808135639542753,1.0008739913309852,0.5009583604609548,0.4999050117720987,0.9998100235441973,2.4995250588604927,0.9998100235441973,5.498955129493086,1.0388090526044649,3.99950159724076,3.4952664799105353,100.8562092634564,31.357924267397436,2.0759416908761925,4.499145105948888,38.19079093695236,0.4663738968597403,24085.524663918666,823.6051635034245,5161.005773613005,531.8935753449853,159.24873758177918,6.4508648905975425,67.49328096820818,0.9628838952742349,18.13180769122897,27.68037385260151,105.6444458422405,35.60145669888576,0.8931473037382481,0.7491233652102443,20.260074510706296,50.52081317117089,27.62774943699996,111.35334459137376,14.961038696147439,0.27745133712903347,1.3701809084199996,37.799705329152275,14.649547954043294,18.876209743516124,26.713457949005022,106.9450836215286,7.427021173296714,1.6151607711408165,81.61552165107828,24.37040951202059,7.740547916488848,12.034750283402376,3.4437900810966795,0.5998860141265183,0.19996200470883943,3.4160885903284224,5.62333521133798,4.3222540592219865,1.8046902916514707,1.7001670757431686,2.463129845042249,1.3404433894936028,380.7278849114354,0.4751260702763804,1.6675270459876765,0.3338585112217397
2020-03-11 05:00:00,0.1482486559584998,35.85623449694526,104.1796333001402,35.85623449694526,104.1796333001402,35.856234496945255,104.1796333001402,35.85623449694526,104.1796333001402,35.85623449694526,104.1796333001402,35.85623449694527,104.17963330014021,35.856234496945255,104.17963330014018,35.856234496945255,104.17963330014018,35.85623449694526,104.17963330014018,0.0,35.85623449694527,104.1796333001402,35.85623449694526,104.17963330014021,35.85623449694527,104.17963330014018,35.856234496945255,104.17963330014018,35.85623449694526,104.17963330014018,35.85623449694526,104.1796333001402,35.85623449694527,104.17963330014018,35.85623449694526,104.17963330014021,35.85623449694527,104.17963330014018,35.85623449694526,104.17963330014021,0.0,35.85623449694527,104.17963330014018,35.85623449694526,104.1796333001402,0.0,35.85623449694526,104.17963330014018,0.0,35.85623449694526,104.17963330014018,0.04262086321077224,35.85623449694527,104.1796333001402,0.0,35.85623449694527,104.17963330014018,0.0,37.08462862533354,-95.69841061670212,15.16033615537057,1.1833474248198799,0.04726647633802825,37.08462862533354,-95.69841061670212,0.9998487102087648,0.0,0.0,37.08462862533355,-95.69841061670212,0.0,0.07747360753160662,37.08462862533355,-95.69841061670212,8.274402651947034,0.0967610288859082,0.08109450732354041,37.08462862533355,-95.69841061670215,1.1752916227763348,0.0,0.022922167318267614,56.12187404864591,-106.33068181921685,0.0,0.16740577762205405,-25.270574241602983,133.7548971876021,6.121834607667186,0.07798719185228772,-25.27057424160298,133.7548971876021,0.0,51.1579501532902,10.44994479081337,0.0,0.0,56.1218740486459,-106.33068181921688,0.03907381868879452,0.17959252143185067,-25.270574241602983,133.7548971876021,0.0,-25.27057424160298,133.7548971876021,0.0,37.08462862533354,-95.6984106167021,2.000764706784306,0.0,37.08462862533354,-95.6984106167021,0.9998487102087648,0.0,0.0011102574164930693,37.08462862533354,-95.69841061670212,1.013535964051998,0.002113484740590004,37.08462862533354,-95.69841061670212,0.9998487102087648,0.0,37.08462862533354,-95.69841061670213,1.0348969292431878,0.0,0.0,37.08462862533354,-95.69841061670212,0.9998487102087648,0.0,0.0,37.08462862533355,-95.6984106167021,0.0,37.08462862533354,-95.69841061670212,1.9996974204175295,0.0,0.0,56.1218740486459,-106.33068181921686,0.9998487102087648,0.0,56.12187404864589,-106.33068181921685,0.0,37.08462862533354,-95.69841061670212,0.9998487102087648,0.0,0.0009716891094750449,0.0,0.0,60.99077132273465,0.0,0.0,0.0,0.0,37.08462862533354,-95.6984106167021,0.0,37.08462862533354,-95.69841061670212,0.9998487102087648,0.0,0.0,37.08462862533354,-95.69841061670212,0.9998487102087648,0.0,0.0,0.0,0.0,0.0,0.0,37.08462862533354,-95.69841061670212,1.0009928756100221,0.0,0.0,37.08462862533354,-95.69841061670212,10.998335812296414,0.0,0.0,37.08462862533354,-95.69841061670212,4.999243551043823,0.0,0.0,37.08462862533354,-95.69841061670212,1.9996974204175295,0.0,0.0,37.08462862533354,-95.69841061670212,0.0,0.0,37.08462862533354,-95.69841061670212,0.0,0.0,37.08462862533354,-95.69841061670212,0.0,0.0,37.08462862533355,-95.69841061670213,36.019582980681015,0.0,0.0,1.6758093337058348e+40,5.427153340219195e+40,-1.928268483287e+40,6.735930120216589e+40,-1.3706414911715058e+38,-8.753559228358127e+38,-1.167091505340857e+39,1.8090809740460918e+40,1.2854496015230777e+39,2.0850477414144848e+40,8.375673080602606e+31,3.2906396728685318e+31,-6.542565299497099,0.1645802981809491,23.013763428606687,5.690603632952649e+49,-1.48480828461922e+52,6.4437304993626296e+47,-8.888430820859715e+51,8.889392367968316e+42,1.928576096119044e+43,0.6973759847919427,0.33590954868861245,171.56376554801318,91.20338822224763,5.312020887156619,0.21001042797720693,221.04544235113966,30.95246308729077,1.123421864868248,1.7885897288343977,114.02415914474403,66.03655594566618,323.41968477779295,1.0206475707007823,32.5089316085263,89.68721925722818,11.959153826322131,145.93887969292652,213.5840806559074,48.8465533174959,4.770011405702023,1.8506779928411574,41.239851518095456,0.7678517712005944,41.39384287857277,1.369753159962626,186.43084445239623,221.21620243597349,1.876414552560978,210.00436789939815,0.3898318934640652,510.94153732153524,1.1542861678193308,77.52726357177413,215.20802801000227,334.0564459977856,15.387528949874902,37.85958320315266,72.21915421091305,4.841487279046276,12.798732156374909,37.136373149923145,0.31839840956261306,55.49646879096379,50.13521412699575,2.2060328632811985,84.33266043169962,1.1514703181352797,200.25444020875074,52.39282434706283,281.3251439011047,107.59179652433131,77.4467735719121,0.4852467030825014,144.29858833488603,0.6630954758151367,1.826984685023166,12.004255792129095,0.24890029084913431,0.11000237953237499,0.4999243551043824,2.082189942056222,1.0009159965755414,0.5009810974746773,0.4999243551043824,0.9998487102087648,2.4996217755219114,0.9998487102087648,5.499167906148207,1.042907892603154,3.999652291494911,3.521992369678588,100.86026166975266,31.359137631405698,2.11498285445208,4.499319195939442,38.19226869200957,0.4732651063768588,24078.774904669364,823.2870116676487,5156.078175845316,531.3990846747893,158.26744309645224,6.472416725253424,67.40407884897638,0.9601907474711218,18.134964256898098,27.7498715155132,105.82223326742921,35.69866178436904,0.8951666963505611,0.7475357430497848,20.116810769460827,50.52136826905367,27.691203746496353,111.60897083894788,14.88906541762557,0.275827879580048,1.3348179649801795,37.863604367266774,14.746374290267331,18.919092175564725,26.79706653003694,107.17566640263311,7.4285063052324505,1.619121240572064,81.52686844368095,24.180594150664522,7.707575850736079,12.035215956216616,3.443923335163523,0.5999092261252588,0.1999697420417529,3.4344144123730564,5.58757590760046,4.3402626052009,1.8240936831354593,1.700290155064227,2.4629403374523307,1.3404772598194286,380.7450072765467,0.47518195912133915,1.667591757677573,0.3338715237344042
2020-03-11 06:00:00,0.14945969146432667,35.85791761542077,104.1845235700762,35.85791761542077,104.1845235700762,35.85791761542076,104.1845235700762,35.85791761542077,104.18452357007618,35.85791761542077,104.18452357007618,35.85791761542077,104.18452357007621,35.85791761542075,104.18452357007618,35.85791761542075,104.18452357007617,35.85791761542077,104.18452357007618,0.0,35.857917615420774,104.18452357007618,35.85791761542077,104.18452357007621,35.85791761542077,104.18452357007618,35.85791761542076,104.18452357007618,35.85791761542077,104.18452357007618,35.85791761542077,104.18452357007621,35.857917615420774,104.18452357007618,35.85791761542077,104.18452357007621,35.857917615420774,104.1845235700762,35.85791761542077,104.1845235700762,0.0,35.85791761542077,104.18452357007618,35.85791761542076,104.1845235700762,0.0,35.85791761542077,104.18452357007617,0.0,35.85791761542077,104.18452357007618,0.04176660439613873,35.85791761542077,104.1845235700762,0.0,35.85791761542077,104.18452357007617,0.0,37.08636940554854,-95.70290277169957,15.693489418941136,1.2218685722922822,0.04816949486992813,37.08636940554854,-95.70290277169957,0.9998956438553248,0.0,0.0,37.086369405548545,-95.70290277169957,0.0,0.07905557851980974,37.086369405548545,-95.70290277169957,8.485553570323228,0.10133602671322492,0.08267561581779365,37.086369405548545,-95.7029027716996,1.1963261153406706,0.0,0.025408126453945933,56.12450845140505,-106.33567306097977,0.0,0.17012039331765355,-25.271760461265735,133.7611757425537,6.202204979877875,0.07987825148431062,-25.271760461265732,133.7611757425537,0.0,51.1603515457476,10.450435319040668,0.0,0.0,56.12450845140504,-106.33567306097981,0.03771759656228497,0.17418567999517212,-25.271760461265735,133.76117574255366,0.0,-25.271760461265732,133.7611757425537,0.0,37.086369405548545,-95.70290277169957,2.0008626054121854,0.0,37.08636940554854,-95.70290277169956,0.9998956438553248,0.0,0.0011135577418505227,37.08636940554854,-95.70290277169957,1.0136370687542968,0.0021217262671447664,37.08636940554854,-95.70290277169957,0.9998956438553248,0.0,37.08636940554854,-95.70290277169958,1.0347970257497323,0.0,0.0,37.08636940554854,-95.70290277169957,0.9998956438553248,0.0,0.0,37.086369405548545,-95.70290277169956,0.0,37.08636940554854,-95.70290277169957,1.9997912877106496,0.0,0.0,56.12450845140504,-106.3356730609798,0.9998956438553248,0.0,56.124508451405035,-106.33567306097977,0.0,37.08636940554854,-95.70290277169957,0.9998956438553248,0.0,0.00097571429386891,0.0,0.0,60.993634275174834,0.0,0.0,0.0,0.0,37.08636940554854,-95.70290277169957,0.0,37.08636940554854,-95.70290277169957,0.9998956438553248,0.0,0.0,37.08636940554854,-95.70290277169957,0.9998956438553248,0.0,0.0,0.0,0.0,0.0,0.0,37.08636940554854,-95.70290277169957,1.0010424447489097,0.0,0.0,37.08636940554854,-95.70290277169957,10.998852082408577,0.0,0.0,37.08636940554854,-95.70290277169957,4.999478219276624,0.0,0.0,37.08636940554854,-95.70290277169957,1.9997912877106496,0.0,0.0,37.08636940554854,-95.70290277169957,0.0,0.0,37.08636940554854,-95.70290277169957,0.0,0.0,37.08636940554854,-95.70290277169957,0.0,0.0,37.086369405548545,-95.70290277169958,36.02135009089297,0.0,0.0,1.9493117519187566e+40,6.31289823536181e+40,-2.236722027050877e+40,7.813436460300976e+40,-1.5356201099893563e+38,-9.807190043226025e+38,-1.327475792953626e+39,2.0576888697667052e+40,1.5122732590744257e+39,2.452964269854374e+40,9.692817516807569e+31,3.8081202018915514e+31,-6.542976235001454,0.1647262669727707,23.01440593345,6.619345240604412e+49,-1.7223241602197216e+52,7.219336494560299e+47,-1.0109898579536099e+52,1.0287323445988581e+43,2.1936732087327313e+43,0.7012058502706366,0.3359328059663545,171.57409892131588,90.70382105030642,5.369657462554482,0.2096166533531291,220.72480115879014,31.31454635621598,1.1204435998873818,1.7887423201619987,114.04101716476949,66.63562246661388,323.94749875386566,1.0265243876228252,32.514061429670065,89.6927961499496,11.816868503197545,146.08574020052933,214.0520603316885,49.507577748222594,4.7706131306854624,1.853111676308942,41.297055792548775,0.768833489956462,41.366412536223734,1.3740670395905912,187.14524175812213,221.38938753569118,1.8669730210077906,209.79771056471148,0.3889027890128973,510.97332413625486,1.1569048901155712,78.29080646338267,216.31725067947386,333.79396876709126,15.39043539997535,38.13533577124911,72.19554409927453,4.855624937360278,12.797018825566147,37.138520879116356,0.31843726898986935,55.55695628656277,49.70985377119523,2.2095903606388134,84.77793581572392,1.1452693192534855,198.5206879502102,51.963031147826875,281.69630780986773,107.59822987342207,77.34278448716152,0.48525631560015375,144.492936072194,0.665455270586529,1.8271173370242737,11.95413313875405,0.2489830228251887,0.11002387099744736,0.4999478219276624,2.084282870708092,1.0009669615568608,0.501008685061235,0.4999478219276624,0.9998956438553248,2.499739109638312,0.9998956438553248,5.499426041204289,1.0491961985056535,3.999835108889339,3.5595745255398925,100.86517848412134,31.360609652789535,2.1618206652938485,4.4995303973489635,38.194061465678054,0.4828653333148824,24068.025018941426,822.7587502815419,5146.743671758784,530.7974230062198,157.0729407245916,6.489239620574321,67.32510926677163,0.9577932985191382,18.13879884994139,27.826721555505785,106.02112920991365,35.79896559537887,0.8972303396922027,0.7456043798624926,19.942008572413304,50.52265338733485,27.755072259990733,111.86623917150139,14.816950236165567,0.2742011729963642,1.2993333615298184,37.91796208732983,14.82812674638825,18.97295598914564,26.882890861062176,107.40661110869462,7.43060967063567,1.6249094782858478,81.42876187112694,23.96989109420189,7.6521277067655875,12.035780898258544,3.444084995501675,0.5999373863131949,0.19997912877106497,3.4587247694782537,5.5416506462608535,4.363667964374985,1.845070914353505,1.7004382116671346,2.462707633393833,1.3405182619128497,380.7657642517448,0.47524946872085305,1.6676701920906896,0.3338872741176823
2020-03-11 07:00:00,0.15041809357718305,35.85994539436853,104.19041524470838,35.85994539436853,104.19041524470838,35.85994539436852,104.19041524470838,35.85994539436853,104.19041524470836,35.85994539436853,104.19041524470838,35.85994539436853,104.19041524470839,35.859945394368516,104.19041524470836,35.859945394368516,104.19041524470836,35.85994539436853,104.19041524470836,0.0,35.85994539436853,104.19041524470838,35.85994539436853,104.19041524470839,35.85994539436852,104.19041524470836,35.85994539436852,104.19041524470836,35.85994539436853,104.19041524470836,35.85994539436853,104.19041524470839,35.85994539436854,104.19041524470836,35.85994539436853,104.19041524470839,35.85994539436853,104.19041524470838,35.85994539436853,104.19041524470839,0.0,35.85994539436853,104.19041524470836,35.85994539436852,104.19041524470838,0.0,35.85994539436853,104.19041524470836,0.0,35.85994539436852,104.19041524470836,0.04059744946755092,35.85994539436853,104.19041524470838,0.0,35.85994539436853,104.19041524470836,0.0,37.0884666539146,-95.70831480743352,16.31898313513855,1.2675450458237134,0.04929922739461595,37.0884666539146,-95.70831480743352,0.9999521883361927,0.0,0.0,37.08846665391461,-95.70831480743352,0.0,0.08141452438105425,37.08846665391461,-95.70831480743352,8.760148572522496,0.1069843832171558,0.08499367236010455,37.088466653914615,-95.70831480743355,1.2192254167598475,0.0,0.028145469851721228,56.12768231381144,-106.34168638393794,0.0,0.17402666723206717,-25.273189588979893,133.76873998817183,6.30199076611752,0.08245794496199657,-25.27318958897989,133.76873998817183,0.0,51.16324468318344,10.451026295152614,0.0,0.0,56.12768231381144,-106.34168638393798,0.03610586835848997,0.16775889016960843,-25.273189588979893,133.76873998817183,0.0,-25.27318958897989,133.76873998817183,0.0,37.08846665391461,-95.70831480743352,2.000980556463312,0.0,37.0884666539146,-95.70831480743351,0.9999521883361927,0.0,0.001117542117074568,37.0884666539146,-95.70831480743352,1.0137589179053557,0.002131662802052444,37.0884666539146,-95.70831480743352,0.9999521883361927,0.0,37.088466653914594,-95.70831480743354,1.0346739113035097,0.0,0.0,37.0884666539146,-95.70831480743352,0.9999521883361927,0.0,0.0,37.08846665391461,-95.70831480743351,0.0,37.0884666539146,-95.70831480743352,1.9999043766723854,0.0,0.0,56.127682313811434,-106.34168638393797,0.9999521883361927,0.0,56.12768231381143,-106.34168638393795,0.0,37.0884666539146,-95.70831480743352,0.9999521883361927,0.0,0.0009805485153210982,0.0,0.0,60.99708348850777,0.0,0.0,0.0,0.0,37.0884666539146,-95.70831480743352,0.0,37.0884666539146,-95.70831480743352,0.9999521883361927,0.0,0.0,37.0884666539146,-95.70831480743352,0.9999521883361927,0.0,0.0,0.0,0.0,0.0,0.0,37.0884666539146,-95.70831480743352,1.0011021725173674,0.0,0.0,37.0884666539146,-95.70831480743352,10.999474071698122,0.0,0.0,37.0884666539146,-95.70831480743352,4.999760941680964,0.0,0.0,37.0884666539146,-95.70831480743352,1.9999043766723854,0.0,0.0,37.0884666539146,-95.70831480743352,0.0,0.0,37.0884666539146,-95.70831480743352,0.0,0.0,37.0884666539146,-95.70831480743352,0.0,0.0,37.08846665391461,-95.70831480743354,36.023479123838435,0.0,0.0,2.2481858856883123e+40,7.280810109802587e+40,-2.5730220167186274e+40,8.98821748766602e+40,-1.7097326844747857e+38,-1.0919154581711917e+39,-1.4994310657969642e+39,2.3242326763698816e+40,1.7622975109553132e+39,2.858513037433753e+40,1.1125329651478065e+32,4.370926464367256e+31,-6.543471609272454,0.16473443155021408,23.015178890890937,7.634242459050835e+49,-1.9812823992326e+52,8.037883513427622e+47,-1.1419489592713474e+52,1.180769826415728e+43,2.477864671834782e+43,0.705308470032489,0.335960778999786,171.5865262626212,90.2645591693026,5.430561975265635,0.20928019605169712,220.35286265892012,31.642439103287412,1.1170371120139881,1.788925419810886,114.06116563175432,67.28194660409184,324.43578648937773,1.0319270660088398,32.52019414133351,89.69950465983759,11.690504912641888,146.20446160378958,214.47886710897546,50.10623153704179,4.77131867943755,1.8561193100849132,41.367629685376464,0.7699756710518759,41.32845427677606,1.3775210386220744,187.7151705520606,221.40102457228807,1.8560275526616885,209.5617028003406,0.38782620178904587,511.0115360505169,1.1597464281245793,78.99027733684571,217.0850406258985,333.5678526384792,15.393916939736448,38.35344778509456,72.17631451961914,4.868496333277696,12.795830310132919,37.14109769804223,0.3184833239594709,55.626455958320236,49.2160978448223,2.2140499617710616,85.33326353864,1.1385722259987243,196.6462750611113,51.47089809358087,282.0997221894075,107.60598413741097,77.22231564474865,0.4852736633450482,144.67092435745928,0.6676011227523191,1.827276598074225,11.911034675038966,0.2490805930497249,0.11004960609532308,0.49997609416809635,2.087077435029903,1.0010283681271195,0.5010419255691226,0.49997609416809635,0.9999521883361927,2.499880470840482,0.9999521883361927,5.499737035849061,1.0576214962930344,4.000055360421482,3.6082889656259107,100.87110264726884,31.36238310725292,2.2169573029578418,4.499784847512869,38.19622135445353,0.4950944422526305,24052.148237372006,821.9621650328979,5131.818805126069,530.1008467782511,155.68754355630165,6.500967718198134,67.25593271365007,0.9556770546459271,18.143423971360665,27.909457748119866,106.23592650703657,35.90544295854751,0.899416582440442,0.7433654915233294,19.738911651947394,50.52467753955437,27.818301243546678,112.12089529389746,14.745968056801212,0.2725999562020457,1.264340554529952,37.96162896321558,14.89297297038575,19.03557529297283,26.969800502917856,107.63390767747966,7.4334090464445906,1.6327479880795877,81.3239120013943,23.74372185555497,7.576074531010562,12.03646152626899,3.4442797598246644,0.5999713130017157,0.19999043766723854,3.4888628258541208,5.486655107124697,4.3923039857329895,1.8675258928972949,1.7006154080219655,2.4624236327743048,1.3405675111550956,380.79075697808645,0.47533052506636775,1.6677646201573777,0.33390621591059244
2020-03-11 08:00:00,0.15110490879358565,35.862372121362725,104.19746605559028,35.862372121362725,104.19746605559028,35.86237212136272,104.19746605559028,35.862372121362725,104.19746605559027,35.86237212136273,104.19746605559027,35.86237212136273,104.1974660555903,35.86237212136272,104.19746605559027,35.86237212136271,104.19746605559025,35.862372121362725,104.19746605559027,0.0,35.86237212136273,104.19746605559028,35.862372121362725,104.1974660555903,35.86237212136272,104.19746605559027,35.862372121362725,104.19746605559027,35.862372121362725,104.19746605559027,35.862372121362725,104.1974660555903,35.86237212136273,104.19746605559027,35.862372121362725,104.1974660555903,35.86237212136273,104.19746605559028,35.86237212136273,104.19746605559028,0.0,35.86237212136273,104.19746605559027,35.86237212136272,104.19746605559028,0.0,35.862372121362725,104.19746605559025,0.0,35.862372121362725,104.19746605559027,0.03915026690921414,35.86237212136273,104.19746605559028,0.0,35.86237212136273,104.19746605559027,0.0,37.09097651783694,-95.71479161459422,17.049125484779562,1.3214431814152823,0.05070226313682246,37.09097651783694,-95.71479161459422,1.0000198574567578,0.0,0.0,37.09097651783694,-95.71479161459422,0.0,0.08460163657438471,37.09097651783695,-95.71479161459422,9.102979917987316,0.11377397492962542,0.08811576395779383,37.09097651783695,-95.71479161459425,1.2437890324264338,0.0,0.031105621912996567,56.13148060631565,-106.34888277640644,0.0,0.17911513583750427,-25.274899885265366,133.7777924339784,6.42001513903963,0.08568293120555165,-25.27489988526536,133.77779243397842,0.0,51.16670702049651,10.451733540725597,0.0,0.0,56.13148060631565,-106.34888277640648,0.034276679348659946,0.16046265590758546,-25.274899885265363,133.7777924339784,0.0,-25.27489988526536,133.7777924339784,0.0,37.09097651783695,-95.71479161459422,2.0011217186043937,0.0,37.09097651783694,-95.7147916145942,1.0000198574567578,0.0,0.001122318337634019,37.09097651783694,-95.71479161459422,1.0139047825466103,0.002143561837680408,37.09097651783694,-95.71479161459422,1.0000198574567578,0.0,37.090976517836935,-95.71479161459423,1.0345239588496042,0.0,0.0,37.09097651783694,-95.71479161459422,1.0000198574567578,0.0,0.0,37.09097651783695,-95.71479161459422,0.0,37.09097651783694,-95.71479161459422,2.0000397149135156,0.0,0.0,56.13148060631564,-106.34888277640646,1.0000198574567578,0.0,56.131480606315634,-106.34888277640644,0.0,37.09097651783694,-95.71479161459422,1.0000198574567578,0.0,0.0009863199235875132,0.0,0.0,61.00121130486223,0.0,0.0,0.0,0.0,37.09097651783694,-95.71479161459423,0.0,37.09097651783694,-95.71479161459422,1.0000198574567578,0.0,0.0,37.09097651783694,-95.71479161459422,1.0000198574567578,0.0,0.0,0.0,0.0,0.0,0.0,37.09097651783694,-95.71479161459422,1.0011736590036069,0.0,0.0,37.09097651783694,-95.71479161459422,11.000218432024337,0.0,0.0,37.09097651783694,-95.71479161459422,5.000099287283788,0.0,0.0,37.09097651783694,-95.71479161459422,2.0000397149135156,0.0,0.0,37.09097651783694,-95.71479161459422,0.0,0.0,37.09097651783694,-95.71479161459422,0.0,0.0,37.09097651783694,-95.71479161459422,0.0,0.0,37.09097651783696,-95.71479161459425,36.02602708241972,0.0,0.0,2.571640096649017e+40,8.328325221525613e+40,-2.9361818081595546e+40,1.0256826604508818e+41,-1.8919239920968054e+38,-1.2082713697960668e+39,-1.682172092046536e+39,2.607495224553026e+40,2.0351588258029053e+39,3.3011043825695367e+40,1.2668589960094342e+32,4.9772435386161345e+31,-6.544064716451122,0.1645772362497235,23.016102775464738,8.732607094552927e+49,-2.2609232644159055e+52,8.894410689355538e+47,-1.281122362772199e+52,1.3445613960863852e+43,2.779851496955808e+43,0.7096588525554597,0.3359942121388158,171.60137753010554,89.87925781542764,5.496550225812609,0.20899301557529754,219.93783859287853,31.927027422738504,1.1132542041492581,1.789143835056002,114.0851239780321,67.95447292312757,324.8634258052036,1.036610360306498,32.527488164673464,89.70752300055115,11.578917133925561,146.293034846352,214.85256674691544,50.62484743294376,4.772144622701433,1.8596221474911503,41.44990524903656,0.7712316973075725,41.281344446469,1.379837067709835,188.09454623946257,221.21898147060395,1.8438050100312837,209.3002359758433,0.3866251063125072,511.05718530358496,1.1627198618354055,79.5935861645362,217.49863703415394,333.37504369359635,15.398064202395918,38.509590210854725,72.16101525280673,4.879735932576594,12.795086229224841,37.14417125414583,0.31853771539986037,55.70225915831322,48.66415639247555,2.2195900750461153,86.02009981233805,1.1314761878875503,194.6580987684505,50.923639764854414,282.52287541171944,107.61526760489282,77.0879630705264,0.48529889113724883,144.82800983814647,0.6694749198675003,1.8274666592458892,11.873927800500905,0.2491953661612542,0.1100802541656173,0.5000099287283789,2.0905374174314884,1.001101861147636,0.5010817096472191,0.5000099287283789,1.0000198574567578,2.500049643641894,1.0000198574567578,5.500109216012168,1.0680644491861888,4.000318940561053,3.667965291637416,100.87819281675516,31.364505473610475,2.2806524916154487,4.500089358555411,38.19880618274644,0.5097899537506241,24030.121791754227,820.8443708000369,5110.228113510306,529.3249652477286,154.13985397887387,6.507414610847224,67.19598596663447,0.953823686422385,18.148964630644294,27.99656773198289,106.46145226014505,36.020596609295055,0.901790431561137,0.740865500469429,19.51167430330445,50.527468541997465,27.88000476570152,112.36936096174229,14.677205629012615,0.27104872388567847,1.2303602422975377,37.99383028120244,14.93965194263579,19.104298318142995,27.056772574126814,107.85423208486303,7.436951030832397,1.6427541976052025,81.21505733334419,23.507543634448403,7.481887193163112,12.037276061979494,3.4445128423510543,0.6000119144740547,0.20000397149135152,3.524487703751777,5.423948728033411,4.425842858564798,1.891316995792027,1.7008263630123899,2.4620795331766407,1.340626258024407,380.8206525810589,0.4754272646869759,1.6678775623338185,0.33392885243853043
2020-03-11 09:00:00,0.15151111080594615,35.865257448658596,104.2058493212581,35.8652574486586,104.2058493212581,35.865257448658596,104.2058493212581,35.865257448658596,104.20584932125809,35.8652574486586,104.20584932125809,35.8652574486586,104.20584932125809,35.86525744865859,104.20584932125809,35.86525744865858,104.20584932125807,35.865257448658596,104.20584932125809,0.0,35.8652574486586,104.20584932125807,35.8652574486586,104.2058493212581,35.86525744865859,104.20584932125809,35.865257448658596,104.20584932125809,35.865257448658596,104.20584932125809,35.8652574486586,104.2058493212581,35.86525744865861,104.20584932125807,35.865257448658596,104.20584932125811,35.8652574486586,104.2058493212581,35.8652574486586,104.20584932125809,0.0,35.8652574486586,104.20584932125809,35.865257448658596,104.2058493212581,0.0,35.865257448658596,104.20584932125807,0.0,35.865257448658596,104.20584932125807,0.03746905684445653,35.8652574486586,104.2058493212581,0.0,35.8652574486586,104.20584932125806,0.0,37.09396069318974,-95.72249240192446,17.89198664224319,1.3842860382337094,0.05241262822228364,37.09396069318974,-95.72249240192446,1.000100314616183,0.0,0.0,37.093960693189736,-95.72249240192446,0.0,0.08863744024202971,37.09396069318975,-95.72249240192446,9.51633339305122,0.12173238659113621,0.09207800016608853,37.09396069318974,-95.72249240192447,1.2697700581688554,0.0,0.03425447387757459,56.13599669612151,-106.35743913551515,0.0,0.18532808531844486,-25.276933391534627,133.78855560142267,6.554515052410311,0.08948974688982433,-25.27693339153462,133.7885556014227,0.0,51.17082366665439,10.452574440819214,0.0,0.0,56.13599669612151,-106.35743913551518,0.03227358603816947,0.15246931039242015,-25.276933391534623,133.78855560142267,0.0,-25.27693339153462,133.78855560142267,0.0,37.09396069318974,-95.72249240192444,2.0012895627456566,0.0,37.09396069318974,-95.72249240192444,1.000100314616183,0.0,0.0011280049373107981,37.09396069318974,-95.72249240192444,1.014078258363886,0.00215771751336571,37.09396069318974,-95.72249240192446,1.000100314616183,0.0,37.093960693189736,-95.72249240192446,1.0343431678825472,0.0,0.0,37.09396069318974,-95.72249240192446,1.000100314616183,0.0,0.0,37.09396069318975,-95.72249240192444,0.0,37.09396069318974,-95.72249240192446,2.000200629232366,0.0,0.0,56.135996696121495,-106.35743913551516,1.000100314616183,0.0,56.135996696121495,-106.35743913551515,0.0,37.09396069318974,-95.72249240192444,1.000100314616183,0.0,0.0009931694103207898,0.0,0.0,61.00611919158717,0.0,0.0,0.0,0.0,37.09396069318974,-95.72249240192446,0.0,37.09396069318974,-95.72249240192446,1.000100314616183,0.0,0.0,37.09396069318974,-95.72249240192446,1.000100314616183,0.0,0.0,0.0,0.0,0.0,0.0,37.09396069318974,-95.72249240192446,1.0012586624851623,0.0,0.0,37.09396069318974,-95.72249240192446,11.001103460778014,0.0,0.0,37.09396069318974,-95.72249240192446,5.000501573080914,0.0,0.0,37.09396069318974,-95.72249240192446,2.000200629232366,0.0,0.0,37.09396069318974,-95.72249240192446,0.0,0.0,37.09396069318974,-95.72249240192446,0.0,0.0,37.09396069318974,-95.72249240192446,0.0,0.0,37.09396069318975,-95.72249240192447,36.0290566019964,0.0,0.0,2.9181543001978667e+40,9.450520735895299e+40,-3.324415226488198e+40,1.1613024249629659e+41,-2.080885796300967e+38,-1.3289512379930224e+39,-1.8745881393931814e+39,2.9057547944008064e+40,2.3298322713395654e+39,3.7790758264464855e+40,1.431467055347209e+32,5.623956710582259e+31,-6.5447701649196866,0.16423573271017475,23.01720005694401,9.909277343324146e+49,-2.559871362617339e+52,9.782767673153114e+47,-1.4276641478710797e+52,1.5192656392321774e+43,3.097797658745906e+43,0.7142237539994456,0.3360339233444891,171.6190151678338,89.54139189527652,5.568928781764772,0.20874760204506554,219.48921958185863,32.16100539454429,1.109161518482084,1.7894028440369714,114.11346218569355,68.63189779977276,325.21287436265226,1.0403694613585681,32.53611734391335,89.71704692134753,11.480803351917345,146.35062446191048,215.16365268017609,51.049213316456196,4.773109077785362,1.8635325518102233,41.54202484212834,0.7725507335344608,41.22671781981104,1.3807981712740012,188.24736945501883,220.8211573133703,1.8305683233892884,209.0182798978138,0.38532610733366157,511.11138368798635,1.165733289553062,80.07388280625446,217.55836437940002,333.2124340069672,15.40297665463611,38.60169587041334,72.14924011142067,4.889051771796398,12.794724395363925,37.14781581508331,0.3186016931854382,55.78142038632153,48.06585382158034,2.226347786143646,86.85475710701331,1.124091900915214,192.58681141465632,50.33056830885551,282.9531366535649,107.62630923608323,76.94273213196031,0.4853323300460484,144.96061189606746,0.6710303326810229,1.8276921219580926,11.84184393995256,0.249329930366449,0.11011654982165844,0.5000501573080915,2.0946065486498058,1.001189248129474,0.5011290160647743,0.5000501573080915,1.000100314616183,2.500250786540457,1.000100314616183,5.500551730389007,1.080342748029318,4.000632325663038,3.737991168495962,100.8866233295411,31.36702892251838,2.352887476290833,4.500451415772824,38.20187948915728,0.526712765010387,24001.14852176135,819.3639852515171,5081.125724297459,528.4878295957461,152.4630174937041,6.508590945172144,67.14462564433582,0.9522123244592436,18.155558362841273,28.086548523123273,106.69278172125188,36.14617707474318,0.9043990650070315,0.7381582085202172,19.26510663018118,50.53107114795026,27.939476805916836,112.60878270070447,14.611547410835804,0.2695674076149411,1.1978134750299285,38.01422944535516,14.967571601371763,19.176233046418673,27.142903000049373,108.06499345373865,7.44124977504146,1.6549363316652965,81.1048594630508,23.266630845877245,7.372511348680973,12.03824452778739,3.444789972566852,0.6000601887697098,0.20002006292323657,3.565084099019697,5.355077889483732,4.463805436646954,1.916256746202667,1.701076150267722,2.46166578485052,1.3406958848315564,380.8561839709477,0.475542033672651,1.668011787938569,0.3339557366611931
2020-03-11 10:00:00,0.1516385425502595,35.86866622414013,104.21575345605224,35.86866622414013,104.21575345605224,35.86866622414012,104.21575345605224,35.86866622414013,104.21575345605223,35.86866622414013,104.21575345605223,35.86866622414013,104.21575345605223,35.86866622414012,104.21575345605223,35.868666224140114,104.21575345605221,35.86866622414013,104.21575345605223,0.0,35.868666224140135,104.21575345605221,35.86866622414013,104.21575345605224,35.86866622414012,104.21575345605223,35.86866622414012,104.21575345605223,35.86866622414013,104.21575345605223,35.86866622414013,104.21575345605224,35.868666224140135,104.21575345605221,35.86866622414013,104.21575345605225,35.86866622414013,104.21575345605224,35.868666224140135,104.21575345605223,0.0,35.86866622414013,104.21575345605223,35.86866622414012,104.21575345605224,0.0,35.86866622414013,104.21575345605221,0.0,35.86866622414013,104.21575345605221,0.03560281526947881,35.86866622414013,104.21575345605224,0.0,35.86866622414013,104.2157534560522,0.0,37.097486249472304,-95.73159024502785,18.850573998285498,1.4563855885013273,0.05444919453814792,37.097486249472304,-95.73159024502785,1.0001953680933933,0.0,0.0,37.0974862494723,-95.73159024502785,0.0,0.09350955624282081,37.09748624947231,-95.73159024502785,9.999714591763702,0.1308422417245576,0.09688236522806631,37.097486249472304,-95.73159024502786,1.2968772091579426,0.0,0.03755263794975465,56.141332082586885,-106.36754776588876,0.0,0.19256228804116543,-25.27933581094892,133.80127139326373,6.703194085897576,0.0937967042419537,-25.27933581094892,133.80127139326376,0.0,51.17568714349781,10.453567894707668,0.0,0.0,56.141332082586885,-106.3675477658888,0.030143360883002582,0.14396389423707745,-25.27933581094892,133.80127139326373,0.0,-25.27933581094892,133.80127139326373,0.0,37.097486249472304,-95.73159024502783,2.0014878622424908,0.0,37.097486249472304,-95.73159024502783,1.0001953680933933,0.0,0.001134730883721335,37.097486249472304,-95.73159024502783,1.0142832560026218,0.002174449858909397,37.097486249472304,-95.73159024502785,1.0001953680933933,0.0,37.0974862494723,-95.73159024502786,1.0341271701270511,0.0,0.0,37.097486249472304,-95.73159024502785,1.0001953680933933,0.0,0.0,37.09748624947231,-95.73159024502783,0.0,37.097486249472304,-95.73159024502785,2.0003907361867865,0.0,0.0,56.14133208258688,-106.36754776588879,1.0001953680933933,0.0,56.14133208258687,-106.36754776588877,0.0,37.097486249472304,-95.73159024502783,1.0001953680933933,0.0,0.001001250236472543,0.0,0.0,61.011917453696995,0.0,0.0,0.0,0.0,37.097486249472304,-95.73159024502785,0.0,37.097486249472304,-95.73159024502785,1.0001953680933933,0.0,0.0,37.097486249472304,-95.73159024502785,1.0001953680933933,0.0,0.0,0.0,0.0,0.0,0.0,37.097486249472304,-95.73159024502785,1.0013590944710191,0.0,0.0,37.097486249472304,-95.73159024502785,11.002149049027325,0.0,0.0,37.097486249472304,-95.73159024502785,5.000976840466965,0.0,0.0,37.097486249472304,-95.73159024502785,2.0003907361867865,0.0,0.0,37.097486249472304,-95.73159024502785,0.0,0.0,37.097486249472304,-95.73159024502785,0.0,0.0,37.097486249472304,-95.73159024502785,0.0,0.0,37.09748624947231,-95.73159024502786,36.03263577268896,0.0,0.0,3.2854129092367476e+40,1.0639897562173017e+41,-3.7350688705625547e+40,1.3047541420901322e+41,-2.2750649760145836e+38,-1.4529631668223737e+39,-2.0752306132762028e+39,3.2167659537025757e+40,2.6445511513792643e+39,4.2895617212102777e+40,1.6052080007437238e+32,6.306551222356497e+31,-6.545603836010389,0.16370099718901338,23.018495127729754,1.1156390086280522e+50,-2.8760835177790986e+52,1.0695652851896957e+48,-1.5804710820895318e+52,1.7036629311451314e+43,3.4293097563663534e+43,0.7189620124415625,0.33608080188672584,171.63983304276502,89.24445471722645,5.648408476510007,0.2085370416517167,219.0172709992741,32.339290885228145,1.1048367326209556,1.7897081794049061,114.14679889494691,69.29379974134831,325.4711933849567,1.0430516922879687,32.546270380565424,89.72828912712777,11.394771967191208,146.37767750872572,215.40557434216458,51.369335985410004,4.774231621887859,1.8677582751021913,41.64203628043372,0.773881306956934,41.166392384615655,1.3802628803883368,188.15009436009615,220.19713259302614,1.8166020762948363,208.72161064675524,0.3839580024843991,511.17533924016016,1.16869879096423,80.4110795418118,217.27809390749692,333.0769702722734,15.408762272121182,38.63017419920509,72.14063104101776,4.8962415225002776,12.794697815456127,37.152112034428264,0.31867661114679585,55.86096355425866,47.433979902011906,2.2344061169015337,87.84684064880295,1.1165380882568763,190.46527954799035,49.70255135417336,283.3784481646164,107.63935804216443,76.78987597985981,0.48537447553066043,145.06632811981,0.6722354954701492,1.8279579836057556,11.813886823455679,0.24948708636359257,0.11015929061033437,0.5000976840466966,2.0992104471756003,1.0012924941490982,0.5011849089761513,0.5000976840466966,1.0001953680933933,2.5004884202334825,1.0001953680933933,5.501074524513663,1.0942171604904585,4.001002555375928,3.817336953692848,100.89658370811406,31.370010168624656,2.4333354696834033,4.50087915642027,38.205510346410634,0.5455551706978707,23964.763142415213,817.4965218652513,5044.00146726828,527.6089809889224,150.69290188527776,6.5047113366416465,67.10116598071451,0.9508206876715982,18.16335489364142,28.177954333357544,106.92541280001933,36.28306162375132,0.9072687739110469,0.7353018481245325,19.004409106403727,50.53554519448006,27.996192655730244,112.83703739642517,14.54967367943265,0.2681713330898482,1.1670207671175665,38.022968942019304,14.976872212136822,19.248448079984406,27.22741003409518,108.26433797539893,7.446287487111265,1.6691951619994647,80.99581573848216,23.025894630170182,7.251226138863984,12.039388690013068,3.445117378988354,0.6001172208560358,0.20003907361867862,3.6099780685314187,5.281696582561093,4.505576324949116,1.9421136671173502,1.7013702830848982,2.4611720746328154,1.3407778991126023,380.89814771573293,0.47567738045603414,1.6681703072244882,0.33398746956554765
2020-03-11 11:00:00,0.15150026001071124,35.872668141053076,104.22738095242319,35.87266814105309,104.22738095242319,35.872668141053076,104.22738095242319,35.87266814105309,104.22738095242318,35.87266814105309,104.22738095242319,35.87266814105308,104.22738095242319,35.87266814105307,104.22738095242319,35.872668141053076,104.22738095242318,35.87266814105308,104.22738095242319,0.0,35.87266814105308,104.22738095242316,35.87266814105308,104.2273809524232,35.87266814105308,104.22738095242319,35.872668141053076,104.22738095242318,35.872668141053076,104.22738095242318,35.87266814105308,104.22738095242319,35.87266814105309,104.22738095242318,35.87266814105308,104.2273809524232,35.87266814105308,104.22738095242319,35.8726681410531,104.22738095242318,0.0,35.87266814105308,104.22738095242318,35.87266814105308,104.22738095242319,0.0,35.87266814105308,104.22738095242318,0.0,35.872668141053076,104.22738095242318,0.03360332901665236,35.87266814105308,104.22738095242319,0.0,35.87266814105308,104.22738095242316,0.0,37.10162526754234,-95.74227115152466,19.922214459522625,1.537592157080319,0.05681377174962591,37.10162526754234,-95.74227115152466,1.0003069612799038,0.0,0.0,37.10162526754233,-95.74227115152466,0.0,0.09917146745762265,37.101625267542346,-95.74227115152466,10.549663010907317,0.14103790195698943,0.10249469273070694,37.10162526754234,-95.74227115152469,1.324779243970182,0.0,0.04095599222999023,56.14759584898883,-106.37941534093976,0.0,0.20067372855276439,-25.282156261558875,133.81619978696585,6.863294719057891,0.09850643877714782,-25.282156261558875,133.81619978696585,0.0,51.181396885996506,10.454734213797904,0.0,0.0,56.14759584898883,-106.3794153409398,0.02793379412803173,0.13513542163355563,-25.282156261558868,133.81619978696583,0.0,-25.282156261558868,133.81619978696585,0.0,37.10162526754234,-95.74227115152465,2.0017206725606447,0.0,37.10162526754234,-95.74227115152465,1.0003069612799038,0.0,0.0011426349200424526,37.10162526754234,-95.74227115152465,1.0145239805615767,0.002194103160021571,37.10162526754234,-95.74227115152466,1.0003069612799038,0.0,37.10162526754233,-95.74227115152468,1.0338712462631554,0.0,0.0,37.10162526754234,-95.74227115152466,1.0003069612799038,0.0,0.0,37.101625267542346,-95.74227115152465,0.0,37.10162526754234,-95.74227115152466,2.0006139225598076,0.0,0.0,56.147595848988814,-106.37941534093977,1.0003069612799038,0.0,56.14759584898881,-106.37941534093976,0.0,37.10162526754234,-95.74227115152466,1.0003069612799038,0.0,0.0010107272370748666,0.0,0.0,61.01872463807413,0.0,0.0,0.0,0.0,37.10162526754234,-95.74227115152468,0.0,37.10162526754234,-95.74227115152466,1.0003069612799038,0.0,0.0,37.10162526754234,-95.74227115152466,1.0003069612799038,0.0,0.0,0.0,0.0,0.0,0.0,37.10162526754234,-95.74227115152466,1.001477009407187,0.0,0.0,37.10162526754234,-95.74227115152466,11.003376574078942,0.0,0.0,37.10162526754234,-95.74227115152466,5.001534806399517,0.0,0.0,37.10162526754234,-95.74227115152466,2.0006139225598076,0.0,0.0,37.10162526754234,-95.74227115152466,0.0,0.0,37.10162526754234,-95.74227115152466,0.0,0.0,37.10162526754234,-95.74227115152466,0.0,0.0,37.101625267542346,-95.74227115152469,36.03683777137332,0.0,0.0,3.670262331245398e+40,1.1886242706651316e+41,-4.1645815882687114e+40,1.4547938112175972e+41,-2.472680542057029e+38,-1.579169733086435e+39,-2.2823116301997906e+39,3.537757346483864e+40,2.9767476396745493e+39,4.828396955827967e+40,1.786562118975763e+32,7.019056415132603e+31,-6.54658279831233,0.16297488223989218,23.02001416075183,1.246323656038339e+50,-3.206817566033778e+52,1.1624693347357311e+48,-1.738181534510396e+52,1.896140347467056e+43,3.771434712528726e+43,0.7238252973116134,0.3361358035605466,171.66425427699753,88.98211253202295,5.735063599688153,0.2083550463108032,218.53254621920675,32.4593396707852,1.1003644851237053,1.7900659958001028,114.18579774878714,69.92173575616525,325.6308258187617,1.044565415212356,32.55814973021815,89.74147810105362,11.31939731700613,146.37596228999467,215.5751342200213,51.58001710013561,4.775533144284248,1.8722065322343027,41.74798311688181,0.7751748993268724,41.102291421059185,1.3781748455126448,187.79321849572744,219.3490440978939,1.8021986085324342,208.41651844924598,0.38255039523660306,511.25034953829515,1.1715372326062468,80.59301162172548,216.68495177395644,332.96573640490624,15.415536907794595,38.59798967597474,72.13487954007891,4.901204573836826,12.794972059790076,37.15714648793654,0.31876391804196,55.938088921631106,46.781664365041294,2.243783855746516,88.9980015113804,1.108936015734787,188.32705401169272,49.051432014245904,283.7879949328274,107.65468177297187,76.63273959482873,0.4854259657521527,145.14409617118127,0.6730750265777529,1.8282696090423516,11.78923636393258,0.24966982768713458,0.11020933241377578,0.5001534806399519,2.1042591866567992,1.0014137112807417,0.5012505322199626,0.5001534806399519,1.0003069612799038,2.5007674031997587,1.0003069612799038,5.501688287039471,1.1093995545338018,4.001437194318325,3.9045987894045697,100.90827763696251,31.373510164232773,2.521340694223375,4.501381325759567,38.20977298826824,0.5659510328495776,23920.913583947597,815.2385162571355,4998.76195563658,526.7085305311465,148.8663421791928,6.496189952088765,67.06491029007347,0.9496260292005279,18.172515394285693,28.269434976965602,107.15539402587963,36.431199555622406,0.9104035131041603,0.7323562393875925,18.734916942078705,50.54096371038527,28.049801217934803,113.0527012255122,14.492068996164939,0.2668714109690538,1.1382062931819381,38.02068504603711,14.968449471727254,19.31817429371491,27.309631741063072,108.45111576513469,7.452016594070328,1.6853312796441293,80.89019321309434,22.789747324161564,7.121498200450465,12.040731941332176,3.4455017555196674,0.6001841767679422,0.2000613922559807,3.6583585833243477,5.20549045773441,4.550423484601827,1.968616435652305,1.70171468380108,2.4605873408019225,1.340873922969782,380.94739967840883,0.4758360413635634,1.6683563550220775,0.334024696871087
2020-03-11 12:00:00,0.15112023980148132,35.87733718560948,104.24094677595632,35.87733718560949,104.24094677595632,35.87733718560948,104.24094677595632,35.87733718560949,104.2409467759563,35.87733718560949,104.2409467759563,35.877337185609484,104.24094677595632,35.87733718560947,104.24094677595632,35.87733718560948,104.2409467759563,35.87733718560948,104.24094677595632,0.0,35.877337185609484,104.24094677595629,35.877337185609484,104.24094677595632,35.877337185609484,104.2409467759563,35.87733718560948,104.2409467759563,35.87733718560948,104.2409467759563,35.877337185609484,104.24094677595632,35.87733718560949,104.24094677595629,35.877337185609484,104.24094677595633,35.877337185609484,104.24094677595632,35.87733718560949,104.2409467759563,0.0,35.877337185609484,104.2409467759563,35.877337185609484,104.24094677595632,0.0,35.87733718560948,104.24094677595629,0.0,35.87733718560948,104.2409467759563,0.031523065377117056,35.877337185609484,104.24094677595632,0.0,35.877337185609484,104.24094677595627,0.0,37.106454268296005,-95.75473258673712,21.09818839728134,1.6272646308691947,0.0594900014919531,37.106454268296005,-95.75473258673712,1.0004371572763078,0.0,0.0,37.106454268296,-95.75473258673712,0.0,0.10554241044993093,37.10645426829602,-95.75473258673712,11.159669370323774,0.15220382860193413,0.10884391347124572,37.10645426829601,-95.75473258673715,1.353111753308115,0.0,0.04441651590746866,56.15490379791871,-106.39326126475446,0.0,0.2094840195545316,-25.285446886989995,133.83361677409147,7.031687657150682,0.1035090185669246,-25.285446886989998,133.83361677409144,0.0,51.18805845411795,10.456094960639415,0.0,0.0,56.15490379791871,-106.3932612647545,0.025691735400576066,0.12616910155806876,-25.28544688698999,133.83361677409144,0.0,-25.28544688698999,133.83361677409147,0.0,37.106454268296005,-95.7547325867371,2.001992299188506,0.0,37.106454268296005,-95.7547325867371,1.0004371572763078,0.0,0.0011518645117205477,37.106454268296005,-95.7547325867371,1.0148048990101104,0.0022170433434651566,37.106454268296005,-95.75473258673712,1.0004371572763078,0.0,37.106454268296005,-95.75473258673713,1.033570355042651,0.0,0.0,37.106454268296005,-95.75473258673712,1.0004371572763078,0.0,0.0,37.106454268296005,-95.7547325867371,0.0,37.106454268296005,-95.75473258673712,2.0008743145526156,0.0,0.0,56.154903797918706,-106.39326126475447,1.0004371572763078,0.0,56.15490379791869,-106.39326126475446,0.0,37.106454268296005,-95.75473258673712,1.0004371572763078,0.0,0.0010217755543347321,0.0,0.0,61.02666659385478,0.0,0.0,0.0,0.0,37.106454268296005,-95.75473258673713,0.0,37.106454268296005,-95.75473258673712,1.0004371572763078,0.0,0.0,37.106454268296005,-95.75473258673712,1.0004371572763078,0.0,0.0,0.0,0.0,0.0,0.0,37.106454268296005,-95.75473258673712,1.001614588429428,0.0,0.0,37.106454268296005,-95.75473258673712,11.004808730039384,0.0,0.0,37.106454268296005,-95.75473258673712,5.0021857863815375,0.0,0.0,37.106454268296005,-95.75473258673712,2.0008743145526156,0.0,0.0,37.106454268296005,-95.75473258673712,0.0,0.0,37.106454268296005,-95.75473258673712,0.0,0.0,37.106454268296005,-95.75473258673712,0.0,0.0,37.106454268296005,-95.75473258673713,36.04174028140953,0.0,0.0,4.0686999251868698e+40,1.317659350929695e+41,-4.608478217721147e+40,1.6098581449712838e+41,-2.6717496484815992e+38,-1.7063045983920548e+39,-2.4937153009159814e+39,3.865449182801755e+40,3.323022308846899e+39,5.390067530863647e+40,1.97363894508214e+32,7.7540450183597985e+31,-6.547725172433629,0.1620700654490618,23.021784890179394,1.3816224859221836e+50,-3.548627536293728e+52,1.2560567301860517e+48,-1.8991840689164563e+52,2.0946914721599614e+43,4.1206784362870646e+43,0.7287592615122084,0.3361999431343091,171.69272784920204,88.74831956142036,5.828337679871011,0.2081959561020298,218.04544966092755,32.52132648398318,1.0958323748518084,1.7904828193417328,114.23116177810888,70.50022637203074,325.69006455285415,1.0448854162023224,32.57196990231976,89.75685626166421,11.253265006496711,146.34853236872257,215.6727127712729,51.681182506259596,4.777035630888876,1.8767875999910366,41.85798398991254,0.7763892753345153,41.03636859652912,1.3745670683102793,187.1819817527685,218.2916409782082,1.7876455682975436,208.10952010182478,0.3811324508646825,511.3377912211515,1.1741825765230067,80.61614045282138,215.81829828964632,332.87601253466914,15.423423318807654,38.51059527091891,72.13172593831109,4.903948892245586,12.795522958860158,37.16301095440046,0.3188651440491265,56.01036480024135,46.121817062610134,2.2544286395964175,90.3010903514064,1.1014044826234517,186.20497400986716,48.38946016026995,284.1728043237713,107.67256483218543,76.47461984922222,0.4854875595338837,145.19428564681184,0.6735511862246482,1.828632686320556,11.767149217239758,0.24988131154729518,0.11026758234277158,0.5002185786381539,2.1096504009987327,1.0015551419121989,0.5013271003098865,0.5002185786381539,1.0004371572763078,2.5010928931907688,1.0004371572763078,5.502404365019692,1.1255626182864111,4.001944271746033,3.998057563945654,100.92192134823932,31.37759361618766,2.6159083499775253,4.501967207743385,38.21474622114489,0.5874878333876432,23870.010392298966,812.6100304899378,4945.779662697184,525.8063322549835,147.01956912964658,6.483625125092376,67.03517608533537,0.9486058994721612,18.183211277034367,28.359764112821736,107.37940337024818,36.589625023872394,0.9137850911962278,0.7293802434870976,18.461871431396727,50.54741093606697,28.100110099971197,113.25498957076074,14.439038802440942,0.2656745111224851,1.1115060866297066,38.00849459173733,14.943934786594136,19.382991843598834,27.389019188240926,108.6248180514886,7.458363352530057,1.7030572182539936,80.78998507365095,22.56201442327773,6.986841809612881,12.042299115362965,3.4459502083961704,0.6002622943657846,0.2000874314552615,3.709304135424306,5.128109188989877,4.597521850140684,1.995460270541782,1.7021156358332115,2.4598998206383107,1.3409856777745068,381.0048481618354,0.4760209181141639,1.6685733649825993,0.3340681038531459
2020-03-11 13:00:00,0.1505324679731017,35.882750868047566,104.2566761312307,35.88275086804758,104.2566761312307,35.882750868047566,104.25667613123069,35.88275086804758,104.25667613123069,35.88275086804758,104.25667613123069,35.88275086804757,104.2566761312307,35.882750868047566,104.25667613123069,35.882750868047566,104.25667613123069,35.88275086804757,104.25667613123068,0.0,35.88275086804757,104.25667613123068,35.882750868047566,104.25667613123069,35.88275086804757,104.25667613123068,35.882750868047566,104.25667613123068,35.882750868047566,104.25667613123068,35.88275086804757,104.25667613123069,35.88275086804758,104.25667613123068,35.88275086804757,104.25667613123072,35.88275086804757,104.2566761312307,35.88275086804759,104.25667613123069,0.0,35.88275086804757,104.25667613123069,35.88275086804757,104.25667613123069,0.0,35.88275086804758,104.25667613123068,0.0,35.882750868047566,104.25667613123069,0.02941329317544171,35.88275086804757,104.25667613123069,0.0,35.88275086804757,104.25667613123066,0.0,37.11205341738483,-95.7691814214287,22.36365240282999,1.7242643170096588,0.062443144892333144,37.11205341738483,-95.7691814214287,1.000588117450435,0.0,0.0,37.11205341738482,-95.7691814214287,0.0,0.11250852056777008,37.112053417384836,-95.7691814214287,11.820211827261648,0.1641749055390221,0.11582272919929087,37.11205341738483,-95.76918142142873,1.3814860414613113,0.0,0.04788338343629553,56.1633772477439,-106.40931539182249,0.0,0.21878812134704798,-25.289262314513035,133.85381149191593,7.204974602126227,0.10868548933403997,-25.289262314513035,133.8538114919159,0.0,51.195782435740654,10.457672724824274,0.0,0.0,56.1633772477439,-106.40931539182253,0.023461479399404947,0.11723992888001122,-25.28926231451303,133.8538114919159,0.0,-25.28926231451303,133.85381149191593,0.0,37.11205341738483,-95.7691814214287,2.0023072529578436,0.0,37.11205341738483,-95.7691814214287,1.000588117450435,0.0,0.001162574369641592,37.11205341738483,-95.7691814214287,1.0151306946624619,0.0022436543111746437,37.11205341738483,-95.7691814214287,1.000588117450435,0.0,37.11205341738482,-95.76918142142871,1.0332191757478602,0.0,0.0,37.11205341738483,-95.7691814214287,1.000588117450435,0.0,0.0,37.11205341738483,-95.76918142142868,0.0,37.11205341738483,-95.7691814214287,2.00117623490087,0.0,0.0,56.163377247743895,-106.4093153918225,1.000588117450435,0.0,56.16337724774389,-106.4093153918225,0.0,37.11205341738483,-95.7691814214287,1.000588117450435,0.0,0.001034578865152336,0.0,0.0,61.03587516447654,0.0,0.0,0.0,0.0,37.11205341738483,-95.76918142142871,0.0,37.11205341738483,-95.7691814214287,1.000588117450435,0.0,0.0,37.11205341738483,-95.7691814214287,1.000588117450435,0.0,0.0,0.0,0.0,0.0,0.0,37.11205341738483,-95.7691814214287,1.0017741167382,0.0,0.0,37.11205341738483,-95.7691814214287,11.006469291954785,0.0,0.0,37.11205341738483,-95.7691814214287,5.002940587252175,0.0,0.0,37.11205341738483,-95.7691814214287,2.00117623490087,0.0,0.0,37.11205341738483,-95.7691814214287,0.0,0.0,37.11205341738483,-95.7691814214287,0.0,0.0,37.11205341738483,-95.7691814214287,0.0,0.0,37.11205341738483,-95.76918142142871,36.047424684974985,0.0,0.0,4.475900472910655e+40,1.4495323372097773e+41,-5.061403701443342e+40,1.7680764861650044e+41,-2.8701222396343062e+38,-1.8329946363868877e+39,-2.7070230753213472e+39,4.1960925252705637e+40,3.679149966296678e+39,5.967720024544518e+40,2.164193429643831e+32,8.502696667853977e+31,-6.549049942661735,0.1610094171346435,23.023836309811724,1.5198969822870561e+50,-3.897389918905252e+52,1.34931667628295e+48,-2.0616367461638895e+52,2.2969335564012586e+43,4.473047678156784e+43,0.7337050448896044,0.33627428383249974,171.72572387908494,88.53739925330396,5.927092672370429,0.20805472218181237,217.5658734748858,32.52817129054641,1.0913273252235112,1.790965477901692,114.28362569641229,71.01755069647943,325.6531678285564,1.0440542808679885,32.58795512308277,89.77467740807369,11.195007464124249,146.29961785413226,215.70229291541315,51.677924250581235,4.778761876992312,1.8814177436035895,41.97029660784712,0.7774912764497102,40.97054085556419,1.3695604798907712,186.3361326990745,217.0515475196149,1.7732155989632175,207.80709667692858,0.37973186359452094,511.4391054645989,1.1765853480359847,80.48573590289536,214.72806517368298,332.8053134453846,15.432549829309956,38.3757248910389,72.1309570238709,4.904591799287617,12.79633458607121,37.16980142345623,0.31898188249116705,56.07588836633476,45.466664544216236,2.266213835278476,91.73977974347203,1.094055623286405,184.1299987686403,47.728776513219586,284.5262276144871,107.69330536374366,76.31864924244405,0.4855601135171041,145.21870860481357,0.6736840313912971,1.8290531656137925,11.746956994928386,0.25012481955364463,0.11033498895480465,0.5002940587252175,2.115272800551381,1.0017191355074093,0.5014158858808048,0.5002940587252175,1.000588117450435,2.5014702936260873,1.000588117450435,5.503234645977392,1.1423508847101997,4.002532197637728,4.095750264478932,100.93774137443637,31.382328313376327,2.715707875542772,4.502646528526958,38.22051260507198,0.6097201941828734,23812.940395412585,809.6553433286824,4885.906237535869,524.9212941379591,145.18690782707023,6.467774308004328,67.01131417755678,0.9477387365670289,18.195622496159032,28.44785737360909,107.59477940207753,36.75653264136709,0.9173748874513048,0.7264296526664,18.190230912486655,50.55498021369963,28.147065475726887,113.4436758781128,14.39073184012211,0.2645839683040111,1.0869791180829196,37.98795455441968,14.905633893212245,19.440987354227108,27.46512691334442,108.78549256968421,7.465232613257001,1.7220134775838374,80.69688884432381,22.345892648379287,6.850694195237031,12.044116228570052,3.446470182329275,0.6003528704702609,0.20011762349008694,3.7618133206376867,5.051110763598246,4.645980124829996,2.0223152710411263,1.7025797171588652,2.459097131836143,1.3411149638230047,381.07144438463706,0.47623504670572214,1.6688249337515733,0.3341184081505692
2020-03-11 14:00:00,0.14977947931287058,35.8889892316504,104.27480158254075,35.88898923165041,104.27480158254075,35.8889892316504,104.27480158254073,35.88898923165041,104.27480158254073,35.88898923165041,104.27480158254073,35.888989231650406,104.27480158254075,35.888989231650406,104.27480158254073,35.8889892316504,104.27480158254073,35.8889892316504,104.27480158254073,0.0,35.888989231650406,104.27480158254072,35.8889892316504,104.27480158254075,35.888989231650406,104.27480158254073,35.8889892316504,104.27480158254072,35.8889892316504,104.27480158254072,35.888989231650406,104.27480158254073,35.88898923165041,104.27480158254072,35.888989231650406,104.27480158254076,35.8889892316504,104.27480158254075,35.88898923165041,104.27480158254073,0.0,35.888989231650406,104.27480158254073,35.8889892316504,104.27480158254073,0.0,35.88898923165041,104.27480158254072,0.0,35.8889892316504,104.27480158254073,0.027322534468543345,35.888989231650406,104.27480158254073,0.0,35.888989231650406,104.27480158254072,0.0,37.11850550028439,-95.78583128692672,23.697878214535024,1.826974515083086,0.06562082253867661,37.11850550028439,-95.78583128692672,1.0007620738039007,0.0,0.0,37.118505500284385,-95.78583128692672,0.0,0.11992534843932587,37.11850550028441,-95.78583128692672,12.51892546254144,0.17673899880421193,0.12328985143143817,37.1185055002844,-95.78583128692675,1.409499590885077,0.0,0.05130425614186259,56.173141481531964,-106.42781508830852,0.0,0.2283629032171342,-25.29365895662516,133.87708252675887,7.379599608811554,0.11391169130446469,-25.29365895662516,133.87708252675884,0.0,51.20468303276957,10.459490834175387,0.0,0.0,56.173141481531964,-106.42781508830855,0.021283557159126245,0.10850788978756416,-25.29365895662515,133.87708252675884,0.0,-25.293658956625155,133.87708252675887,0.0,37.11850550028439,-95.78583128692672,2.00267019245302,0.0,37.11850550028439,-95.78583128692672,1.0007620738039007,0.0,0.0011749245386909412,37.11850550028439,-95.78583128692672,1.0155062083757604,0.0022743331959486084,37.11850550028439,-95.78583128692672,1.0007620738039007,0.0,37.11850550028439,-95.78583128692674,1.0328121643957353,0.0,0.0,37.11850550028439,-95.78583128692672,1.0007620738039007,0.0,0.0,37.11850550028439,-95.78583128692671,0.0,37.11850550028439,-95.78583128692672,2.0015241476078014,0.0,0.0,56.17314148153195,-106.42781508830853,1.0007620738039007,0.0,56.17314148153194,-106.42781508830852,0.0,37.11850550028439,-95.78583128692672,1.0007620738039007,0.0,0.0010493270900193124,0.0,0.0,61.04648650203796,0.0,0.0,0.0,0.0,37.11850550028439,-95.78583128692674,0.0,37.11850550028439,-95.78583128692672,1.0007620738039007,0.0,0.0,37.11850550028439,-95.78583128692672,1.0007620738039007,0.0,0.0,0.0,0.0,0.0,0.0,37.11850550028439,-95.78583128692672,1.0019579544334962,0.0,0.0,37.11850550028439,-95.78583128692672,11.008382811842909,0.0,0.0,37.11850550028439,-95.78583128692672,5.0038103690195035,0.0,0.0,37.11850550028439,-95.78583128692672,2.0015241476078014,0.0,0.0,37.11850550028439,-95.78583128692672,0.0,0.0,37.11850550028439,-95.78583128692672,0.0,0.0,37.11850550028439,-95.78583128692672,0.0,0.0,37.11850550028439,-95.78583128692674,36.05397502224289,0.0,0.0,4.886284694232052e+40,1.5824363646979452e+41,-5.517202004720727e+40,1.92729837597965e+41,-3.0655234879807653e+38,-1.9577870355454687e+39,-2.9195539056857155e+39,4.525531545133959e+40,4.040127940221507e+39,6.553239914504068e+40,2.3556600775051645e+32,9.254932030218819e+31,-6.5505767141433315,0.1598247630436992,23.02619828751627,1.659252569691125e+50,-4.248364434481005e+52,1.4411797193685205e+48,-2.2234977120220713e+52,2.500143751192736e+43,4.824116324472965e+43,0.7386010395597329,0.3363599237778128,171.7637275633057,88.3440979068139,6.029694771718134,0.20792687678425867,217.10292212003696,32.48540169724326,1.0869325292415664,1.7915210117394242,114.34394606140464,71.46628019643734,325.53010617455277,1.0421795825305828,32.606336348387295,89.79520343644079,11.143330746339661,146.2344519945387,215.6712721730261,51.58023812909069,4.780735127049146,1.8860213548034617,42.08336377633336,0.7784588396502734,40.906632577468045,1.3633570658400618,185.28879530179609,215.66582122164328,1.759158569751865,207.5154719040373,0.37837407568285436,511.55577932059373,1.178714950844108,80.21551448486684,213.47258694281385,332.7514098189735,15.443048621755953,38.20306061182139,72.13240245261582,4.903354305384739,12.797397485990752,37.177616824092226,0.3191157667049856,56.13340165685485,44.82740147225747,2.278939612248696,93.28870388537925,1.0869917324987208,182.13032614645198,47.08098035049001,284.84425987898254,107.717211487001,76.16770788653986,0.48564455818015795,145.2205440110956,0.673510509029435,1.8295371809460048,11.728062961220889,0.25040370813997886,0.11041252974226122,0.5003810369019503,2.121009935479226,1.0019081186491199,0.5015182034999248,0.5003810369019503,1.0007620738039007,2.5019051845097517,1.0007620738039007,5.504191405921454,1.1593925524747442,4.003209654596697,4.195549461873793,100.95597165194808,31.387784260035545,2.8190916495149483,4.503429332117554,38.22715739815359,0.6321842920955247,23751.044283178948,806.4418091595867,4820.449745244793,524.0708540495023,143.39979813279507,6.4495214046887295,66.99272233744416,0.9470043013314476,18.20993533915891,28.53278103185809,107.79950951065382,36.92940586737462,0.9211168561643137,0.7235556005345828,17.924528875760693,50.56377171873431,28.190728600155705,113.61899705057823,14.347166204936324,0.2636001698235569,1.0646201853736352,37.96099745585156,14.856428473706195,19.490867802164402,27.537601904296363,108.93364484785806,7.47251337875753,1.741787273700528,80.6123041968491,22.143949637254444,6.716312574787085,12.046210147639549,3.447069365324546,0.6004572442823404,0.2001524147607801,3.8148379469994107,4.97591982385338,4.694869576649923,2.0488362145788352,1.7031137147778386,2.458166387888319,1.3412636347671438,381.14817022196115,0.4764815574883967,1.6691147748180173,0.3341763505070583
2020-03-11 15:00:00,0.14891045773087244,35.89613364539584,104.29555954596292,35.89613364539586,104.29555954596292,35.89613364539584,104.29555954596289,35.89613364539586,104.2955595459629,35.89613364539586,104.2955595459629,35.89613364539584,104.29555954596292,35.89613364539584,104.2955595459629,35.896133645395835,104.2955595459629,35.89613364539584,104.2955595459629,0.0,35.89613364539584,104.29555954596289,35.89613364539584,104.29555954596292,35.89613364539584,104.29555954596289,35.89613364539584,104.29555954596289,35.89613364539584,104.29555954596289,35.89613364539585,104.2955595459629,35.89613364539585,104.29555954596289,35.89613364539584,104.29555954596293,35.89613364539584,104.29555954596292,35.89613364539586,104.2955595459629,0.0,35.89613364539584,104.2955595459629,35.89613364539584,104.2955595459629,0.0,35.89613364539586,104.29555954596289,0.0,35.89613364539584,104.2955595459629,0.025295403737332252,35.89613364539584,104.2955595459629,0.0,35.89613364539584,104.29555954596289,0.0,37.12589467358194,-95.80489935276852,25.07482223048165,1.9333468193891905,0.06895472761890066,37.12589467358194,-95.80489935276852,1.000961295305232,0.0,0.0,37.12589467358193,-95.80489935276852,0.0,0.12762183091018084,37.125894673581946,-95.80489935276852,13.240915827073444,0.18964196345712236,0.13107390637836702,37.125894673581946,-95.80489935276854,1.4367474024550577,0.0,0.05462668443265631,56.18432385731676,-106.44900165168887,0.0,0.23797603384651478,-25.29869416013997,133.9037334101936,7.551963134112072,0.11906215214607141,-25.29869416013997,133.90373341019358,0.0,51.214876338547256,10.46157300287631,0.0,0.0,56.18432385731676,-106.44900165168892,0.019193952229555812,0.10011485834260597,-25.298694160139963,133.9037334101936,0.0,-25.298694160139963,133.9037334101936,0.0,37.12589467358194,-95.80489935276852,2.0030858538382095,0.0,37.12589467358194,-95.80489935276852,1.000961295305232,0.0,0.0011890780625037004,37.12589467358194,-95.80489935276852,1.0159363668066366,0.0023094845656049944,37.12589467358194,-95.80489935276852,1.000961295305232,0.0,37.12589467358194,-95.80489935276853,1.0323436234000498,0.0,0.0,37.12589467358194,-95.80489935276852,1.000961295305232,0.0,0.0,37.12589467358194,-95.8048993527685,0.0,37.12589467358194,-95.80489935276852,2.001922590610464,0.0,0.0,56.184323857316755,-106.44900165168892,1.000961295305232,0.0,56.18432385731674,-106.44900165168889,0.0,37.12589467358194,-95.80489935276852,1.000961295305232,0.0,0.0010662135963663169,0.0,0.0,61.05863901361917,0.0,0.0,0.0,0.0,37.12589467358194,-95.80489935276853,0.0,37.12589467358194,-95.80489935276852,1.000961295305232,0.0,0.0,37.12589467358194,-95.80489935276852,1.000961295305232,0.0,0.0,0.0,0.0,0.0,0.0,37.12589467358194,-95.80489935276852,1.0021685009762147,0.0,0.0,37.12589467358194,-95.80489935276852,11.010574248357555,0.0,0.0,37.12589467358194,-95.80489935276852,5.004806476526161,0.0,0.0,37.12589467358194,-95.80489935276852,2.001922590610464,0.0,0.0,37.12589467358194,-95.80489935276852,0.0,0.0,37.12589467358194,-95.80489935276852,0.0,0.0,37.12589467358194,-95.80489935276852,0.0,0.0,37.12589467358194,-95.80489935276853,36.061476723381894,0.0,0.0,5.293632138285486e+40,1.7143569237472014e+41,-5.969041918544779e+40,2.08513750011735e+41,-3.2556027146163225e+38,-2.0791805421007645e+39,-3.128419229260781e+39,4.849288749507808e+40,4.400270853710244e+39,7.137405304937416e+40,2.545205737185582e+32,9.999620202216505e+31,-6.552325416935614,0.1585551605206461,23.0289010984292,1.7975769481500015e+50,-4.596290904877884e+52,1.530540746147296e+48,-2.3825670712777704e+52,2.701315134594363e+43,5.169116131817745e+43,0.7433847960406434,0.33645797947026634,171.80723179946145,88.16361671355857,6.134127323334964,0.2078084957837963,216.66472965325494,32.40085624037546,1.082725105987019,1.79215656507595,114.41288937019479,71.84349630418956,325.3359546954401,1.0394270405390056,32.627347646794355,89.81870034787973,11.09703385068076,146.15904595663534,215.5900685183715,51.40246546767623,4.782978644194503,1.8905322663516486,42.19584069851693,0.7792820575580142,40.84633300651277,1.3562281584040792,184.08453842636138,214.17994422410612,1.745696488126231,207.24044057705774,0.37708176219657574,511.68932303298755,1.1805605899548663,79.8267538420195,212.11609275974044,332.71233568303745,15.455053668541714,38.003799900983125,72.13593031408693,4.900549183619779,12.798707111910371,37.18655748181655,0.3192684422203745,56.182352119310906,44.21396305986895,2.292338411022784,94.91414133344622,1.0803032037103593,180.23082300878434,46.45679943717794,285.12566481097537,107.74459670057418,76.02436529088715,0.48574187255578805,145.20417860221536,0.6730825184229636,1.8300909552349554,11.709937897485988,0.2507213490414386,0.11050119597623193,0.500480647652616,2.126744011961959,1.0021245585329779,0.5016353899354187,0.500480647652616,1.000961295305232,2.5024032382630805,1.000961295305232,5.5052871241787775,1.1763114984025695,4.0039854661804295,4.295246113215346,100.97684999203713,31.394032619827982,2.9241307375709953,4.5043258288735455,38.234767270557676,0.6544124629808162,23686.060979296366,803.0570322346496,4751.118745342077,523.2706297788392,141.68615432770642,6.429838982606833,66.9788542547056,0.9463839789493219,18.226339717793177,28.613752244509616,107.99218223335657,37.10518416292164,0.9249414826805059,0.7208035208666412,17.668781743234515,50.573890020735355,28.231250654597403,113.78155214113288,14.308257093802768,0.26272118149072154,1.0443736679583413,37.929847419422266,14.79964820045246,19.532020803665297,27.60617192175457,109.07013241181154,7.4800847513482704,1.761932699888228,80.53734718521012,21.95815863401824,6.586696676250369,12.04860818422965,3.4477555727180214,0.6005767771831393,0.2001922590610464,3.8673169122105984,4.903800727199357,4.74325336828788,2.074673145845684,1.703724520651508,2.4570943461807584,1.3414335669267117,381.23602328299626,0.4767636266726759,1.6694466623041968,0.3342426834994823
2020-03-11 16:00:00,0.14797903444542146,35.904265398887866,104.31918620695427,35.90426539888788,104.31918620695427,35.904265398887866,104.31918620695427,35.90426539888788,104.31918620695426,35.90426539888788,104.31918620695429,35.90426539888787,104.31918620695427,35.90426539888787,104.31918620695427,35.904265398887866,104.31918620695426,35.904265398887866,104.31918620695427,0.0,35.904265398887866,104.31918620695426,35.904265398887866,104.31918620695429,35.90426539888787,104.31918620695427,35.904265398887866,104.31918620695426,35.90426539888787,104.31918620695426,35.90426539888787,104.31918620695427,35.90426539888787,104.31918620695424,35.90426539888787,104.3191862069543,35.904265398887866,104.31918620695427,35.90426539888788,104.31918620695427,0.0,35.90426539888787,104.31918620695427,35.904265398887866,104.31918620695427,0.0,35.90426539888788,104.31918620695427,0.0,35.904265398887866,104.31918620695427,0.023371849771313246,35.90426539888787,104.31918620695427,0.0,35.90426539888787,104.31918620695426,0.0,37.13430501177152,-95.82660257664664,26.46402339903812,2.040973840716202,0.07236328653294137,37.13430501177152,-95.82660257664664,1.0011880487096205,0.0,0.0,37.134305011771524,-95.82660257664664,0.0,0.13540573545531182,37.13430501177153,-95.82660257664664,13.969220956422532,0.2025951945306339,0.1389790378813783,37.13430501177154,-95.82660257664666,1.462833383230949,0.0,0.057799518194824984,56.19705160889684,-106.47311614405886,0.0,0.24739467367114698,-25.30442521593034,133.93406737770417,7.718532344654459,0.12401384418913403,-25.30442521593034,133.93406737770414,0.0,51.226478333169396,10.463942921977868,0.0,0.0,56.19705160889684,-106.47311614405889,0.017223723819852807,0.09218311263356173,-25.304425215930333,133.9340673777041,0.0,-25.304425215930333,133.93406737770417,0.0,37.13430501177153,-95.82660257664664,2.0035589691868023,0.0,37.13430501177152,-95.82660257664664,1.0011880487096205,0.0,0.0012051982606291695,37.13430501177152,-95.82660257664664,1.0164260988376816,0.002349513665586596,37.13430501177152,-95.82660257664664,1.0011880487096205,0.0,37.134305011771524,-95.82660257664665,1.0318077835995323,0.0,0.0,37.13430501177152,-95.82660257664664,1.0011880487096205,0.0,0.0,37.13430501177153,-95.82660257664662,0.0,37.13430501177152,-95.82660257664664,2.002376097419241,0.0,0.0,56.19705160889683,-106.47311614405889,1.0011880487096205,0.0,56.19705160889682,-106.47311614405886,0.0,37.13430501177152,-95.82660257664664,1.0011880487096205,0.0,0.0010854319397723606,0.0,0.0,61.07247097128687,0.0,0.0,0.0,0.0,37.13430501177152,-95.82660257664665,0.0,37.13430501177152,-95.82660257664664,1.0011880487096205,0.0,0.0,37.13430501177152,-95.82660257664664,1.0011880487096205,0.0,0.0,0.0,0.0,0.0,0.0,37.13430501177152,-95.82660257664664,1.0024081538248386,0.0,0.0,37.13430501177152,-95.82660257664664,11.013068535805829,0.0,0.0,37.13430501177152,-95.82660257664664,5.005940243548103,0.0,0.0,37.13430501177152,-95.82660257664664,2.002376097419241,0.0,0.0,37.13430501177152,-95.82660257664664,0.0,0.0,37.13430501177152,-95.82660257664664,0.0,0.0,37.13430501177152,-95.82660257664664,0.0,0.0,37.13430501177153,-95.82660257664665,36.07001513298646,0.0,0.0,5.691237994536142e+40,1.8431226435364343e+41,-6.409588891303774e+40,2.239031713962461e+41,-3.437987087896771e+38,-2.1956597545075656e+39,-3.330591885981805e+39,5.162671809081641e+40,4.7533530202193016e+39,7.710117897435134e+40,2.7298005582862603e+32,1.0724857488670216e+32,-6.554315961455087,0.15724483296694539,23.03197488465628,1.9325933419935504e+50,-4.935521567301731e+52,1.6162842287635888e+48,-2.5365393746413666e+52,2.897232021281249e+43,5.503050442267719e+43,0.7479949303362488,0.3365695665588622,171.85672861378688,87.99162780604584,6.238119696694293,0.20769615816862408,216.2583662142004,32.28424655020027,1.0787745149301557,1.7928792603421526,114.49121828082531,72.15066167917286,325.0899725306591,1.0360101245363766,32.65122201110251,89.84543361083595,11.055021887221494,146.079927755216,215.47154324181733,51.16247258185788,4.785515216539048,1.894894279903443,42.30660440356585,0.7799631771353257,40.79116751701886,1.3484988517420922,182.77680588399832,212.64541681621733,1.7330209912516703,206.98725036353213,0.3758745713927844,511.84124368740294,1.1821306715172093,79.3469453515475,210.72603400878012,332.68638531961886,15.4686983378844,37.79015399184525,72.1414421746154,4.896563490853654,12.800262442265932,37.19672332890536,0.3194415347030347,56.222891748478936,43.634913874427156,2.3060847872036487,96.57523864669803,1.0740675580676942,178.45276103188084,45.865868720941926,285.37188626841527,107.7757745242093,75.89085081611583,0.48585305768061615,145.17497360000547,0.6724640592464421,1.8307206901698536,11.692115670660133,0.251081060792681,0.11060197515248958,0.5005940243548103,2.132359551935819,1.002370920477182,0.5017687811876037,0.5005940243548103,1.0011880487096205,2.5029701217740516,1.0011880487096205,5.506534267902914,1.1927388287958085,4.0048684436809685,4.392630676470061,101.00061397363582,31.401144486997495,3.0286683935316794,4.505346219193294,38.24342880790709,0.675947215123113,23620.04432150749,799.6046367358169,4679.93875541919,522.5342366066002,140.07005096078717,6.40974799849968,66.9692246066405,0.9458609705624753,18.24502599762045,28.690132140253194,108.17191205940522,37.280452547922685,0.9287702986162004,0.7182126339122944,17.426444397235144,50.585441481812836,28.26884732688118,113.93220000201417,14.273844639368745,0.2619433755965989,1.026147358462295,37.89692285174622,14.738922402426123,19.564515527032423,27.670633608464872,109.19605795523404,7.487821860227466,1.781990944754761,80.4728771658182,21.78996033735085,6.464537762961621,12.051337623356549,3.4485366122220262,0.6007128292257724,0.20023760974192412,3.918208933406295,4.835844698935396,4.790214793659423,2.099481985457345,1.7044190107288049,2.455867585850161,1.3416266239145156,381.3359995575506,0.47708442004121626,1.669824365564009,0.3343181584271942
2020-03-11 17:00:00,0.1470409298508692,35.91346413226309,104.34591295847463,35.913464132263094,104.34591295847463,35.91346413226309,104.34591295847463,35.913464132263094,104.34591295847461,35.913464132263094,104.34591295847464,35.91346413226309,104.34591295847463,35.91346413226309,104.34591295847463,35.91346413226308,104.34591295847461,35.91346413226309,104.34591295847463,0.0,35.91346413226308,104.34591295847463,35.91346413226308,104.34591295847464,35.91346413226309,104.34591295847463,35.91346413226308,104.34591295847461,35.91346413226309,104.34591295847461,35.91346413226309,104.34591295847463,35.913464132263094,104.3459129584746,35.91346413226309,104.34591295847466,35.91346413226308,104.34591295847464,35.913464132263094,104.34591295847464,0.0,35.91346413226309,104.34591295847464,35.91346413226308,104.34591295847463,0.0,35.9134641322631,104.34591295847463,0.0,35.91346413226308,104.34591295847464,0.021586778599645792,35.91346413226309,104.34591295847464,0.0,35.91346413226309,104.34591295847461,0.0,37.14381888337096,-95.85115351391168,27.831807063951935,2.1471864356854655,0.07575518660471565,37.14381888337096,-95.85115351391168,1.00144455477697,0.0,0.0,37.14381888337096,-95.85115351391168,0.0,0.14307050426272014,37.143818883370976,-95.85115351391168,14.685417005647619,0.2152856554329433,0.1467921386001724,37.143818883370976,-95.8511535139117,1.4873809405104403,0.0,0.0607742208568976,56.21144938833838,-106.50039473606337,0.0,0.2563934769782773,-25.31090825236594,133.96838151174865,7.875941426307563,0.12864960099759068,-25.31090825236594,133.96838151174862,0.0,51.23960264335101,10.466623801809925,0.0,0.0,56.21144938833837,-106.50039473606338,0.015398989196453682,0.08481528056055661,-25.310908252365934,133.9683815117486,0.0,-25.310908252365934,133.96838151174865,0.0,37.14381888337097,-95.85115351391167,2.0040941752138663,0.0,37.14381888337096,-95.85115351391168,1.00144455477697,0.0,0.0012234456818552798,37.14381888337096,-95.85115351391167,1.0169802421253487,0.0023948188583072776,37.14381888337096,-95.85115351391168,1.00144455477697,0.0,37.14381888337097,-95.85115351391168,1.0311988966861523,0.0,0.0,37.14381888337096,-95.85115351391168,1.00144455477697,0.0,0.0,37.14381888337097,-95.85115351391167,0.0,37.14381888337096,-95.85115351391168,2.00288910955394,0.0,0.0,56.211449388338366,-106.50039473606338,1.00144455477697,0.0,56.21144938833835,-106.50039473606337,0.0,37.14381888337096,-95.85115351391167,1.00144455477697,0.0,0.0011071722192868639,0.0,0.0,61.08811784139517,0.0,0.0,0.0,0.0,37.14381888337096,-95.85115351391168,0.0,37.14381888337096,-95.85115351391168,1.00144455477697,0.0,0.0,37.14381888337096,-95.85115351391168,1.00144455477697,0.0,0.0,0.0,0.0,0.0,0.0,37.14381888337096,-95.85115351391168,1.0026792622098246,0.0,0.0,37.14381888337096,-95.85115351391168,11.01589010254667,0.0,0.0,37.14381888337096,-95.85115351391168,5.007222773884849,0.0,0.0,37.14381888337096,-95.85115351391168,2.00288910955394,0.0,0.0,37.14381888337096,-95.85115351391168,0.0,0.0,37.14381888337096,-95.85115351391168,0.0,0.0,37.14381888337096,-95.85115351391168,0.0,0.0,37.14381888337097,-95.85115351391168,36.07967386130366,0.0,0.0,6.072110147960122e+40,1.9664691089174592e+41,-6.831218685046038e+40,2.3863176781248757e+41,-3.610338106728158e+38,-2.3057311963197462e+39,-3.522987122639667e+39,5.460899120772313e+40,5.092796037062283e+39,8.260707274699544e+40,2.906305323199756e+32,1.141831051183059e+32,-6.55656785328826,0.1559409161917461,23.035449054612798,2.0619274145739967e+50,-5.260185594234142e+52,1.6973107790171334e+48,-2.6830653105658883e+52,3.0845626507163648e+43,5.820827829854488e+43,0.7523728911032425,0.33669577835366676,171.91269959354625,87.82427922171463,6.3392806789708995,0.2075869057283221,215.88982354133705,32.146607374435206,1.0751416994290521,1.7936960580808552,114.57967628813385,72.39314558447683,324.81443434639624,1.0321768422773254,32.67818669802379,89.87566298720604,11.016314439832469,146.00386241395069,215.33027842774186,50.88062188481464,4.788366611976736,1.8990610017876228,42.41474747008924,0.7805155308794823,40.742482003785334,1.3405297126572224,181.42490051975443,211.11713198268563,1.7212931216782634,206.7605350878326,0.3747690915472205,512.013015814372,1.1834506830238607,78.80808070479722,209.37041199281566,332.6721026341809,15.484112731590464,37.57481065143634,72.14886787056564,4.891836677681958,12.80206475223616,37.20821190992412,0.3196366144279271,56.25581444757345,43.09743968106061,2.3198093482468027,98.22574024825828,1.0683494514364575,176.81382626751576,45.31661358956953,285.5867471324966,107.81105250155478,75.76904953012958,0.4859791090300135,145.13897248093494,0.6717276530317609,1.8314324435379932,11.674188904538529,0.2514860328831079,0.11071583145911916,0.500722277388485,2.1377466951332935,1.0026496204368969,0.5019196868176387,0.500722277388485,1.00144455477697,2.5036113869424246,1.00144455477697,5.507945051273335,1.208323340179266,4.005867214906671,4.4855678242648995,101.02749635345856,31.409189513197127,3.130390791061583,4.506500496496366,38.253226838894484,0.6963538896896877,23555.259358425523,796.1990039557396,4609.148430529839,521.8732533884398,138.57169757714686,6.390277509949523,66.96341106193177,0.9454203985520458,18.266181436434028,28.76141312346004,108.33824553270294,37.451636773001006,0.9325205534330552,0.7158158999096537,17.200407980832452,50.598531523100704,28.30377423209279,114.07196034465717,14.243720586885116,0.26126203285810995,1.0098257580975043,37.86473214056328,14.678021165746118,19.589043866622717,27.730840533844564,109.31266637188799,7.495601385675765,1.8015093016755548,80.41953250429351,21.640343677050748,6.3521927508034235,12.054425196389458,3.449420133120674,0.600866732866182,0.20028891095539395,3.9665222676634104,4.772969420343549,4.834882824549264,2.1229343797276283,1.7052039098703744,2.4544727105930177,1.3418446173545613,381.4490740375721,0.4774470301973066,1.6702515761110863,0.33440351066705815
2020-03-11 18:00:00,0.14615157837302264,35.9238061478544,104.37596149555623,35.923806147854414,104.37596149555621,35.9238061478544,104.37596149555621,35.923806147854414,104.3759614955562,35.923806147854414,104.37596149555623,35.9238061478544,104.37596149555621,35.92380614785441,104.37596149555621,35.92380614785439,104.3759614955562,35.9238061478544,104.37596149555621,0.0,35.9238061478544,104.37596149555621,35.92380614785439,104.37596149555623,35.92380614785441,104.37596149555621,35.9238061478544,104.3759614955562,35.9238061478544,104.3759614955562,35.92380614785441,104.37596149555621,35.92380614785441,104.3759614955562,35.9238061478544,104.37596149555624,35.9238061478544,104.37596149555623,35.923806147854414,104.37596149555623,0.0,35.92380614785441,104.37596149555623,35.92380614785439,104.37596149555621,0.0,35.923806147854414,104.37596149555621,0.0,35.92380614785439,104.37596149555623,0.019970006551957478,35.9238061478544,104.37596149555623,0.0,35.9238061478544,104.3759614955562,0.0,37.15451520474498,-95.87875581149109,29.142749421114807,2.249171723265172,0.07903362955024922,37.15451520474498,-95.87875581149109,1.0017329411927496,0.0,0.0,37.15451520474498,-95.87875581149109,0.0,0.15040330829687848,37.15451520474498,-95.87875581149109,15.370350972113432,0.22738811222853497,0.15429151016279685,37.15451520474499,-95.8787558114911,1.5100420510192862,0.0,0.06350599596989687,56.22763662340552,-106.53106370018182,0.0,0.26476150099411544,-25.318197045416152,134.00696044374016,8.021076661637533,0.13286102236808428,-25.318197045416156,134.00696044374013,0.0,51.254358133589406,10.469637879932495,0.0,0.0,56.22763662340552,-106.53106370018183,0.013741196630050771,0.07809544169422022,-25.31819704541615,134.0069604437401,0.0,-25.31819704541615,134.00696044374016,0.0,37.15451520474498,-95.87875581149108,2.0046959151317987,0.0,37.15451520474498,-95.87875581149109,1.0017329411927496,0.0,0.0012439748250527678,37.15451520474498,-95.87875581149108,1.0176034425638627,0.0024457834860511654,37.15451520474498,-95.87875581149109,1.0017329411927496,0.0,37.154515204744975,-95.87875581149109,1.0305113351892852,0.0,0.0,37.15451520474498,-95.87875581149109,1.0017329411927496,0.0,0.0,37.15451520474498,-95.87875581149108,0.0,37.15451520474498,-95.87875581149109,2.003465882385499,0.0,0.0,56.22763662340551,-106.53106370018183,1.0017329411927496,0.0,56.2276366234055,-106.53106370018183,0.0,37.15451520474498,-95.87875581149108,1.0017329411927496,0.0,0.0011316171560520226,0.0,0.0,61.10570941275774,0.0,0.0,0.0,0.0,37.15451520474498,-95.8787558114911,0.0,37.15451520474498,-95.87875581149109,1.0017329411927496,0.0,0.0,37.15451520474498,-95.87875581149109,1.0017329411927496,0.0,0.0,0.0,0.0,0.0,0.0,37.15451520474498,-95.87875581149109,1.0029840774229766,0.0,0.0,37.15451520474498,-95.87875581149109,11.01906235312025,0.0,0.0,37.15451520474498,-95.87875581149109,5.0086647059637475,0.0,0.0,37.15451520474498,-95.87875581149109,2.003465882385499,0.0,0.0,37.15451520474498,-95.87875581149109,0.0,0.0,37.15451520474498,-95.87875581149109,0.0,0.0,37.15451520474498,-95.87875581149109,0.0,0.0,37.15451520474498,-95.87875581149109,36.09053301142464,0.0,0.0,6.429199400361071e+40,2.082113418204041e+41,-7.226265146710745e+40,2.5243174112054194e+41,-3.770408724467674e+38,-2.4079597981917897e+39,-3.7025528616714947e+39,5.739239731244088e+40,5.411895209974298e+39,8.778298169728871e+40,3.071571998621334e+32,1.2067611258781668e+32,-6.559099778781023,0.15469116290767748,23.03935164051764,2.1831854453135404e+50,-5.564379882619432e+52,1.7725640037461117e+48,-2.8198204528899485e+52,3.2599659059573567e+43,6.117411023616449e+43,0.756464465348854,0.33683766271912846,171.97560561042832,87.65819289066293,6.4352259776526965,0.2074782053308804,215.56406467050238,31.99967101610123,1.071878870784732,1.7946136067215694,114.67897131621734,72.5794367833041,324.5332944458427,1.028194626856353,32.708458236429514,89.9096369777302,10.980050353723392,145.93756972354586,215.18175653700922,50.578602751474214,4.791552997886607,1.9029951223082886,42.51955914932578,0.7809614966533872,40.70143868247041,1.3326970444603108,180.0907298723277,209.65070136832338,1.7106449564101134,206.56429332667543,0.37377900162750455,512.2060498266933,1.184559701854998,78.2446914852885,208.11524379387566,332.66826566027936,15.501420835944192,37.370393086804654,72.15816028528576,4.886835728500285,12.804116523945936,37.22111624248146,0.3198551583588921,56.28243717367592,42.60742286356768,2.3331162069286995,99.81615343296025,1.063201481247568,175.3283524872686,44.81622488661647,285.7759562931412,107.8507257405797,75.66051869134415,0.4861209884132726,145.10256899496073,0.6709502748670357,1.8322319977061656,11.655805030072527,0.25193924487340785,0.11084368485684801,0.5008664705963748,2.1428039772572864,1.0029629739390495,0.5020893623394005,0.5008664705963748,1.0017329411927496,2.5043323529818737,1.0017329411927496,5.509531176560125,1.22274036720555,4.006990040049184,4.5720608767910775,101.05772013007862,31.418234430904302,3.2269129748348586,4.507798235367375,38.26424263695086,0.7152313304080169,23494.066423007647,792.95939092662,4541.083629214249,521.2973093299232,137.20764780169196,6.372426450674382,66.96105401611572,0.9450493478064974,18.28998633402675,28.82720182277984,108.49105720490088,37.61518887504652,0.9361096761109398,0.7136403516888786,16.99303197222113,50.61326181214233,28.336303990723174,114.20192149768519,14.217652919872185,0.26067189816923547,0.9952823916111295,37.83576848543493,14.620695242134795,19.606807235939282,27.78669116639425,109.42124934268347,7.503306368410821,1.8200579226533478,80.37777132237281,21.509937545005663,6.251680080864163,12.057896514357179,3.45041346410836,0.6010397647156499,0.20034658823854992,4.011339868710908,4.715928667732603,4.876453628266267,2.1447261184855195,1.7060856466882963,2.4528965697123315,1.3420892648216818,381.5761798936111,0.4778544092482943,1.6707318290526416,0.33449944392994585
2020-03-11 19:00:00,0.14536385684355643,35.93536266327692,104.40953873967672,35.93536266327693,104.40953873967672,35.93536266327692,104.40953873967672,35.93536266327693,104.4095387396767,35.93536266327693,104.40953873967673,35.935362663276926,104.40953873967672,35.935362663276926,104.40953873967672,35.93536266327691,104.4095387396767,35.93536266327692,104.40953873967672,0.0,35.93536266327692,104.40953873967672,35.935362663276926,104.40953873967673,35.935362663276926,104.40953873967672,35.935362663276926,104.4095387396767,35.93536266327692,104.4095387396767,35.935362663276926,104.40953873967672,35.935362663276926,104.40953873967669,35.93536266327692,104.40953873967675,35.93536266327692,104.40953873967672,35.93536266327693,104.40953873967673,0.0,35.93536266327693,104.40953873967673,35.935362663276926,104.40953873967672,0.0,35.93536266327693,104.40953873967672,0.0,35.93536266327692,104.40953873967673,0.01854647216981747,35.935362663276926,104.40953873967672,0.0,35.935362663276926,104.4095387396767,0.0,37.1664676333438,-95.90959954546703,30.36133342536762,2.3441062925246072,0.08210110656514379,37.1664676333438,-95.90959954546703,1.0020551938554128,0.0,0.0,37.1664676333438,-95.90959954546703,0.0,0.1571939940594353,37.1664676333438,-95.90959954546703,16.0049708861699,0.23857907373132126,0.1612566069822494,37.16646763334381,-95.90959954546705,1.530504300408228,0.0,0.06595466310455977,56.245724783305285,-106.56533423030221,0.0,0.2723077589257912,-25.326341787468863,134.05006983751431,8.151142868592766,0.13655075677174847,-25.326341787468863,134.0500698375143,0.0,51.27084641375116,10.473005912014887,0.0,0.0,56.245724783305285,-106.56533423030223,0.01226760798533057,0.07209106301262047,-25.326341787468856,134.05006983751426,0.0,-25.326341787468856,134.05006983751431,0.0,37.1664676333438,-95.90959954546702,2.0053683370984787,0.0,37.1664676333438,-95.90959954546703,1.0020551938554128,0.0,0.0012669307441535434,37.1664676333438,-95.90959954546702,1.018300050230588,0.0025027674468944415,37.1664676333438,-95.90959954546703,1.0020551938554128,0.0,37.16646763334379,-95.90959954546703,1.0297396963662753,0.0,0.0,37.1664676333438,-95.90959954546703,1.0020551938554128,0.0,0.0,37.1664676333438,-95.90959954546702,0.0,37.1664676333438,-95.90959954546703,2.0041103877108255,0.0,0.0,56.24572478330527,-106.56533423030223,1.0020551938554128,0.0,56.24572478330526,-106.56533423030221,0.0,37.1664676333438,-95.90959954546702,1.0020551938554128,0.0,0.001158938034523137,0.0,0.0,61.125366825180194,0.0,0.0,0.0,0.0,37.1664676333438,-95.90959954546705,0.0,37.1664676333438,-95.90959954546703,1.0020551938554128,0.0,0.0,37.1664676333438,-95.90959954546703,1.0020551938554128,0.0,0.0,0.0,0.0,0.0,0.0,37.1664676333438,-95.90959954546703,1.0033247013784867,0.0,0.0,37.1664676333438,-95.90959954546703,11.022607132409545,0.0,0.0,37.1664676333438,-95.90959954546703,5.010275969277064,0.0,0.0,37.1664676333438,-95.90959954546703,2.0041103877108255,0.0,0.0,37.1664676333438,-95.90959954546703,0.0,0.0,37.1664676333438,-95.90959954546703,0.0,0.0,37.1664676333438,-95.90959954546703,0.0,0.0,37.1664676333438,-95.90959954546703,36.10266734514711,0.0,0.0,6.755652508283667e+40,2.1878361301768377e+41,-7.587291043642531e+40,2.6504328994996437e+41,-3.916098971012456e+38,-2.5010044207527078e+39,-3.866365516115152e+39,5.993161857406294e+40,5.704074483144519e+39,9.25222397194614e+40,3.22255306542632e+32,1.2660786617346115e+32,-6.5619291759858385,0.15354173188879977,23.043708637418813,2.2940402546625797e+50,-5.842377603047151e+52,1.8410566541705384e+48,-2.9445782323734474e+52,3.420207349247712e+43,6.387974973985596e+43,0.7602209395822767,0.33699619816586335,172.0458761989739,87.49045892662701,6.52369161925228,0.2073679153775039,215.2851202476172,31.85520641813808,1.0690298019476814,1.7956380875688833,114.789758810838,72.72010847086418,324.27077151534814,1.0243343229904895,32.74223728149673,89.9475870842871,10.94549004302392,145.88745382683754,215.04149441308505,50.27819710560163,4.795092346295793,1.9066672983387962,42.62049755264024,0.7813296776808477,40.66902088940665,1.3253729257302622,178.83551496790088,208.2998800299956,1.7011825789572756,206.4019031828104,0.3729153553684186,512.4216594100543,1.1855058165523202,77.69177162990565,207.0222685976255,332.6738685257061,15.52073758823063,37.188942451781195,72.16929031139523,4.882028919150781,12.806420485558492,37.23552260935081,0.320098511190354,56.304435957195736,42.16957836487613,2.345603070950212,101.29623964307224,1.0586655752630527,174.00771718746094,44.37070680883105,285.946463659252,107.89507021779481,75.56651920681361,0.48627959600880494,145.07215659027293,0.6702090560995136,1.833124723952423,11.636662886270175,0.2524433833879667,0.11098638951768428,0.5010275969277064,2.147440478941761,1.0033131432430669,0.5022789806511538,0.5010275969277064,1.0020551938554128,2.505137984638532,1.0020551938554128,5.511303566204773,1.2356986828033243,4.008244621122601,4.650303406038359,101.0914934362866,31.42834152560509,3.315876416235474,4.50924837234936,38.27655205951998,0.7322201523231983,23438.80111834619,790.0038433476327,4478.057499100418,520.8142585454453,135.99117817997345,6.357129011826146,66.96185479601374,0.9447368631665045,18.31661002534796,28.887199154077514,108.63044318656229,37.76775118053996,0.9394592384613676,0.7117077019789284,16.80620105599257,50.629727444711186,28.36670552402364,114.32315711363532,14.195407853513663,0.26016767704712646,0.9823908476105334,37.81240917166683,14.570522880346083,19.619359676579588,27.83811676559605,109.52306000892683,7.510830097428947,1.8372436048424121,80.34791390684603,21.3991062167093,6.164692672341174,12.061775481592939,3.4515234455019774,0.6012331163132479,0.20041103877108257,4.051838972235245,4.665329195477406,4.914207190768321,2.1645836589083673,1.7070702034207428,2.4511264889336117,1.3423621464483564,381.71818694546545,0.47830929933942756,1.6712684218039837,0.33460661397428526
2020-03-11 20:00:00,0.14472601086077558,35.948198075914306,104.44683179625612,35.94819807591432,104.44683179625612,35.948198075914306,104.4468317962561,35.94819807591432,104.4468317962561,35.94819807591432,104.44683179625612,35.948198075914306,104.44683179625612,35.94819807591431,104.44683179625612,35.9481980759143,104.4468317962561,35.948198075914306,104.44683179625612,0.0,35.948198075914306,104.4468317962561,35.948198075914306,104.44683179625612,35.948198075914306,104.4468317962561,35.94819807591431,104.4468317962561,35.948198075914306,104.4468317962561,35.94819807591431,104.44683179625612,35.94819807591431,104.44683179625609,35.948198075914306,104.44683179625613,35.948198075914306,104.44683179625612,35.94819807591432,104.44683179625612,0.0,35.94819807591432,104.44683179625612,35.948198075914306,104.44683179625612,0.0,35.94819807591432,104.44683179625612,0.0,35.948198075914306,104.44683179625612,0.017336624364450437,35.94819807591431,104.44683179625612,0.0,35.94819807591431,104.4468317962561,0.0,37.17974277273276,-95.94385658908135,31.453704888785747,2.4292972686197385,0.08486443305657844,37.17974277273276,-95.94385658908135,1.0024131084817125,0.0,0.0,37.179742772732766,-95.94385658908135,0.0,0.1632444825145719,37.179742772732766,-95.94385658908135,16.571210917514,0.24855171225580458,0.1674783735818165,37.179742772732766,-95.94385658908138,1.5484956984676554,0.0,0.06808525838678535,56.265814662276235,-106.60339729510285,0.0,0.278865327691594,-25.33538786418398,134.09794991532394,8.263710194347674,0.13963412868125102,-25.335387864183982,134.0979499153239,0.0,51.289159362924785,10.476746666037439,0.0,0.0,56.265814662276235,-106.60339729510287,0.010991905793282115,0.06685542929908385,-25.335387864183975,134.09794991532388,0.0,-25.335387864183975,134.09794991532394,0.0,37.17974277273276,-95.94385658908135,2.0061151933269743,0.0,37.17974277273276,-95.94385658908136,1.0024131084817125,0.0,0.0012924456740937146,37.17974277273276,-95.94385658908135,1.0190740159952614,0.002566098823261293,37.17974277273276,-95.94385658908135,1.0024131084817125,0.0,37.17974277273276,-95.94385658908136,1.028878905703529,0.0,0.0,37.17974277273276,-95.94385658908135,1.0024131084817125,0.0,0.0,37.17974277273276,-95.94385658908135,0.0,37.17974277273276,-95.94385658908135,2.004826216963425,0.0,0.0,56.26581466227622,-106.60339729510287,1.0024131084817125,0.0,56.26581466227621,-106.60339729510285,0.0,37.17974277273276,-95.94385658908135,1.0024131084817125,0.0,0.0011892906696709601,0.0,0.0,61.14719961738447,0.0,0.0,0.0,0.0,37.17974277273276,-95.94385658908136,0.0,37.17974277273276,-95.94385658908135,1.0024131084817125,0.0,0.0,37.17974277273276,-95.94385658908135,1.0024131084817125,0.0,0.0,0.0,0.0,0.0,0.0,37.17974277273276,-95.94385658908135,1.0037030355060235,0.0,0.0,37.17974277273276,-95.94385658908135,11.026544193298841,0.0,0.0,37.17974277273276,-95.94385658908135,5.012065542408562,0.0,0.0,37.17974277273276,-95.94385658908135,2.004826216963425,0.0,0.0,37.17974277273276,-95.94385658908135,0.0,0.0,37.17974277273276,-95.94385658908135,0.0,0.0,37.17974277273276,-95.94385658908135,0.0,0.0,37.17974277273276,-95.94385658908136,36.11614446105423,0.0,0.0,7.045074902586975e+40,2.281566346519765e+41,-7.907368095153635e+40,2.7622439191139113e+41,-4.0455080770687995e+38,-2.5836511436083598e+39,-4.0117269058701977e+39,6.218483114020137e+40,5.9631560215916e+39,9.672463999980857e+40,3.356414109580744e+32,1.3186700723958385e+32,-6.565071808084773,0.1525351612175625,23.04854335094487,2.392320416692597e+50,-6.088843830089376e+52,1.9018951308226475e+48,-3.055283746975266e+52,3.562278718655672e+43,6.628066731322481e+43,0.7635998855727099,0.3371722700993121,172.12389901584888,87.31862871249528,6.602628039458999,0.20725425738895104,215.05621293743096,31.724363099819083,1.0666304757480107,1.7967750612286961,114.9126250097345,72.82662508639469,324.04994159922217,1.020854266356653,32.77970352094789,89.98972212015389,10.912016245587926,145.85935586665707,214.92418404776726,50.000054635121764,4.798999848335594,1.910054807762146,42.71715677988614,0.7816515713019045,40.64604408842396,1.3189061160571482,177.7166423569583,207.11420576573167,1.6929898554116938,206.27616240994922,0.3721869455327783,512.6610291748594,1.1863408562540152,77.1827118880264,206.1469582005723,332.68810285639756,15.542165978050738,37.04144547405162,72.18224217415892,4.877859779654658,12.80897877562943,37.25150837094259,0.3203678469263079,56.32365235475972,41.78762579419001,2.356882802643909,102.61768768471428,1.0547747281598614,172.86083457479023,43.98497532043894,286.10571862747855,107.94433611223224,75.48805610400231,0.4864557433865825,145.0537804254747,0.6695770188018245,1.8341154481251702,11.616509959025823,0.2530007603852821,0.11114471248808441,0.5012065542408563,2.1515773191794234,1.0037020848452627,0.5024896036524871,0.5012065542408563,1.0024131084817125,2.506032771204281,1.0024131084817125,5.513272096649421,1.246945359901928,4.009637912586618,4.718717137008284,101.1290044642122,31.43956711794904,3.3950530306140143,4.5108589881677075,38.29022369947597,0.7470085010291143,23391.657635577205,787.4432790755649,4422.243985275657,520.430407738128,134.9327685532771,6.345224593083069,66.96557299281443,0.9444739206291108,18.346206873282878,28.94117901357157,108.75661891146682,37.9062913202758,0.9424982379155606,0.7100351151942446,16.641396777907538,50.64801421142997,28.395225915370464,114.43665322341896,14.176768871049465,0.25974446543789315,0.9710343733731351,37.796823471760234,14.530769946601172,19.628422293676337,27.885069317321044,109.61923921937644,7.51807899783474,1.8527203093214872,80.33018389386893,21.30804217587251,6.092622537998795,12.066083713205806,3.452756262548121,0.6014478650890277,0.20048262169634248,4.087304819807881,4.621651909345344,4.94751880819619,2.1822685803499784,1.708162966842214,2.449150501111036,1.3426646618981632,381.8758802937169,0.47881416386745446,1.6718643333380054,0.33472561242814625
2020-03-11 21:00:00,0.14427984543531822,35.96236831519921,104.48800316723771,35.96236831519922,104.48800316723771,35.962368315199214,104.48800316723771,35.96236831519922,104.4880031672377,35.96236831519922,104.48800316723772,35.962368315199214,104.48800316723771,35.962368315199214,104.48800316723772,35.96236831519921,104.4880031672377,35.96236831519921,104.48800316723771,0.0,35.96236831519921,104.48800316723771,35.962368315199214,104.48800316723772,35.962368315199214,104.48800316723771,35.962368315199214,104.4880031672377,35.962368315199214,104.4880031672377,35.962368315199214,104.48800316723771,35.962368315199214,104.48800316723768,35.962368315199214,104.48800316723772,35.96236831519921,104.48800316723771,35.96236831519922,104.48800316723772,0.0,35.96236831519922,104.48800316723772,35.962368315199214,104.48800316723771,0.0,35.96236831519923,104.48800316723771,0.0,35.962368315199214,104.48800316723772,0.016356901189055723,35.96236831519922,104.48800316723771,0.0,35.96236831519922,104.48800316723771,0.0,37.19439846842378,-95.98167621505851,32.389420261948466,2.5023225515219214,0.0872397364125409,37.19439846842378,-95.98167621505851,1.0028082446601525,0.0,0.0,37.19439846842378,-95.98167621505851,0.0,0.16837807948495076,37.19439846842378,-95.98167621505851,17.052877992434738,0.2570308512744177,0.17276956344891178,37.19439846842378,-95.98167621505854,1.5637874148227708,0.0,0.0698683772309073,56.2879938005919,-106.64541875178521,0.0,0.2842941021300559,-25.345374693222062,134.15080931133323,8.356742830629802,0.1420401621292938,-25.345374693222066,134.1508093113332,0.0,51.30937677853376,10.480876442079945,0.0,0.0,56.2879938005919,-106.6454187517852,0.009924841993075105,0.062430238240986674,-25.34537469322206,134.15080931133318,0.0,-25.34537469322206,134.15080931133323,0.0,37.19439846842377,-95.98167621505851,2.0069397442988928,0.0,37.19439846842378,-95.98167621505853,1.0028082446601525,0.0,0.0013206358271231546,37.19439846842378,-95.98167621505851,1.0199287933590977,0.00263606593388527,37.19439846842378,-95.98167621505851,1.0028082446601525,0.0,37.19439846842377,-95.98167621505853,1.0279243153280186,0.0,0.0,37.19439846842378,-95.98167621505851,1.0028082446601525,0.0,0.0,37.19439846842377,-95.98167621505851,0.0,37.19439846842378,-95.98167621505851,2.005616489320305,0.0,0.0,56.28799380059189,-106.64541875178521,1.0028082446601525,0.0,56.28799380059188,-106.64541875178521,0.0,37.19439846842378,-95.98167621505851,1.0028082446601525,0.0,0.0012228115785049539,0.0,0.0,61.1713029242693,0.0,0.0,0.0,0.0,37.19439846842378,-95.98167621505853,0.0,37.19439846842378,-95.98167621505851,1.0028082446601525,0.0,0.0,37.19439846842378,-95.98167621505851,1.0028082446601525,0.0,0.0,0.0,0.0,0.0,0.0,37.19439846842378,-95.98167621505851,1.0041207322251373,0.0,0.0,37.19439846842378,-95.98167621505851,11.030890691261678,0.0,0.0,37.19439846842378,-95.98167621505851,5.014041223300761,0.0,0.0,37.19439846842378,-95.98167621505851,2.005616489320305,0.0,0.0,37.19439846842378,-95.98167621505851,0.0,0.0,37.19439846842378,-95.98167621505851,0.0,0.0,37.19439846842378,-95.98167621505851,0.0,0.0,37.19439846842377,-95.98167621505853,36.13102306510013,0.0,0.0,7.291788009704229e+40,2.361465045998085e+41,-8.180350393475507e+40,2.8576035488278083e+41,-4.156981366533156e+38,-2.654843213014646e+39,-4.136257365322778e+39,6.411514837628714e+40,6.183627964015884e+39,1.0030077806895062e+41,3.4706434268895066e+32,1.3635485579484119e+32,-6.568541357997915,0.15170859587965524,23.053875783236517,2.476097638565078e+50,-6.299046082325423e+52,1.9543015288349966e+48,-3.150124671518781e+52,3.6835142553953256e+43,6.833759038456106e+43,0.7665655967178818,0.33736664827142454,172.21000984358554,87.14070857238984,6.670272957343638,0.2071357931966074,214.8798919239714,31.617057121027607,1.0647099249221932,1.79802932222411,115.04807112433325,72.9100973405498,323.8914201196262,1.017985372186997,32.821010856571,90.03622281968909,10.879133980240182,145.85833767987364,214.84288855194927,49.76254687591452,4.803287363722498,1.913140140187841,42.80923278245918,0.7819580449906187,40.63317019559028,1.313604734118313,176.78480863783514,206.13693481487292,1.6861324894396978,206.18934254217092,0.37160069656606143,512.925183992227,1.187114895978999,76.74736524279342,205.53685990420942,332.7103402608547,15.565794312346906,36.93742230101855,72.19700926986576,4.874722730984291,12.811792233982043,37.269139894944175,0.3206641327011089,56.34188879090056,41.46447396672002,2.3666050551821938,103.73679628869175,1.0515548553741916,171.89468081890982,43.66298361447587,286.2608975516326,107.99874146025894,75.4259222167803,0.4866501284758301,145.05281159979418,0.6691190833046091,1.8352083235761578,11.595140282033098,0.2536132364099425,0.11131931351337088,0.5014041223300763,2.155148551056001,1.0041314996387414,0.5027221552970189,0.5014041223300763,1.0028082446601525,2.5070206116503804,1.0028082446601525,5.515445345630839,1.2562687647531388,4.011175941467824,4.775977024317649,101.17041664647626,31.451960122686977,3.4624492813587637,4.512637100970687,38.305317130054846,0.7593355180354737,23354.58166733359,785.3760595308883,4375.570996165136,520.1507633288068,134.040617484983,6.337432754533784,66.97202349575683,0.9442533870973255,18.378912433002984,28.98896715725485,108.86982645563191,38.02820574482721,0.9451656340284404,0.7086360363154368,16.49977421912129,50.66819605056866,28.42207502675076,114.54324639304102,14.1615526707852,0.2593981098805338,0.9611139459972486,37.79089213735804,14.50426780902361,19.635686822224606,27.92750984897534,109.71075397376677,7.524974571867663,1.866196537054911,80.32474587717759,21.23685113843758,6.036591448150083,12.07083998202036,3.454117287162747,0.6016849467960915,0.20056164893203046,4.117138999786205,4.585274458471969,4.975865886174369,2.1975801078891566,1.709368586756923,2.4469575660700036,1.342997989563405,382.04994005815047,0.4793711224604389,1.6725221475220995,0.3348569514309734
2020-03-11 22:00:00,0.14405922047952843,35.97791936049408,104.53318644481783,35.97791936049409,104.53318644481783,35.977919360494084,104.53318644481783,35.97791936049409,104.53318644481782,35.97791936049409,104.53318644481784,35.977919360494084,104.53318644481783,35.97791936049409,104.53318644481784,35.97791936049408,104.53318644481782,35.97791936049408,104.53318644481783,0.0,35.97791936049408,104.53318644481783,35.977919360494084,104.53318644481784,35.977919360494084,104.53318644481783,35.97791936049409,104.53318644481782,35.977919360494084,104.53318644481782,35.977919360494084,104.53318644481783,35.977919360494084,104.5331864448178,35.977919360494084,104.53318644481786,35.97791936049408,104.53318644481784,35.97791936049409,104.53318644481784,0.0,35.97791936049409,104.53318644481784,35.977919360494084,104.53318644481783,0.0,35.9779193604941,104.53318644481783,0.0,35.977919360494084,104.53318644481784,0.015620217614194238,35.97791936049409,104.53318644481784,0.0,35.97791936049409,104.53318644481783,0.0,37.21048227498035,-96.02318113990705,33.143068307334815,2.5611608206201772,0.0891570671138353,37.21048227498035,-96.02318113990705,1.0032418845221909,0.0,0.0,37.21048227498036,-96.02318113990705,0.0,0.17244809823880197,37.21048227498036,-96.02318113990705,17.4364797412176,0.263786988366451,0.17697435147579826,37.21048227498036,-96.02318113990708,1.5761948810512707,0.0,0.07128031438204775,56.31233416476031,-106.69153495088989,0.0,0.2884824431909082,-25.35633467968389,134.20881954285247,8.428613463272221,0.14371212505304215,-25.356334679683894,134.20881954285244,0.0,51.331564261720104,10.485408640372675,0.0,0.0,56.31233416476031,-106.69153495088987,0.009074852958666613,0.058848059777425146,-25.356334679683886,134.2088195428524,0.0,-25.356334679683886,134.20881954285247,0.0,37.21048227498035,-96.02318113990705,2.0078446726056005,0.0,37.21048227498035,-96.02318113990707,1.0032418845221909,0.0,0.0013515985116416738,37.21048227498035,-96.02318113990705,1.020867250173784,0.002712910186743992,37.21048227498035,-96.02318113990705,1.0032418845221909,0.0,37.21048227498035,-96.02318113990707,1.0268717925363704,0.0,0.0,37.21048227498035,-96.02318113990705,1.0032418845221909,0.0,0.0,37.21048227498035,-96.02318113990705,0.0,37.21048227498035,-96.02318113990705,2.0064837690443817,0.0,0.0,56.312334164760294,-106.6915349508899,1.0032418845221909,0.0,56.31233416476029,-106.69153495088989,0.0,37.21048227498035,-96.02318113990705,1.0032418845221909,0.0,0.0012596145374943156,0.0,0.0,61.19775495585365,0.0,0.0,0.0,0.0,37.21048227498035,-96.02318113990707,0.0,37.21048227498035,-96.02318113990705,1.0032418845221909,0.0,0.0,37.21048227498035,-96.02318113990705,1.0032418845221909,0.0,0.0,0.0,0.0,0.0,0.0,37.21048227498035,-96.02318113990705,1.004579151291777,0.0,0.0,37.21048227498035,-96.02318113990705,11.035660729744102,0.0,0.0,37.21048227498035,-96.02318113990705,5.016209422610954,0.0,0.0,37.21048227498035,-96.02318113990705,2.0064837690443817,0.0,0.0,37.21048227498035,-96.02318113990705,0.0,0.0,37.21048227498035,-96.02318113990705,0.0,0.0,37.21048227498035,-96.02318113990705,0.0,0.0,37.21048227498035,-96.02318113990707,36.14735141548126,0.0,0.0,7.491065293476443e+40,2.426001527237426e+41,-8.401124650494598e+40,2.9347255876161173e+41,-4.249150513930644e+38,-2.7137067521653252e+39,-4.237980004644763e+39,6.569192698006428e+40,6.360892554633698e+39,1.0317607659378197e+41,3.5631521246340416e+32,1.3998934329159611e+32,-6.572349063260881,0.15109231330877126,23.05972208679555,2.543766914072177e+50,-6.469047017721e+52,1.9976325639751775e+48,-3.227595430100357e+52,3.7816969451669004e+43,7.001789328476791e+43,0.7690892512972849,0.3375799665007175,172.3044836096144,86.9551552423449,6.725204116024766,0.20701140787927097,214.75816113080248,31.541431193163632,1.0632911077640683,1.7994047686293753,115.19649917254544,72.98009768822591,323.81220269746814,1.0159180230379223,32.86628308621209,90.08723700263421,10.846470297353873,145.888501533056,214.80833523592042,49.58075995870648,4.807962931167268,1.9159096741657382,42.89649143865467,0.7822759558976988,40.630922475780245,1.3097214072577446,176.08157265205725,205.40332465949913,1.6806618776081361,206.14324615399448,0.37116203849864865,513.214961457954,1.187871031209493,76.41034581479313,205.23027203428086,332.74011722759553,15.591693774103396,36.884583796117674,72.21359065319967,4.872941665955747,12.814859823731803,37.28847070137185,0.32098809656150395,56.36071227648749,41.202396237185305,2.37447646318776,104.61697744206495,1.0490265525453188,171.1147921311779,43.407852081872285,286.4181693558022,108.05846642850796,75.38073980866514,0.486863313474239,145.07366060672769,0.6688885574631961,1.836406717386696,11.572392981655113,0.2542821525914861,0.11151072696745015,0.5016209422610954,2.1581015907042818,1.0046027880834107,0.5029773973544676,0.5016209422610954,1.0032418845221909,2.508104711305477,1.0032418845221909,5.517830364872051,1.2635000787480242,4.012863645453107,4.821025895192793,101.21586432081789,31.465560752439544,3.516403276041258,4.51458848034986,38.32188132617516,0.7689930113347043,23329.177842262176,783.8832983136356,4339.628115443097,519.9792674456069,133.32113213205875,6.33433318044731,66.98107370601026,0.9440699806733941,18.414839964580292,29.03042182504939,108.97025549772606,38.13139368669993,0.9474121784042305,0.7075209789975785,16.382234782650198,50.69033279197218,28.44741295034162,114.64357329680777,14.149622019353126,0.2591254979105189,0.952554804010963,37.79614032470918,14.493311732485374,19.64262712353638,27.96539767981875,109.79834804465106,7.5314545587268285,1.8774400525377968,80.33173760766378,21.185625143585206,5.997482295550616,12.076059721100453,3.455610935576435,0.6019451307133146,0.20064837690443815,4.140863553900405,4.556492632468381,4.998831077864875,2.2103561191793597,1.710690848740982,2.4445377686538827,1.3433630498802769,382.24092318643113,0.47998189286579585,1.6732439841605011,0.335001049819155
2020-03-11 23:00:00,0.1440888716206796,35.99488599809402,104.58248269994048,35.994885998094034,104.58248269994048,35.99488599809402,104.58248269994047,35.994885998094034,104.58248269994047,35.994885998094034,104.58248269994048,35.99488599809402,104.58248269994047,35.99488599809403,104.58248269994048,35.99488599809401,104.58248269994047,35.99488599809402,104.58248269994047,0.0,35.99488599809402,104.58248269994047,35.99488599809403,104.5824826999405,35.99488599809403,104.58248269994047,35.99488599809403,104.58248269994047,35.99488599809402,104.58248269994047,35.99488599809403,104.58248269994048,35.99488599809403,104.58248269994046,35.99488599809402,104.5824826999405,35.99488599809402,104.58248269994048,35.994885998094034,104.58248269994048,0.0,35.994885998094034,104.58248269994048,35.99488599809403,104.58248269994048,0.0,35.99488599809404,104.58248269994048,0.0,35.99488599809403,104.58248269994048,0.015136390312963363,35.994885998094034,104.58248269994048,0.0,35.994885998094034,104.58248269994047,0.0,37.2280301704368,-96.06846420642545,33.69564904921107,2.604302005116195,0.09056430866332602,37.2280301704368,-96.06846420642545,1.0037149980813498,0.0,0.0,37.22803017043681,-96.06846420642545,0.0,0.17534519268200316,37.22803017043681,-96.06846420642545,17.711932584143604,0.26864830359522684,0.17997654129837937,37.22803017043681,-96.06846420642547,1.5855779036872422,0.0,0.07230308118404491,56.33889020199546,-106.74184905022275,0.0,0.29134806691700954,-25.368292340077264,134.2721103735724,8.478108710515276,0.14460776591871144,-25.36829234007727,134.27211037357236,0.0,51.35577144389593,10.490353399037176,0.0,0.0,56.33889020199546,-106.74184905022274,0.008448576491226205,0.05613440327439739,-25.368292340077264,134.27211037357233,0.0,-25.368292340077264,134.2721103735724,0.0,37.2280301704368,-96.06846420642545,2.008832010692315,0.0,37.2280301704368,-96.06846420642546,1.0037149980813498,0.0,0.0013854097173058716,37.2280301704368,-96.06846420642543,1.0218915946333267,0.0027968200895942606,37.2280301704368,-96.06846420642545,1.0037149980813498,0.0,37.2280301704368,-96.06846420642545,1.0257177939112356,0.0,0.0,37.2280301704368,-96.06846420642545,1.0037149980813498,0.0,0.0,37.2280301704368,-96.06846420642543,0.0,37.2280301704368,-96.06846420642545,2.0074299961626996,0.0,0.0,56.33889020199545,-106.74184905022275,1.0037149980813498,0.0,56.33889020199544,-106.74184905022275,0.0,37.2280301704368,-96.06846420642545,1.0037149980813498,0.0,0.0012997876973644476,0.0,0.0,61.22661488296234,0.0,0.0,0.0,0.0,37.2280301704368,-96.06846420642546,0.0,37.2280301704368,-96.06846420642545,1.0037149980813498,0.0,0.0,37.2280301704368,-96.06846420642545,1.0037149980813498,0.0,0.0,0.0,0.0,0.0,0.0,37.2280301704368,-96.06846420642545,1.005079323181426,0.0,0.0,37.2280301704368,-96.06846420642545,11.040864978894849,0.0,0.0,37.2280301704368,-96.06846420642545,5.018574990406749,0.0,0.0,37.2280301704368,-96.06846420642545,2.0074299961626996,0.0,0.0,37.2280301704368,-96.06846420642545,0.0,0.0,37.2280301704368,-96.06846420642545,0.0,0.0,37.2280301704368,-96.06846420642545,0.0,0.0,37.2280301704368,-96.06846420642546,36.165166019074604,0.0,0.0,7.639331680680606e+40,2.4740179932143697e+41,-8.565821329350826e+40,2.9922583082627887e+41,-4.320966110158418e+38,-2.7595715592026764e+39,-4.315391344647942e+39,6.689186187577977e+40,6.491477171058419e+39,1.0529420832930263e+41,3.632358467487397e+32,1.4270832641349952e+32,-6.576503409241954,0.15070856959794346,23.066094114040077,2.5941142432521014e+50,-6.595867009508732e+52,2.031394882621119e+48,-3.286550990758588e+52,3.855148037402146e+43,7.129676243896558e+43,0.7711489118500966,0.33781270566718175,172.40752686390522,86.76087390381568,6.766375104210317,0.20688029839064875,214.6925872142277,31.503414958447483,1.0623916810548548,1.800904293118859,115.35820015318652,73.04364341138206,323.8247212788356,1.014791394800164,32.91561029661796,90.14287553308269,10.813774264811663,145.95284854508398,214.82833979140992,49.465674438104564,4.813030363837183,1.9183525695354007,42.97874182877574,0.7826252349064138,40.6396985957324,1.3074413974258483,175.63739845982448,204.93929032644516,1.6766183564111283,206.1392576348253,0.37087522189012256,513.5309888424534,1.1886408928725953,76.18964415048202,205.2552345554105,332.7771234826193,15.619916395927495,36.88856294186346,72.23198828764008,4.872752504034332,12.818178190774969,37.30953991543138,0.32134020081502995,56.38128510913544,41.00317814429021,2.3802778713945636,105.23089259181559,1.0472065789066503,170.52568462880618,43.221982806304915,286.5820653002738,108.12364848682235,75.3529956351424,0.487095706651048,145.11954382850584,0.6689242768828189,1.8377131155305138,11.548151425041926,0.2550082749427487,0.11171934676845093,0.5018574990406749,2.1603973567928403,1.0051170126109665,0.5032559090854721,0.5018574990406749,1.0037149980813498,2.5092874952033744,1.0037149980813498,5.520432489447424,1.2685138903509023,4.014704736970889,4.85308201789678,101.26544909318332,31.48039943059701,3.5556677213985526,4.516717491366075,38.33995334045965,0.7758260115035793,23316.635304420834,783.0250901993775,4315.592443749581,519.9189967433641,132.77934080209388,6.33635039874054,66.992641316677,0.9439202408326143,18.4540774626821,29.0654175926903,109.05798088743222,38.21430667530207,0.9492016528511207,0.7066981893494209,16.289487479500778,50.71446829219197,28.471340311483395,114.73803176474516,14.140895575660828,0.258924780132708,0.9453114579451303,37.813684918342254,14.499581181208546,19.650336557753107,27.998681314121846,109.88250436951745,7.537473550489084,1.886280682100882,80.3512954160568,21.15450056134388,5.975966446541316,12.081754606534771,3.457240548946871,0.6022289988488099,0.2007429996162699,4.158122427733681,4.535538334186321,5.016103170878263,2.220473231111145,1.7121325674290135,2.4418824846616727,1.3437604745518748,382.44924824324886,0.4806477427139057,1.6740314411607289,0.3351582215396895
